0.0	0.0	0.0
0.01002	0.00010398332396209428	0.0002486858422377038
0.02004	9.00770202269053e-05	0.00048287180246617733
0.03006	2.9995218253409764e-05	0.0006563230001376524
0.04008	2.205383813931338e-05	0.0006941944030330486
0.0501	0.0001661006373206692	0.0005078062809345185
0.06012	0.0005105760481057306	9.660693574490866e-05
0.07014	0.0010057098878058497	0.0007050338016973978
0.08016	0.001521700359728076	0.0015262692977682977
0.09018	0.0019304881224629256	0.0022416059846916223
0.1002	0.0021718012519110646	0.002657370016874561
0.11022	0.0022537397841577524	0.0026402665650774966
0.12024	0.0022140711129702124	0.002125755020783307
0.130261	0.002085263155446315	0.0011328831528360486
0.140281	0.001882536287869213	0.0005084790167377964
0.150301	0.0016139638552607701	0.002098132800005331
0.160321	0.001301461166454468	0.003842898718937068
0.170341	0.0009980742295643726	0.005425867806373948
0.180361	0.0007911293342650268	0.006637968922187923
0.190381	0.0007899374474574532	0.007323068786965544
0.200401	0.0011039398109265529	0.007383598623445804
0.210421	0.001818805438603828	0.006781114017430302
0.220441	0.002976169911581319	0.0055409150862206985
0.230461	0.0045607467940159295	0.003789225212879879
0.240481	0.006497383982154628	0.002077573016380925
0.250501	0.008659333852260639	0.00275646379928281
0.260521	0.010886722494373982	0.005355166064918385
0.270541	0.013011348391905602	0.008233220802334032
0.280561	0.014881911177888783	0.010970273606556596
0.290581	0.016383804360023832	0.013333796619701934
0.300601	0.0174497668750016	0.015148627165687429
0.310621	0.018060836499576474	0.016284301685369675
0.320641	0.018239712715129294	0.016654425945128788
0.330661	0.018039942453570847	0.01621693558620611
0.340681	0.017534288325345856	0.014975378541752389
0.350701	0.016804761702739313	0.012985155160826024
0.360721	0.015935692901248702	0.010378001250205555
0.370741	0.0150102389221693	0.007465347868102577
0.380762	0.01411002680738634	0.005224060770052782
0.390782	0.01331718984965352	0.005920382362323785
0.400802	0.012717827779478929	0.009363397246366914
0.410822	0.012405871899066228	0.013722172203136547
0.420842	0.012486433618061708	0.01827189784771059
0.430862	0.01307792689675845	0.022701223861446476
0.440882	0.01431253469415738	0.026811729187044074
0.450902	0.0163348806805798	0.030453677559638882
0.460922	0.019299019652704454	0.03351054328102767
0.470942	0.02336404157846123	0.035894920250646695
0.480962	0.028688687120397672	0.03754748062590348
0.490982	0.03542540827677876	0.038437013892110274
0.501002	0.043714297340978384	0.03856135664082476
0.511022	0.0536772713146999	0.03794972045883944
0.521042	0.06541285146636894	0.036667429438515864
0.531062	0.07899182527381235	0.03482469194063713
0.541082	0.09445402087519224	0.03259170674688216
0.551102	0.11180636004032424	0.0302220736899313
0.561122	0.13102228277636524	0.028080734384291112
0.571142	0.15204255587414117	0.026650977621651615
0.581162	0.174777393210133	0.026457078256164286
0.591182	0.19910973439775562	0.02786322397367167
0.601202	0.2248994586058026	0.03089192045412197
0.611222	0.2519882595870988	0.03527003301003066
0.621242	0.28020488147326694	0.04062237937264022
0.631263	0.30937041465789167	0.04660696576639744
0.641283	0.3393033754945145	0.05295243004759082
0.651303	0.3698243378817945	0.059450505448070366
0.661323	0.4007599423692972	0.06594006727886145
0.671343	0.4319461717239434	0.07229418921609564
0.681363	0.4632308439500904	0.07841144410036668
0.691383	0.4944753289372589	0.08421033379797152
0.701403	0.5255555394754514	0.08962569084451043
0.711423	0.5563622795446327	0.09460625701751067
0.721443	0.5868010524896908	0.09911295478123323
0.731463	0.6167914401649	0.10311757123983398
0.741483	0.6462661634004219	0.10660169649927698
0.751503	0.6751699265751756	0.10955582889305877
0.761523	0.7034581370185947	0.11197859919765203
0.771543	0.7310955754827123	0.11387608765136026
0.781563	0.758055078699697	0.11526121894744361
0.791583	0.7843162803027577	0.1161532258443137
0.801603	0.8098644429598874	0.11657717414486186
0.811623	0.8346894029167841	0.11656354190638013
0.821643	0.8587846384587074	0.11614784450481377
0.831663	0.88214646607452	0.11537029480619235
0.841683	0.9047733622038521	0.11427548414672374
0.851703	0.9266654041609854	0.11291206492391563
0.861723	0.9478238209147302	0.11133240921597949
0.871743	0.9682506426169348	0.10959221006383804
0.881764	0.9879484368819513	0.10774998345916267
0.891784	1.0069201196183846	0.1058664211318431
0.901804	1.0251688285244136	0.10400353960369238
0.911824	1.042697848029403	0.10222357379329282
0.921844	1.0595105753755758	0.10058757895904358
0.931864	1.0756105185868796	0.0991537379912863
0.941884	1.0910013181918317	0.09797542420008484
0.951904	1.105686785695394	0.09709913853064982
0.961924	1.1196709528888906	0.09656251093987742
0.971944	1.1329581271164986	0.09639260608862518
0.981964	1.1455529485616034	0.09660477895757827
0.991984	1.1574604464642662	0.09720227140084645
1.002004	1.1686860919265578	0.09817663145894703
1.012024	1.1792358456048715	0.09950890161550129
1.022044	1.189116199130796	0.10117140041062225
1.032064	1.198334209550477	0.10312984826751681
1.042084	1.2068975264345656	0.10534557693883725
1.052104	1.2148144115957678	0.10777760352009758
1.062124	1.2220937515682113	0.11038442113937995
1.072144	1.2287450631620578	0.11312543418943426
1.082164	1.234778492517317	0.115962028664462
1.092184	1.2402048081515096	0.11885831021112328
1.102204	1.24503538853476	0.12178156432518994
1.112224	1.2492822047402057	0.12470249939959185
1.122244	1.2529577987136267	0.1275953297687023
1.132265	1.2560752576891143	0.1304377473824433
1.142285	1.2586481852519407	0.1332108206861361
1.152305	1.2606906695189806	0.13589884967020396
1.162325	1.26221724887384	0.138489197827207
1.172345	1.2632428756604235	0.14097211518610872
1.182365	1.2637828782063032	0.14334056159940445
1.192385	1.26385292151708	0.14559003579555999
1.202405	1.2634689669553845	0.14771841309625966
1.212425	1.2626472311935184	0.14972579287465188
1.222445	1.2614041447069901	0.15161435558055045
1.232465	1.2597563100570945	0.15338822831329926
1.242485	1.2577204601940095	0.15505335735901712
1.252505	1.2553134169971216	0.15661738573945952
1.262525	1.2525520502561605	0.1580895335875863
1.272545	1.249453237284696	0.15948047903573442
1.282565	1.2460338233463268	0.16080223725916915
1.292585	1.2423105830630414	0.16206803535688008
1.302605	1.238300182964532	0.16329218087816222
1.312625	1.2340191453263971	0.1644899220291254
1.322645	1.229483813434018	0.16567729793142275
1.332665	1.2247103183973456	0.16687097776857487
1.342685	1.2197145476297715	0.16808808825025207
1.352705	1.2145121150917084	0.169346029549198
1.362725	1.2091183333864912	0.17066228070309608
1.372745	1.203548187782799	0.17205419639198397
1.382766	1.1978163122240675	0.1735387979503855
1.392786	1.191936967371503	0.17513256238507513
1.402806	1.1859240207133328	0.17685121396495668
1.412826	1.1797909287591313	0.1787095235450314
1.422846	1.1735507213244636	0.18072112110372499
1.432866	1.167215987897898	0.18289832695148858
1.442886	1.1607988660697888	0.18525200667684252
1.452906	1.154311031990219	0.1877914541390869
1.462926	1.1477636928122537	0.1905243057398963
1.472946	1.1411675810662743	0.19345648789092512
1.482966	1.134532950901736	0.19659219815068915
1.492986	1.1278695761242121	0.19993391905411295
1.503006	1.1211867499482184	0.20348246232210818
1.513026	1.1144932863799286	0.20723704001823656
1.523046	1.1077975231386294	0.21119535838717993
1.533066	1.10110732602152	0.21535372960200946
1.543086	1.0944300946132743	0.21970719646484269
1.553106	1.0877727692395731	0.22424966521829645
1.563126	1.0811418390625602	0.2289740419806314
1.573146	1.0745433512158151	0.23387236885054483
1.583166	1.067982920876884	0.23893595637016318
1.593186	1.0614657421766396	0.2441555097236089
1.603206	1.0549965998466297	0.2495212467303862
1.613226	1.0485798815080922	0.25502300632739067
1.623246	1.0422195905093476	0.26065034679362825
1.633267	1.0359193592217835	0.2663926334430073
1.643287	1.0296824627085257	0.27223911588825817
1.653307	1.0235118326840753	0.2781789952662429
1.663327	1.0174100716876437	0.2842014820197972
1.673347	1.011379467397516	0.2902958449649953
1.683367	1.0054220070185302	0.2964514524476266
1.693387	0.9995393916795463	0.30265780642099605
1.703407	0.993733050782615	0.308904570270205
1.713427	0.9880041562503483	0.31518159117575306
1.723447	0.9823536366227139	0.3214789177598624
1.733467	0.9767821909591207	0.32778681369914786
1.743487	0.9712903025061455	0.33409576792219237
1.753507	0.965878252095611	0.3403965019441942
1.763527	0.9605461312418878	0.3466799748258709
1.773547	0.955293854911283	0.35293738618203185
1.783567	0.9501211739401503	0.3591601776079471
1.793587	0.9450276870819397	0.3653400328393439
1.803607	0.9400128526667436	0.3714688769149064
1.813627	0.935075999860046	0.37753887456842566
1.823647	0.9302163395102878	0.38354242804107475
1.833667	0.9254329745775681	0.38947217447232496
1.843687	0.9207249101382813	0.3953209830003504
1.853707	0.9160910629627709	0.4010819516790349
1.863727	0.9115302706651591	0.4067484042983817
1.873747	0.9070413004263851	0.41231388717791634
1.883768	0.9026228572931909	0.4177721659881267
1.893788	0.8982735920573056	0.423117222642757
1.903808	0.8939921087204341	0.4283432522945914
1.913828	0.889776971551847	0.4334446604588982
1.923848	0.885626711746419	0.4384160602817277
1.933868	0.8815398336918656	0.4432522699645753
1.943888	0.8775148208547074	0.44794831035230437
1.953908	0.8735501412951567	0.4524994026875444
1.963928	0.8696442528216589	0.45690096653189355
1.973948	0.8657956077962823	0.4611486178520272
1.983968	0.8620026576024958	0.46523816726716416
1.993988	0.8582638567871533	0.46916561845317434
2.004008	0.8545776668886886	0.4729271666978643
2.014028	0.8509425599636623	0.4765191976015556
2.024048	0.8473570218238516	0.47993828591699966
2.034068	0.8438195549960923	0.48318119452278835
2.044088	0.8403286814170285	0.48624487352483625
2.054108	0.8368829448748479	0.4891264594810478
2.064128	0.833480913209941	0.4918232747450448
2.074148	0.8301211802862715	0.4943328269257017
2.084168	0.8268023677450431	0.49665280846026166
2.094188	0.8235231265520403	0.4987810962999386
2.104208	0.8202821383497633	0.5007157517081716
2.114228	0.817078116625233	0.5024550201730384
2.124248	0.8139098077040533	0.5039973314367985
2.134269	0.8107759915810333	0.5053412996470792
2.144289	0.8076754825973667	0.5064857236358753
2.154309	0.8046071299740591	0.5074295873342707
2.164329	0.8015698182109743	0.5081720603326508
2.174349	0.7985624673605484	0.5087124985981347
2.184369	0.7955840331848986	0.5090504453630241
2.194389	0.7926335072047235	0.5091856322002897
2.204409	0.7897099166480674	0.5091179803044271
2.214429	0.7868123243066917	0.5088476019985382
2.224449	0.7839398283074736	0.5083748024911157
2.234469	0.7810915618059319	0.5077000819088668
2.244489	0.7782666926086603	0.5068241376349241
2.254509	0.7754644227311318	0.5057478669850559
2.264529	0.7726839878970341	0.5044723702579565
2.274549	0.7699246569849899	0.5029989541994538
2.284569	0.7671857314282189	0.5013291359244897
2.294589	0.7644665445724056	0.4994646473450465
2.304609	0.7617664609967586	0.49740744015686206
2.314629	0.7590848758029631	0.49515969144276395
2.324649	0.7564212138764639	0.4927238099558062
2.334669	0.7537749291242527	0.49010244315114354
2.344689	0.7511455036930794	0.4872984850416861
2.354709	0.7485324471717624	0.4843150849590829
2.364729	0.7459352957810321	0.48115565730843224
2.374749	0.7433536115541146	0.47782389241231676
2.38477	0.740786981511043	0.4743237685472006
2.39479	0.7382350168294636	0.4706595652828555
2.40481	0.7356973520145064	0.46683587824313894
2.41483	0.7331736440700894	0.4628576354139345
2.42485	0.7306635716738374	0.45873011513116363
2.43487	0.7281668343576156	0.4544589658880242
2.44489	0.7256831516955075	0.4500502281056801
2.45491	0.7232122625008991	0.44551035801474137
2.46493	0.7207539240341791	0.4408462537953573
2.47495	0.7183079112224106	0.4360652841204616
2.48497	0.715874015892191	0.43117531923844277
2.49499	0.713452046016787	0.42618476471655553
2.50501	0.7110418249784946	0.4211025979427259
2.51503	0.7086431908470651	0.4159384074485482
2.52505	0.7062559956749181	0.4107024350671569
2.53507	0.7038801048097622	0.40540562087266074
2.54509	0.7015153962251366	0.4000596507586682
2.55511	0.6991617598693044	0.39467700639717807
2.56513	0.6968190970328297	0.38927101717021356
2.57515	0.6944873197351008	0.3838559134790224
2.58517	0.6921663501299764	0.3784468806032466
2.59519	0.6898561199306685	0.3730601119992103
2.60521	0.6875565698539089	0.3677128605874814
2.61523	0.6852676490833851	0.36242348618214865
2.625251	0.6829893147523798	0.3572114967586152
2.635271	0.6807215314454933	0.3520975807491866
2.645291	0.6784642707192916	0.3471036270105629
2.655311	0.6762175106416676	0.34225272854948374
2.665331	0.6739812353496791	0.3375691655610733
2.675351	0.6717554346255852	0.3330783628844285
2.685371	0.6695401034907764	0.3288068166856558
2.695391	0.6673352418172652	0.32478198513202294
2.705411	0.6651408539563802	0.32103213812878756
2.715431	0.662956948384291	0.3175861619651818
2.725451	0.6607835373639656	0.3144733160617966
2.735471	0.6586206366231542	0.3117229410022603
2.745491	0.6564682650479794	0.30936411968519006
2.755511	0.6543264443916965	0.3074252966807151
2.765531	0.6521951989981911	0.3059338645432324
2.775551	0.6500745555397655	0.304915729621972
2.785571	0.6479645427687633	0.30439487341692756
2.795591	0.6458651912825866	0.3043929282723369
2.805611	0.6437765333016462	0.3049287877031676
2.815631	0.6416986024597985	0.3060182715186882
2.825651	0.6396314336068192	0.3076738639273451
2.835671	0.6375750626224641	0.309904539015701
2.845691	0.6355295262416789	0.31271568270540434
2.855711	0.63349486189052	0.31610911406526704
2.865731	0.6314711075323537	0.3200832024053212
2.875752	0.6294583015239132	0.3246330706499692
2.885772	0.6274564824807971	0.3297508707185465
2.895792	0.6254656891519972	0.3354261134665374
2.905812	0.6234859603030651	0.34164603433082164
2.915832	0.621517334607519	0.34839597609286627
2.925852	0.6195598505461145	0.35565977183708264
2.935872	0.6176135463136123	0.3634201138288633
2.945892	0.6156784597326751	0.37165889722438533
2.955912	0.6137546281745524	0.3803575308452467
2.965932	0.6118420884862065	0.38949721038239776
2.975952	0.609940876923558	0.3990591521166367
2.985972	0.608051029090528	0.40902478744026416
2.995992	0.6061725798835718	0.41937592010489
3.006012	0.6043055634414078	0.4300948492348435
3.016032	0.6024500130996581	0.4411644618034839
3.026052	0.6006059613501188	0.45256829855854647
3.036072	0.5987734398044061	0.4642905973927404
3.046092	0.5969524791617123	0.47631631797044843
3.056112	0.5951431091804371	0.48863115111126515
3.066132	0.593345358653455	0.5012215160525365
3.076152	0.5915592553867955	0.5140745483082341
3.086172	0.5897848261815252	0.5271780804400598
3.096192	0.5880220968186185	0.5405206176780855
3.106212	0.5862710920466319	0.5540913099838106
3.116232	0.5845318355719845	0.5678799218438306
3.126253	0.582804350051675	0.581876800818666
3.136273	0.5810886570882594	0.5960728456474435
3.146293	0.579384777226933	0.610459474521979
3.156313	0.5776927299545576	0.6250285939896691
3.166333	0.5760125337004933	0.639772568819255
3.176353	0.574344205839096	0.654684193062876
3.186373	0.5726877626937441	0.6697566624680499
3.196393	0.5710432195422797	0.6849835483307785
3.206413	0.5694105906237374	0.7003587728328351
3.216433	0.5677898891462556	0.7158765858697473
3.226453	0.5661811272960662	0.7315315433488069
3.236473	0.564584316247458	0.7473184869167563
3.246493	0.562999466173628	0.763232525062983
3.256513	0.5614265862583268	0.7792690155348789
3.266533	0.5598656847082217	0.7954235489964057
3.276553	0.5583167687658945	0.8116919338580515
3.286573	0.5567798447234059	0.8280701822055252
3.296593	0.5552549179363543	0.844554496755251
3.306613	0.553741992838372	0.8611412587665249
3.316633	0.5522410729559913	0.8778270168427804
3.326653	0.5507521609238326	0.8946084765574891
3.336673	0.5492752585000554	0.911482490843628
3.346693	0.5478103665820314	0.9284460510892291
3.356713	0.5463574852221905	0.9454962788851474
3.366733	0.544916613643999	0.9626304183747916
3.376754	0.5434877502580326	0.9798458291590659
3.386774	0.5420708926781083	0.9971399797131858
3.396794	0.5406660377374418	1.0145104412752357
3.406814	0.5392731815048002	1.0319548821694158
3.416834	0.5378923193006246	1.049471062529792
3.426854	0.5365234457130942	1.067056829393075
3.436874	0.5351665546141103	1.0847101121314446
3.446894	0.5338216391751781	1.1024289181987812
3.456914	0.5324886918831684	1.1202113291658218
3.466934	0.5311677045559414	1.1380554970217507
3.476954	0.5298586683578146	1.1559596407215802
3.486974	0.528561573814866	1.1739220429603552
3.496994	0.5272764108300536	1.1919410471567946
3.507014	0.5260031686981441	1.210015054630383
3.517034	0.5247418361204401	1.2281425219572688
3.527054	0.5234924012192969	1.2463219584914897
3.537074	0.5222548515524216	1.264551924039182
3.547094	0.5210291741269465	1.2828310266744232
3.557114	0.5198153554132743	1.3011579206862645
3.567134	0.5186133813586881	1.3195313046473933
3.577154	0.517423237400723	1.337949919595602
3.587174	0.5162449084802974	1.3564125473199695
3.597194	0.5150783790546006	1.3749180087442954
3.607214	0.5139236331097363	1.3934651624009369
3.617234	0.512780654173119	1.4120529029887237
3.627255	0.5116494253256273	1.4306801600091374
3.637275	0.5105299292135078	1.449345896475384
3.647295	0.5094221480600373	1.4680491076894193
3.657315	0.5083260636769388	1.4867888200823616
3.667335	0.5072416574755565	1.5055640901140699
3.677355	0.5061689104777901	1.5243740032280062
3.687375	0.5051078033267895	1.543217672857775
3.697395	0.5040583162974153	1.5620942394820192
3.707415	0.503020429306465	1.5810028697245855
3.717435	0.5019941219226699	1.5999427554971137
3.727455	0.5009793733764647	1.618913113181414
3.737475	0.49997616256953364	1.6379131828491722
3.747495	0.4989844680841358	1.6569422275167178
3.757515	0.49800426819221555	1.6759995324327515
3.767535	0.4970355408642992	1.695084404397072
3.777555	0.49607826377818315	1.7141961711084728
3.787575	0.49513241432741834	1.7333341805401354
3.797595	0.49419796962959234	1.7524978003409337
3.807615	0.49327490653441536	1.7716864172611904
3.817635	0.4923632016316148	1.7908994366015054
3.827655	0.49146283125864026	1.8101362816834106
3.837675	0.4905737715081841	1.8293963933406376
3.847695	0.48969599823552296	1.8486792294299084
3.857715	0.48882948706568274	1.8679842643602003
3.867735	0.4879742134004324	1.8873109886395292
3.877756	0.4871301524251079	1.9066589084383443
3.887776	0.4862972791152763	1.926027545168677
3.897796	0.485475568243237	1.945416435078269
3.907816	0.4846649943843684	1.9648251288589216
3.917836	0.48386553192332443	1.9842531912683787
3.927856	0.4830771550600809	2.003700200765086
3.937876	0.48229983781583924	2.0231657491552117
3.947896	0.481533554038791	2.0426494412513585
3.957916	0.48077827740974377	2.0621508945424205
3.967936	0.48003398144761733	2.081669738874072
3.977956	0.47930063951480745	2.1012056161394144
3.987976	0.4785782248224261	2.120758179979333
3.997996	0.4778667104354195	2.1403270954921205
4.008016	0.47716606927756566	2.1599120389519864
4.018036	0.47647627413635935	2.1795126975360652
4.028056	0.47579729766778067	2.1991287690595547
4.038076	0.47512911240095745	2.2187599617186655
4.048096	0.474471690742721	2.2384059938410474
4.058116	0.47382500498205843	2.2580665936433975
4.068136	0.4731890272944636	2.277741498995959
4.078156	0.4725637297461921	2.2974304571936495
4.088176	0.47194908429842114	2.3171332247335372
4.098196	0.47134506281131716	2.3368495670984566
4.108216	0.47075163704801454	2.3565792585465037
4.118236	0.4701687786785057	2.3763220819062028
4.128257	0.46959645928344956	2.3960778283771345
4.138277	0.46903465035789504	2.4158462973358263
4.148297	0.4684833233149272	2.4356272961467162
4.158317	0.46794244948923347	2.4554206399780165
4.168337	0.46741200014059714	2.475226151622285
4.178357	0.46689194645731547	2.495043661321573
4.188377	0.46638225955954704	2.514873006596968
4.198397	0.4658829105025906	2.5347140320823955
4.208417	0.4653938702800961	2.5545665893625347
4.218437	0.4649151098272091	2.5744305368147087
4.228457	0.4644466000236543	2.594305739454638
4.238477	0.46398831169675286	2.614192068785898
4.248497	0.4635402156243836	2.634089402653006
4.258517	0.4631022825378829	2.6539976250979915
4.268537	0.4626744831248876	2.673916626220354
4.278557	0.46225678803212367	2.6938463020403085
4.288577	0.4618491678681383	2.713786554365204
4.298597	0.46145159320598195	2.733737290659048
4.308617	0.46106403458583656	2.753698423915
4.318637	0.4606864625175943	2.7736698725307987
4.328657	0.4603188474833884	2.7936515601869996
4.338677	0.45996115994007436	2.813643415727957
4.348697	0.4596133703216663	2.8336453730454725
4.358717	0.45927544904172757	2.8536573709650312
4.368737	0.45894736649571594	2.8736793531345537
4.378758	0.45862909306328603	2.893711267915606
4.388778	0.4583205991105514	2.9137530682769692
4.398798	0.4580218549923021	2.933804711690548
4.408818	0.4577328310541832	2.9538661600295173
4.418838	0.4574534976348362	2.973937379468673
4.428858	0.45718382506799693	2.9940183403869134
4.438878	0.45692378368456127	3.0141090172718
4.448898	0.45667334381460856	3.0342093886261545
4.458918	0.45643247578939417	3.0543194368766144
4.468938	0.45620114994330213	3.0744391482841262
4.478958	0.45597933661576623	3.094568512856306
4.488978	0.455767006153155	3.114707524261637
4.498998	0.45556412891062514	3.1348561797454395
4.509018	0.45537067525394137	3.155014480047589
4.519038	0.45518661556126444	3.175182429321928
4.529058	0.45501192022490766	3.195360035057328
4.539078	0.4548465596530633	3.215547308000373
4.549098	0.45469050427149765	3.23574426207962
4.559118	0.4545437245252167	3.2559509143313954
4.569138	0.4544061908801046	3.2761672848270917
4.579158	0.4542778738245293	3.296393396601943
4.589178	0.45415874387092486	3.316629275585217
4.599198	0.45404877155734247	3.3368749505318274
4.609218	0.453947927448976	3.3571304529552934
4.619238	0.4538561821396597	3.377395817062052
4.629259	0.4537735062533411	3.3976710796870706
4.639279	0.453699870445526	3.4179562802307344
4.649299	0.4536352454047004	3.4382514605969883
4.659319	0.4535796018537242	3.4585566651326896
4.669339	0.45353291055120276	3.478871940568173
4.679359	0.4534951422928334	3.4991973359589554
4.689379	0.4534662679127267	3.519532902628604
4.699399	0.45344625828470586	3.539878694112716
4.709419	0.4534350843235816	3.560234766103984
4.719439	0.4534327169864039	3.5806011763983396
4.729459	0.45343912727369234	3.6009779848421335
4.739479	0.4534542862306419	3.6213652532803544
4.749499	0.453478164948309	3.641763045505828
4.759519	0.4535107345647747	3.662171427209415
4.769539	0.4535519662662853	3.68259046593116
4.779559	0.453601831288374	3.7030202310123888
4.789579	0.45366030091695925	3.7234607935487127
4.799599	0.4537273464894243	3.7439122263439484
4.809619	0.45380293939567523	3.7643746038649084
4.819639	0.45388705107917965	3.7848480021970707
4.829659	0.4539796530379832	3.805332499001076
4.839679	0.4540807168257102	3.8258281734700716
4.849699	0.4541902140525413	3.846335106287858
4.859719	0.45430811638617385	3.866853379587838
4.869739	0.4544343955527624	3.8873830769127418
4.87976	0.45456902333784094	3.9079242831751158
4.88978	0.4547119715872269	3.928477084618571
4.8998	0.4548632122079054	3.9490415687797475
4.90982	0.4550227171688967	3.969617824451015
4.91984	0.45519045850210543	3.9902059416438744
4.92986	0.45536640830315217	4.010806011553044
4.93988	0.45555053873218676	4.03141812652124
4.9499	0.45574282201468547	4.052042380004596
4.95992	0.4559432304422304	4.072678866538769
4.96994	0.45615173637327183	4.093327681705651
4.97996	0.45636831223387453	4.113988922100728
4.98998	0.45659293051844635	4.134662685301047
5.0	0.4568255637904518	4.155349069833784
