0.0	0.21430462493341185
0.004008	0.19930035056215178
0.008016	0.185184380390647
0.012024	0.1719212670487988
0.016032	0.15947762405582305
0.02004	0.1478217925497689
0.024048	0.13692364256962788
0.028056	0.12675446421192466
0.032064	0.11728691542511824
0.036072	0.10849500218892695
0.04008	0.10035407382099289
0.044088	0.09284082154679207
0.048096	0.08593327257822866
0.052104	0.07961077503244948
0.056112	0.0738539712979424
0.06012	0.06864475909326237
0.064128	0.06396624060534137
0.068136	0.05980266085281601
0.072144	0.05613933688640181
0.076152	0.052962579685990656
0.08016	0.05025961070078654
0.084168	0.048018474950108705
0.088176	0.046227952494204264
0.092184	0.04487746992417044
0.096192	0.043957013329025296
0.1002	0.04345704399199824
0.104208	0.043368417858981025
0.108216	0.04368230961823228
0.112224	0.044390142037715644
0.116232	0.045483521028706383
0.12024	0.04695417674380683
0.124248	0.0487939108753701
0.128257	0.050994550196773326
0.132265	0.05354790628359588
0.136273	0.05644574126368825
0.140281	0.059679739373205816
0.144289	0.0632414840385878
0.148297	0.06712244016074678
0.152305	0.07131394124592866
0.156313	0.07580718100635983
0.160321	0.08059320904151696
0.164329	0.0856629302063207
0.168337	0.09100710727453994
0.172345	0.09661636651307778
0.176353	0.10248120579457427
0.180361	0.10859200489100045
0.184369	0.11493903760882132
0.188377	0.12151248544617124
0.192385	0.1283024524736987
0.196393	0.13529898116277492
0.200401	0.14249206890717356
0.204409	0.14987168500674936
0.208417	0.15742778790375614
0.212425	0.16515034248400595
0.216433	0.17302933727587932
0.220441	0.1810548014000972
0.224449	0.18921682114204685
0.228457	0.19750555603623188
0.232465	0.20591125436904298
0.236473	0.21442426802148928
0.240481	0.22303506658778618
0.244489	0.23173425071877132
0.248497	0.24051256465104248
0.252505	0.24936090789350845
0.256513	0.2582703460527667
0.260521	0.26723212078740954
0.264529	0.2762376588890771
0.268537	0.28527858049486965
0.272545	0.2943467064416673
0.276553	0.3034340647780395
0.280561	0.31253289645381893
0.284569	0.3216356602111253
0.288577	0.330735036703709
0.292585	0.33982393187399534
0.296593	0.3488954796192121
0.300601	0.35794304377950675
0.304609	0.3669602194820738
0.308617	0.3759408338760462
0.312625	0.3848789462933118
0.316633	0.3937688478705247
0.320641	0.40260506066743806
0.324649	0.41138233631631926
0.328657	0.4200956542366465
0.332665	0.4287402194485683
0.336673	0.4373114600177453
0.340681	0.4458050241632234
0.344689	0.45421677705891944
0.348697	0.4625427973581661
0.352705	0.47077937346956206
0.356713	0.4789229996111425
0.360721	0.48697037166861706
0.364729	0.4949183828821465
0.368737	0.502764119384841
0.372745	0.5105048556148859
0.376754	0.5181380496219293
0.380762	0.5256613382871171
0.38477	0.5330725324749351
0.388778	0.5403696121338205
0.392786	0.5475507213613418
0.396794	0.5546141634486215
0.400802	0.5615583959175837
0.40481	0.5683820255635653
0.408818	0.5750838035148227
0.412826	0.5816626203195069
0.416834	0.5881175010697604
0.420842	0.5944476005717164
0.42485	0.6006521985693548
0.428858	0.6067306950293789
0.432866	0.6126826054935395
0.436874	0.6185075565041293
0.440882	0.6242052811077149
0.44489	0.6297756144415517
0.448898	0.6352184894065507
0.452906	0.6405339324301228
0.456914	0.6457220593217206
0.460922	0.6507830712234277
0.46493	0.65571725065751
0.468938	0.6605249576724331
0.472946	0.6652066260884855
0.476954	0.6697627598437891
0.480962	0.6741939294411745
0.48497	0.678500768496096
0.488978	0.6826839703855021
0.492986	0.6867442849973311
0.496994	0.6906825155800806
0.501002	0.6944995156917018
0.50501	0.6981961862468855
0.509018	0.70177347266165
0.513026	0.7052323620939885
0.517034	0.7085738807792145
0.521042	0.7117990914585197
0.52505	0.7149090908991689
0.529058	0.7179050075046607
0.533066	0.7207879990131155
0.537074	0.7235592502820839
0.541082	0.7262199711579171
0.54509	0.728771394427798
0.549098	0.7312147738524958
0.553106	0.7335513822778801
0.557114	0.7357825098232119
0.561122	0.7379094621442174
0.56513	0.7399335587689392
0.569138	0.7418561315043681
0.573146	0.7436785229118519
0.577154	0.7454020848492963
0.581162	0.7470281770781818
0.58517	0.7485581659334369
0.589178	0.7499934230542309
0.593186	0.7513353241737715
0.597194	0.7525852479662192
0.601202	0.7537445749488583
0.60521	0.7548146864376951
0.609218	0.7557969635546868
0.613226	0.7566927862848372
0.617234	0.7575035325814307
0.621242	0.758230577517715
0.625251	0.7588752924833749
0.629259	0.7594390444241803
0.633267	0.7599231951232326
0.637275	0.7603291005222657
0.641283	0.7606581100815025
0.645291	0.760911566176606
0.649299	0.7610908035312989
0.653307	0.7611971486842706
0.657315	0.7612319194890267
0.661323	0.7611964246453721
0.665331	0.7610919632612625
0.669339	0.760919824443792
0.673347	0.7606812869181255
0.677355	0.7603776186732181
0.681363	0.7600100766332031
0.685371	0.7595799063533655
0.689379	0.759088341739649
0.693387	0.7585366047906863
0.697395	0.7579259053613677
0.701403	0.7572574409470048
0.705411	0.7565323964871697
0.709419	0.7557519441883296
0.713427	0.7549172433644213
0.717435	0.7540294402945452
0.721443	0.7530896680969823
0.725451	0.7520990466187727
0.729459	0.7510586823401163
0.733467	0.7499696682928867
0.737475	0.7488330839925732
0.741483	0.7476499953829959
0.745491	0.7464214547931566
0.749499	0.7451485009056195
0.753507	0.7438321587358339
0.757515	0.7424734396218373
0.761523	0.7410733412237959
0.765531	0.7396328475328643
0.769539	0.7381529288888637
0.773547	0.7366345420063
0.777555	0.7350786300082606
0.781563	0.7334861224677506
0.785571	0.7318579354560422
0.789579	0.7301949715976322
0.793587	0.72849812013142
0.797595	0.7267682569777297
0.801603	0.7250062448108227
0.805611	0.7232129331365552
0.809619	0.7213891583748562
0.813627	0.7195357439467083
0.817635	0.7176535003653365
0.821643	0.7157432253313128
0.825651	0.7138057038313066
0.829659	0.7118417082402154
0.833667	0.7098519984264279
0.837675	0.7078373218599782
0.841683	0.7057984137233638
0.845691	0.7037359970248089
0.849699	0.7016507827137654
0.853707	0.6995434697984525
0.857715	0.6974147454652467
0.861723	0.6952652851997411
0.865731	0.6930957529093029
0.869739	0.6909068010469659
0.873747	0.6886990707365012
0.877756	0.6864731918985199
0.881764	0.6842297833774661
0.885772	0.6819694530693667
0.88978	0.6796927980502108
0.893788	0.6774004047048386
0.897796	0.6750928488562259
0.901804	0.6727706958950538
0.905812	0.6704345009094641
0.90982	0.6680848088148997
0.913828	0.6657221544839402
0.917836	0.6633470628760448
0.921844	0.6609600491671203
0.925852	0.6585616188788362
0.92986	0.6561522680076151
0.933868	0.6537324831532256
0.937876	0.6513027416469186
0.941884	0.6488635116790389
0.945892	0.64641525242606
0.9499	0.6439584141769856
0.953908	0.6414934384590674
0.957916	0.6390207581627916
0.961924	0.636540797666091
0.965932	0.6340539729577392
0.96994	0.6315606917598908
0.973948	0.6290613536497288
0.977956	0.6265563501801888
0.981964	0.6240460649997265
0.985972	0.6215308739711017
0.98998	0.6190111452891519
0.993988	0.61648723959753
0.997996	0.6139595101043868
1.002004	0.6114283026969737
1.006012	0.6088939560551526
1.01002	0.6063568017637903
1.014028	0.6038171644240274
1.018036	0.6012753617634049
1.022044	0.5987317047448385
1.026052	0.596186497674428
1.03006	0.5936400383080955
1.034068	0.5910926179570418
1.038076	0.5885445215920148
1.042084	0.5859960279463862
1.046092	0.5834474096180298
1.0501	0.5808989331699994
1.054108	0.5783508592300034
1.058116	0.5758034425886742
1.062124	0.5732569322966333
1.066132	0.5707115717603504
1.07014	0.5681675988367992
1.074148	0.5656252459269113
1.078156	0.5630847400678288
1.082164	0.560546303023963
1.086172	0.5580101513768579
1.09018	0.5554764966138672
1.094188	0.5529455452156468
1.098196	0.55041749874247
1.102204	0.5478925539193706
1.106212	0.5453709027201201
1.11022	0.5428527324500468
1.114228	0.5403382258277027
1.118236	0.5378275610653865
1.122244	0.5353209119485319
1.126253	0.5328184479139658
1.130261	0.5303203341270499
1.134269	0.5278267315577102
1.138277	0.5253377970553662
1.142285	0.522853683422768
1.146293	0.5203745394887507
1.150301	0.5179005101799173
1.154309	0.5154317365912576
1.158317	0.5129683560557157
1.162325	0.5105105022127145
1.166333	0.5080583050756486
1.170341	0.505611891098356
1.174349	0.5031713832405783
1.178357	0.5007369010324213
1.182365	0.4983085606378263
1.186373	0.49588647491706284
1.190381	0.4934707534882532
1.194389	0.4910615027879415
1.198397	0.48865882613071576
1.202405	0.4862628237678965
1.206413	0.48387359294530075
1.210421	0.48149122796009425
1.214429	0.47911582021674165
1.218437	0.4767474582820663
1.222445	0.47438622793943097
1.226453	0.47203221224204933
1.230461	0.46968549156544087
1.234469	0.4673461436590388
1.238477	0.4650142436969625
1.242485	0.4626898643279651
1.246493	0.4603730757245677
1.250501	0.45806394563139
1.254509	0.4557625394126887
1.258517	0.4534689200991144
1.262525	0.45118314843369706
1.266533	0.44890528291707166
1.270541	0.4466353798519527
1.274549	0.44437349338686977
1.278557	0.44211967555917386
1.282565	0.4398739763373237
1.286573	0.43763644366246435
1.290581	0.4354071234893054
1.294589	0.43318605982631186
1.298597	0.4309732947752148
1.302605	0.4287688685698533
1.306613	0.426572819614357
1.310621	0.4243851845206787
1.314629	0.4222059981454863
1.318637	0.42003529362642456
1.322645	0.41787310241775466
1.326653	0.41571945432538204
1.330661	0.41357437754128046
1.334669	0.41143789867732283
1.338677	0.40931004279852573
1.342685	0.407190833455719
1.346693	0.40508029271764684
1.350701	0.4029784412025105
1.354709	0.4008852981089601
1.358717	0.39880088124654556
1.362725	0.39672520706563297
1.366733	0.3946582906867962
1.370741	0.3926001459296917
1.374749	0.3905507853414235
1.378758	0.38851022022440773
1.382766	0.3864784606637434
1.386774	0.3844555155540983
1.390782	0.38244139262611615
1.39479	0.38043609847235443
1.398798	0.37843963857275853
1.402806	0.3764520173196809
1.406814	0.3744732380424518
1.410822	0.37250330303150897
1.41483	0.37054221356209327
1.418838	0.36858996991751747
1.422846	0.36664657141201445
1.426854	0.36471201641317263
1.430862	0.3627863023639641
1.43487	0.36086942580437303
1.438878	0.3589613823926305
1.442886	0.3570621669260615
1.446894	0.35517177336155237
1.450902	0.35329019483564195
1.45491	0.3514174236842456
1.458918	0.3495534514620161
1.462926	0.3476982689613481
1.466934	0.3458518662310322
1.470942	0.344014232594564
1.47495	0.34218535666811406
1.478958	0.3403652263781647
1.482966	0.3385538289788182
1.486974	0.33675115106878317
1.490982	0.33495717860804364
1.49499	0.3331718969342159
1.498998	0.33139529077859936
1.503006	0.3296273442819258
1.507014	0.32786804100981176
1.511022	0.3261173639679201
1.51503	0.324375295616835
1.519038	0.32264181788665464
1.523046	0.3209169121913081
1.527054	0.3192005594425988
1.531062	0.3174927400639814
1.53507	0.315793434004075
1.539078	0.31410262074991785
1.543086	0.31242027933996785
1.547094	0.31074638837685375
1.551102	0.3090809260398799
1.55511	0.30742387009729005
1.559118	0.3057751979182941
1.563126	0.30413488648486114
1.567134	0.3025029124032839
1.571142	0.3008792519155174
1.57515	0.29926388091029676
1.579158	0.297656774934037
1.583166	0.29605790920151953
1.587174	0.294467258606368
1.591182	0.29288479773131826
1.59519	0.29131050085828514
1.599198	0.28974434197822985
1.603206	0.28818629480083174
1.607214	0.28663633276396727
1.611222	0.28509442904300014
1.61523	0.28356055655988555
1.619238	0.2820346879920917
1.623246	0.2805167957813421
1.627255	0.2790068521421817
1.631263	0.27750482907036966
1.635271	0.27601069835110215
1.639279	0.27452443156706813
1.643287	0.2730460001063407
1.647295	0.27157537517010766
1.651303	0.27011252778024275
1.655311	0.2686574287867225
1.659319	0.26721004887488914
1.663327	0.26577035857256387
1.667335	0.26433832825701253
1.671343	0.2629139281617664
1.675351	0.26149712838330047
1.679359	0.2600878988875726
1.683367	0.25868620951642446
1.687375	0.25729202999384837
1.691383	0.2559053299321215
1.695391	0.25452607883781003
1.699399	0.2531542461176454
1.703407	0.25178980108427557
1.707415	0.2504327129618926
1.711423	0.2490829508917397
1.715431	0.24774048393749917
1.719439	0.24640528109056406
1.723447	0.24507731127519486
1.727455	0.24375654335356417
1.731463	0.24244294613069065
1.735471	0.24113648835926454
1.739479	0.2398371387443671
1.743487	0.23854486594808497
1.747495	0.23725963859402235
1.751503	0.2359814252717121
1.755511	0.23471019454092842
1.759519	0.23344591493590183
1.763527	0.23218855496943924
1.767535	0.23093808313695022
1.771543	0.22969446792038153
1.775551	0.22845767779206153
1.779559	0.22722768121845568
1.783567	0.22600444666383582
1.787575	0.2247879425938635
1.791583	0.22357813747909006
1.795591	0.22237499979837425
1.799599	0.22117849804221942
1.803607	0.2199886007160315
1.807615	0.2188052763432992
1.811623	0.21762849346869817
1.815631	0.21645822066112028
1.819639	0.21529442651662925
1.823647	0.21413707966134476
1.827655	0.2129861487542554
1.831663	0.2118416024899623
1.835671	0.2107034096013552
1.839679	0.20957153886222085
1.843687	0.20844595908978686
1.847695	0.20732663914720048
1.851703	0.20621354794594474
1.855711	0.20510665444819257
1.859719	0.20400592766910025
1.863727	0.2029113366790412
1.867735	0.20182285060578162
1.871743	0.20074043863659835
1.875752	0.19966407002034112
1.87976	0.1985937140694391
1.883768	0.19752934016185378
1.887776	0.1964709177429785
1.891784	0.19541841632748624
1.895792	0.1943718055011261
1.8998	0.1933310549224699
1.903808	0.19229613432460987
1.907816	0.19126701351680778
1.911824	0.19024366238609733
1.915832	0.18922605089884
1.91984	0.18821414910223566
1.923848	0.1872079271257886
1.927856	0.18620735518273013
1.931864	0.1852124035713981
1.935872	0.18422304267657488
1.93988	0.18323924297078395
1.943888	0.18226097501554644
1.947896	0.18128820946259797
1.951904	0.18032091705506695
1.955912	0.1793590686286147
1.95992	0.17840263511253895
1.963928	0.17745158753084023
1.967936	0.17650589700325287
1.971944	0.17556553474624106
1.975952	0.17463047207396062
1.97996	0.17370068039918685
1.983968	0.17277613123420987
1.987976	0.17185679619169755
1.991984	0.1709426469855267
1.995992	0.17003365543158352
2.0	0.16912979344853357
