0.0	1.1036243789507918
0.004008	1.0333556159699533
0.008016	0.979732020434014
0.012024	0.9400023600002427
0.016032	0.9118134658253751
0.02004	0.8931557648351234
0.024048	0.882316064205443
0.028056	0.8778366366216734
0.032064	0.8784797786380242
0.036072	0.8831971222018626
0.04008	0.891103073200562
0.044088	0.9014518325330273
0.048096	0.9136175262714855
0.052104	0.9270770333277821
0.056112	0.9413951528624164
0.06012	0.9562118005106729
0.064128	0.9712309632516661
0.068136	0.9862111781996932
0.072144	1.0009573314383224
0.076152	1.015313599843103
0.08016	1.0291573821686042
0.084168	1.0423940859625496
0.088176	1.054952654508504
0.092184	1.0667817333323608
0.096192	1.0778463891359085
0.1002	1.088125305603445
0.104208	1.0976083905915868
0.108216	1.1062947379555128
0.112224	1.1141908948588368
0.116232	1.1213093920087458
0.12024	1.1276674999832825
0.124248	1.1332861797870573
0.128257	1.1381892000839775
0.132265	1.1424023972966346
0.136273	1.1459530580065802
0.140281	1.1488694059028444
0.144289	1.151180177964323
0.148297	1.1529142766742828
0.152305	1.1541004868950377
0.156313	1.1547672476150608
0.160321	1.1549424701518172
0.164329	1.1546533955795664
0.168337	1.1539264851767879
0.172345	1.1527873385740006
0.176353	1.151260635048068
0.180361	1.1493700940696854
0.184369	1.1471384517805712
0.188377	1.1445874505681022
0.192385	1.1417378393282196
0.196393	1.1386093823715795
0.200401	1.1352208752410509
0.204409	1.1315901659776493
0.208417	1.127734180602844
0.212425	1.1236689517830523
0.216433	1.1194096498115382
0.220441	1.1149706151877714
0.224449	1.110365392197939
0.228457	1.1056067630056787
0.232465	1.1007067818517366
0.236473	1.095676809037356
0.240481	1.090527544430654
0.244489	1.085269060289704
0.248497	1.0799108332419147
0.252505	1.0744617752978125
0.256513	1.068930263809559
0.260521	1.0633241703113763
0.264529	1.0576508882012916
0.268537	1.0519173592419462
0.272545	1.046130098873208
0.276553	1.040295220341498
0.280561	1.03441845766051
0.284569	1.0285051874257651
0.288577	1.0225604495114713
0.292585	1.0165889666827856
0.296593	1.0105951631599883
0.300601	1.004583182173492
0.304609	0.9985569025502071
0.308617	0.9925199543726876
0.312625	0.9864757337528341
0.316633	0.9804274167618307
0.320641	0.9743779725575179
0.324649	0.9683301757496584
0.328657	0.9622866180425581
0.332665	0.9562497191933579
0.336673	0.9502217373230244
0.340681	0.9442047786156921
0.344689	0.9382008064405745
0.348697	0.9322116499291879
0.352705	0.9262390120391482
0.356713	0.9202844771343113
0.360721	0.9143495181095657
0.364729	0.9084355030871358
0.368737	0.9025437017098509
0.372745	0.896675291055466
0.376754	0.8908313611948013
0.380762	0.8850129204151924
0.38477	0.8792209001295241
0.388778	0.8734561594899559
0.392786	0.8677194897243302
0.396794	0.8620116182121939
0.400802	0.8563332123163591
0.40481	0.8506848829849717
0.408818	0.8450671881381506
0.412826	0.8394806358524063
0.416834	0.8339256873552406
0.420842	0.8284027598415644
0.42485	0.822912229122853
0.428858	0.8174544321192838
0.432866	0.8120296692044635
0.436874	0.8066382064117533
0.440882	0.8012802775106387
0.44489	0.7959560859610654
0.448898	0.7906658067531633
0.452906	0.7854095881393183
0.456914	0.7801875532651165
0.460922	0.7749998017052747
0.46493	0.7698464109102913
0.468938	0.7647274375691882
0.472946	0.7596429188933855
0.476954	0.7545928738264285
0.480962	0.7495773041839968
0.48497	0.7445961957283492
0.488978	0.7396495191810962
0.492986	0.7347372311779541
0.496994	0.7298592751689073
0.501002	0.7250155822669916
0.50501	0.720206072048716
0.509018	0.7154306533089513
0.513026	0.7106892247729447
0.517034	0.7059816757679516
0.521042	0.7013078868568277
0.52505	0.6966677304357797
0.529058	0.6920610712983399
0.533066	0.6874877671675053
0.537074	0.6829476691978633
0.541082	0.6784406224494187
0.54509	0.6739664663347313
0.549098	0.6695250350408799
0.553106	0.6651161579276739
0.557114	0.6607396599034555
0.561122	0.6563953617797492
0.56513	0.6520830806059469
0.569138	0.6478026299851417
0.573146	0.6435538203721644
0.577154	0.6393364593548087
0.581162	0.6351503519191783
0.58517	0.6309953007000336
0.589178	0.6268711062169631
0.593186	0.622777567097161
0.597194	0.6187144802855442
0.601202	0.6146816412429008
0.60521	0.6106788441327236
0.609218	0.606705881997345
0.613226	0.6027625469239535
0.617234	0.59884863020104
0.621242	0.5949639224657923
0.625251	0.5911082138429252
0.629259	0.5872812940754084
0.633267	0.5834829526475263
0.637275	0.5797129789006831
0.641283	0.57597116214234
0.645291	0.572257291748453
0.649299	0.5685711572597572
0.653307	0.5649125484722275
0.657315	0.5612812555220242
0.661323	0.557677068965218
0.665331	0.55409977985257
0.669339	0.5505491797996331
0.673347	0.5470250610524183
0.677355	0.5435272165488644
0.681363	0.5400554399763319
0.685371	0.536609525825333
0.689379	0.5331892694396944
0.693387	0.5297944670633458
0.697395	0.5264249158839082
0.701403	0.5230804140732557
0.705411	0.519760760825208
0.709419	0.516465756390507
0.713427	0.5131952021092222
0.717435	0.5099489004407195
0.721443	0.506726654991325
0.725451	0.5035282705398044
0.729459	0.5003535530607771
0.733467	0.49720230974617113
0.737475	0.49407434902482805
0.741483	0.49096948058035417
0.745491	0.48788751536731306
0.749499	0.4848282656258484
0.753507	0.48179154489482245
0.757515	0.47877716802354975
0.761523	0.47578495118220315
0.765531	0.47281471187096347
0.769539	0.46986626892798294
0.773547	0.4669394425362259
0.777555	0.46403405422925037
0.781563	0.46114992689598827
0.785571	0.4582868847845798
0.789579	0.455444753505316
0.793587	0.4526233600327389
0.797595	0.4498225327069474
0.801603	0.4470421012341538
0.805611	0.4442818966865349
0.809619	0.4415417515014176
0.813627	0.4388214994798383
0.817635	0.4361209757845128
0.821643	0.4334400169372522
0.825651	0.430778460815857
0.829659	0.4281361466505224
0.833667	0.42551291501978317
0.837675	0.4229086078460283
0.841683	0.42032306839061073
0.845691	0.41775614124857946
0.849699	0.4152076723430571
0.853707	0.41267750891928673
0.857715	0.41016549953837017
0.861723	0.40767149407071773
0.865731	0.40519534368923027
0.869739	0.40273690086223163
0.873747	0.40029601934616965
0.877756	0.3978725541781022
0.881764	0.3954663616679857
0.885772	0.39307729939077934
0.88978	0.3907052261783811
0.893788	0.38835000211140863
0.897796	0.3860114885108382
0.901804	0.3836895479295139
0.905812	0.3813840441435388
0.90982	0.37909484214356015
0.913828	0.37682180812595656
0.917836	0.3745648094839409
0.921844	0.3723237147985848
0.925852	0.370098393829776
0.92986	0.3678887175071161
0.933868	0.365694557920767
0.937876	0.3635157883122532
0.941884	0.36135228306522793
0.945892	0.3592039176962093
0.9499	0.35707056884529303
0.953908	0.35495211426684775
0.957916	0.3528484328201991
0.961924	0.35075940446030734
0.965932	0.34868491022844417
0.96994	0.34662483224287305
0.973948	0.3445790536895383
0.977956	0.3425474588127666
0.981964	0.340529932905985
0.985972	0.3385263623024598
0.98998	0.3365366343660593
0.993988	0.3345606374820441
0.997996	0.3325982610478877
1.002004	0.33064939546413114
1.006012	0.3287139321252734
1.01002	0.3267917634107015
1.014028	0.32488278267566106
1.018036	0.32298688424227157
1.022044	0.32110396339058644
1.026052	0.3192339163497016
1.03006	0.31737664028891327
1.034068	0.31553203330892726
1.038076	0.3136999944331212
1.042084	0.31188042359886103
1.046092	0.31007322164887363
1.0501	0.30827829032267595
1.054108	0.3064955322480627
1.058116	0.3047248509326533
1.062124	0.3029661507554988
1.066132	0.3012193369587502
1.07014	0.29948431563938827
1.074148	0.2977609937410166
1.078156	0.2960492790457174
1.082164	0.2943490801659711
1.086172	0.29266030653664127
1.09018	0.29098286840702287
1.094188	0.28931667683295703
1.098196	0.2876616436690107
1.102204	0.2860176815607225
1.106212	0.28438470393691406
1.11022	0.2827626250020684
1.114228	0.28115135972877414
1.118236	0.2795508238502362
1.122244	0.27796093385285353
1.126253	0.2763816069688627
1.130261	0.2748127611690488
1.134269	0.2732543151555216
1.138277	0.27170618835456
1.142285	0.2701683009095207
1.146293	0.26864057367381455
1.150301	0.26712292820394784
1.154309	0.2656152867526301
1.158317	0.26411757226194676
1.162325	0.2626297083565979
1.166333	0.26115161933720105
1.170341	0.25968323017365963
1.174349	0.2582244664985953
1.178357	0.2567752546008447
1.182365	0.2553355214190197
1.186373	0.25390519453513133
1.190381	0.25248420216827666
1.194389	0.2510724731683883
1.198397	0.24966993701004664
1.202405	0.24827652378635315
1.206413	0.24689216420286594
1.210421	0.2455167895715961
1.214429	0.24415033180506446
1.218437	0.24279272341041894
1.222445	0.24144389748361134
1.226453	0.24010378770363358
1.230461	0.23877232832681264
1.234469	0.23744945418116412
1.238477	0.2361351006608033
1.242485	0.23482920372041408
1.246493	0.2335316998697745
1.250501	0.23224252616833904
1.254509	0.23096162021987657
1.258517	0.22968892016716405
1.262525	0.22842436468673522
1.266533	0.22716789298368364
1.270541	0.22591944478651999
1.274549	0.22467896034208268
1.278557	0.22344638041050172
1.282565	0.22222164626021484
1.286573	0.22100469966303607
1.290581	0.2197954828892755
1.294589	0.21859393870291025
1.298597	0.21740001035680614
1.302605	0.21621364158798925
1.306613	0.2150347766129671
1.310621	0.213863360123099
1.314629	0.2126993372800151
1.318637	0.21154265371108325
1.322645	0.21039325550492383
1.326653	0.20925108920697152
1.330661	0.208116101815084
1.334669	0.20698824077519654
1.338677	0.20586745397702239
1.342685	0.20475368974979874
1.346693	0.2036468968580771
1.350701	0.20254702449755807
1.354709	0.20145402229097006
1.358717	0.20036784028399132
1.362725	0.19928842894121496
1.366733	0.19821573914215637
1.370741	0.19714972217730284
1.374749	0.19609032974420443
1.378758	0.1950375139436063
1.382766	0.1939912272756216
1.386774	0.19295142263594453
1.390782	0.1919180533121034
1.39479	0.1908910729797529
1.398798	0.1898704356990054
1.402806	0.18885609591080085
1.406814	0.18784800843331464
1.410822	0.18684612845840332
1.41483	0.18585041154808749
1.418838	0.1848608136310716
1.422846	0.1838772909993003
1.426854	0.18289980030455075
1.430862	0.1819282985550605
1.43487	0.1809627431121911
1.438878	0.18000309168712592
1.442886	0.17904930233760308
1.446894	0.17810133346468224
1.450902	0.17715914380954498
1.45491	0.17622269245032884
1.458918	0.17529193879899424
1.462926	0.1743668425982239
1.466934	0.1734473639183547
1.470942	0.17253346315434132
1.47495	0.1716251010227516
1.478958	0.1707222385587928
1.482966	0.16982483711336896
1.486974	0.16893285835016872
1.490982	0.1680462642427832
1.49499	0.16716501707185374
1.498998	0.1662890794222492
1.503006	0.16541841418027226
1.507014	0.16455298453089484
1.511022	0.1636927539550216
1.51503	0.16283768622678205
1.519038	0.16198774541085026
1.523046	0.1611428958597922
1.527054	0.1603031022114404
1.531062	0.15946832938629546
1.53507	0.15863854258495425
1.539078	0.1578137072855644
1.543086	0.1569937892413049
1.547094	0.15617875447789242
1.551102	0.1553685692911132
1.55511	0.1545632002443799
1.559118	0.1537626141663134
1.563126	0.1529667781483496
1.567134	0.15217565954236992
1.571142	0.15138922595835638
1.57515	0.15060744526207026
1.579158	0.14983028557275435
1.583166	0.14905771526085845
1.587174	0.14828970294578792
1.591182	0.1475262174936748
1.59519	0.14676722801517184
1.599198	0.1460127038632683
1.603206	0.14526261463112813
1.607214	0.1445169301499495
1.611222	0.1437756204868464
1.61523	0.14303865594275092
1.619238	0.14230600705033697
1.623246	0.14157764457196467
1.627255	0.14085353949764526
1.631263	0.14013366304302638
1.635271	0.13941798664739755
1.639279	0.13870648197171537
1.643287	0.13799912089664862
1.647295	0.1372958755206425
1.651303	0.13659671815800256
1.655311	0.135901621336997
1.659319	0.13521055779797855
1.663327	0.13452350049152426
1.667335	0.13384042257659423
1.671343	0.13316129741870816
1.675351	0.13248609858814006
1.679359	0.13181479985813077
1.683367	0.13114737520311806
1.687375	0.13048379879698407
1.691383	0.12982404501132008
1.695391	0.1291680884137082
1.699399	0.12851590376601998
1.703407	0.1278674660227317
1.707415	0.12722275032925592
1.711423	0.12658173202028972
1.715431	0.12594438661817858
1.719439	0.12531068983129662
1.723447	0.12468061755244238
1.727455	0.12405414585725018
1.731463	0.12343125100261707
1.735471	0.12281190942514483
1.739479	0.12219609773959729
1.743487	0.1215837927373723
1.747495	0.12097497138498878
1.751503	0.12036961082258804
1.755511	0.11976768836244991
1.759519	0.11916918148752285
1.763527	0.11857406784996835
1.767535	0.11798232526971932
1.771543	0.11739393173305222
1.775551	0.11680886539117301
1.779559	0.1162271045588165
1.783567	0.11564862771285922
1.787575	0.11507341349094542
1.791583	0.1145014406901263
1.795591	0.11393268826551206
1.799599	0.11336713532893695
1.803607	0.11280476114763688
1.807615	0.11224554514293962
1.811623	0.11168946688896748
1.815631	0.11113650611135217
1.819639	0.11058664268596197
1.823647	0.11003985663764072
1.827655	0.10949612813895898
1.831663	0.10895543750897672
1.835671	0.10841776521201783
1.839679	0.10788309185645607
1.843687	0.10735139819351244
1.847695	0.10682266511606388
1.851703	0.10629687365746313
1.855711	0.10577400499036954
1.859719	0.10525404042559101
1.863727	0.10473696141093655
1.867735	0.10422274953007968
1.871743	0.10371138650143236
1.875752	0.10320285417702942
1.87976	0.10269713454142339
1.883768	0.10219420971058955
1.887776	0.10169406193084123
1.891784	0.10119667357775496
1.895792	0.10070202715510583
1.8998	0.10021010529381255
1.903808	0.09972089075089224
1.907816	0.09923436640842492
1.911824	0.09875051527252753
1.915832	0.09826932047233734
1.91984	0.09779076525900486
1.923848	0.09731483300469576
1.927856	0.09684150720160216
1.931864	0.09637077146096291
1.935872	0.09590260951209278
1.93988	0.09543700520142062
1.943888	0.09497394249153619
1.947896	0.09451340546024586
1.951904	0.09405537829963675
1.955912	0.09359984531514941
1.95992	0.09314679092465905
1.963928	0.09269619965756504
1.967936	0.09224805615388856
1.971944	0.09180234516337869
1.975952	0.09135905154462633
1.97996	0.09091816026418627
1.983968	0.09047965639570715
1.987976	0.09004352511906936
1.991984	0.08960975171953052
1.995992	0.08917832158687884
2.0	0.08874922021459401
