0.0	1.1919215964281145	0.05558902060638867
0.004008	1.1919383777216948	0.05559014244143664
0.008016	1.1919590054479334	0.05559167368933164
0.012024	1.1919834814908048	0.05559361469801273
0.016032	1.1920118073122832	0.05559596581975395
0.02004	1.1920439839516626	0.055598727411101494
0.024048	1.192080012024984	0.05560189983279221
0.028056	1.1921198917245706	0.055605483449651445
0.032064	1.1921636228186703	0.05560947863047156
0.036072	1.1922112046512054	0.055613885747873855
0.04008	1.1922626361416322	0.05561870517814906
0.044088	1.1923179157849082	0.05562393730107872
0.048096	1.192377041651567	0.05562958249973987
0.052104	1.192440011387903	0.05563564116028824
0.056112	1.1925068222162631	0.05564211367172515
0.06012	1.1925774709354484	0.055649000425643816
0.064128	1.1926519539212221	0.055656301815958854
0.068136	1.1927302671269286	0.055664018238617365
0.072144	1.1928124060842165	0.05567215009129136
0.076152	1.192898365903872	0.05568069777305264
0.08016	1.1929881412767602	0.05568966168403205
0.084168	1.1930817264748694	0.055699042225058004
0.088176	1.1931791153524665	0.05570883979728169
0.092184	1.1932803013473545	0.0557190548017837
0.096192	1.193385277482239	0.05572968763916496
0.1002	1.193494036366197	0.05574073870912113
0.104208	1.1936065701962502	0.055752208410002675
0.108216	1.193722870759043	0.05576409713835877
0.112224	1.1938429294326234	0.05577640528846667
0.116232	1.1939667371883242	0.05578913325184669
0.12024	1.1940942845927474	0.05580228141676323
0.124248	1.1942255618098483	0.055815850167712205
0.128257	1.194360558603119	0.0558298398848964
0.132265	1.1944992643378698	0.05584425094368584
0.136273	1.1946416679836107	0.055859083714068385
0.140281	1.194787758116525	0.05587433856008836
0.144289	1.1949375229220431	0.0558900158392727
0.148297	1.1950909501975073	0.05590611590204759
0.152305	1.1952480273549306	0.05592263909114513
0.156313	1.1954087414238477	0.05593958574099995
0.160321	1.1955730790542571	0.055956956177137154
0.164329	1.1957410265196509	0.055974750715552274
0.168337	1.1959125697201338	0.05599296966208178
0.172345	1.1960876941856298	0.05601161331176899
0.176353	1.1962663850791708	0.056030681948219786
0.180361	1.1964486272002732	0.056050175842957045
0.184369	1.1966344049883932	0.056070095254764196
0.188377	1.1968237025264654	0.05609044042902837
0.192385	1.1970165035445193	0.056111211597075855
0.196393	1.1972127914233741	0.05613240897550761
0.200401	1.1974125491984098	0.05615403276552773
0.204409	1.1976157595634123	0.05617608315227267
0.208417	1.197822404874491	0.056198560304136724
0.212425	1.1980324671540692	0.05622146437209818
0.216433	1.198245928094942	0.056244795489042876
0.220441	1.198462769064403	0.05626855376908973
0.224449	1.1986829711084366	0.05629273930691534
0.228457	1.1989065149559752	0.05631735217708185
0.232465	1.1991333810232176	0.05634239243336484
0.236473	1.1993635494180088	0.056367860108085616
0.240481	1.1995969999442782	0.0563937552114449
0.244489	1.1998337121065352	0.05642007773086274
0.248497	1.2000736651144188	0.056446827630319364
0.252505	1.2003168378873017	0.056474004849705946
0.256513	1.2005632090589446	0.056501609304175936
0.260521	1.2008127569822002	0.056529640883506184
0.264529	1.2010654597337644	0.05655809945146346
0.268537	1.2013212951189733	0.05658698484517883
0.272545	1.201580240676644	0.056616296874529765
0.276553	1.201842273683956	0.05664603532153064
0.280561	1.202107371161374	0.05667619993973313
0.284569	1.2023755098776052	0.056706790453635386
0.288577	1.2026466663545976	0.056737806558101525
0.292585	1.202920816872566	0.056769247917792476
0.296593	1.2031979374750548	0.05680111416660724
0.300601	1.2034780039740276	0.05683340490713622
0.304609	1.2037609919549865	0.05686611971012676
0.308617	1.2040468767821162	0.0568992581139611
0.312625	1.2043356336034525	0.05693281962414807
0.316633	1.2046272373560734	0.056966803712826766
0.320641	1.2049216627713093	0.05700120981828711
0.324649	1.2052188843799723	0.057036037344500794
0.328657	1.2055188765176006	0.05707128566067172
0.332665	1.205821613329719	0.05710695410079657
0.336673	1.20612706877711	0.05714304196324592
0.340681	1.2064352166410959	0.05717954851035726
0.344689	1.2067460305288307	0.057216472968046224
0.348697	1.2070594838785969	0.05725381452543418
0.352705	1.2073755499651087	0.057291572334492856
0.356713	1.2076942019048174	0.057329745509704835
0.360721	1.2080154126612184	0.057368333127743226
0.364729	1.2083391550501568	0.05740733422716802
0.368737	1.2086654017451324	0.05744674780814039
0.372745	1.208994125282598	0.05748657283215549
0.376754	1.2093252980672542	0.057526808221792514
0.380762	1.209658892377335	0.05756745286048608
0.38477	1.2099948803698846	0.05760850559231225
0.388778	1.2103332340860224	0.057649965221796086
0.392786	1.2106739254561967	0.057691830513738565
0.396794	1.2110169263054222	0.05773410019306039
0.400802	1.211362208358503	0.05777677294466594
0.40481	1.2117097432452366	0.05781984741332796
0.408818	1.2120595025056007	0.057863322203588634
0.412826	1.212411457594916	0.057907195879682814
0.416834	1.2127655798889903	0.05795146696547877
0.420842	1.2131218406892355	0.057996133944438914
0.42485	1.2134802112277627	0.05804119525960022
0.428858	1.2138406626724476	0.058086649313573616
0.432866	1.2142031661319692	0.05813249446856238
0.436874	1.2145676926608189	0.05817872904640015
0.440882	1.2149342132642784	0.05822535132860892
0.44489	1.2153026989033662	0.05827235955647431
0.448898	1.2156731204997488	0.05831975193114089
0.452906	1.2160454489406196	0.058367526613726836
0.456914	1.21641965508354	0.05841568172545619
0.460922	1.216795709761243	0.05846421534780993
0.46493	1.2171735837864004	0.05851312552269673
0.468938	1.217553247956349	0.058562410252639766
0.472946	1.2179346730577754	0.0586120675009832
0.476954	1.2183178298713613	0.05866209519211599
0.480962	1.2187026891763841	0.05871249121171351
0.48497	1.219089221755275	0.058763253406995467
0.488978	1.21947739839813	0.05881437958700287
0.492986	1.2198671899071794	0.05886586752288987
0.496994	1.2202585671012058	0.05891771494823433
0.501002	1.2206515008199186	0.05896991955936159
0.50501	1.2210459619282765	0.059022479015688446
0.509018	1.221441921320764	0.059075390940079194
0.513026	1.2218393499256155	0.05912865291921873
0.517034	1.2222382187089909	0.059182262504000945
0.521042	1.2226384986790961	0.05923621720993165
0.52505	1.2230401608902557	0.059290514517545426
0.529058	1.2234431764469291	0.05934515187283733
0.533066	1.2238475165076754	0.0594001266877079
0.537074	1.224253152289063	0.05945543634042235
0.541082	1.224660055069525	0.059511078176081186
0.54509	1.2250681961931593	0.059567049507105646
0.549098	1.2254775470734727	0.059623347613733425
0.553106	1.225888079197069	0.05967996974452774
0.557114	1.2262997641272813	0.05973691311689784
0.561122	1.2267125735077444	0.059794174917629485
0.56513	1.2271264790659138	0.05985175230342732
0.569138	1.2275414526165238	0.059909642401467525
0.573146	1.227957466064988	0.059967842309959836
0.577154	1.2283744914107426	0.060026349098720136
0.581162	1.22879250075053	0.060085159809750634
0.58517	1.2292114662816227	0.06014427145783084
0.589178	1.2296313603049902	0.06020368103111471
0.593186	1.2300521552284047	0.06026338549173805
0.597194	1.2304738235694872	0.0603233817764311
0.601202	1.2308963379586957	0.060383666797140675
0.60521	1.231319671142252	0.060444237441656355
0.609218	1.2317437959850093	0.060505090574245586
0.613226	1.2321686854732596	0.060566223036293255
0.617234	1.2325943127174819	0.060627631646946234
0.621242	1.2330206509550297	0.06068931320376543
0.625251	1.2334476735527586	0.06075126448337915
0.629259	1.2338753540095955	0.060813482242144355
0.633267	1.2343036659590454	0.060875963216808625
0.637275	1.2347325831716411	0.06093870412517773
0.641283	1.2351620795573324	0.06100170166678604
0.645291	1.235592129167814	0.06106495252356828
0.649299	1.2360227061987985	0.061128453360535635
0.653307	1.236453784992225	0.061192200826452964
0.657315	1.2368853400384137	0.06125619155451657
0.661323	1.237317345978158	0.0613204221630352
0.665331	1.23774977760476	0.06138488925611017
0.669339	1.2381826098660085	0.06144958942431766
0.673347	1.238615817866097	0.061514519245389476
0.677355	1.2390493768674866	0.06157967528489499
0.681363	1.2394832622927086	0.06164505409692128
0.685371	1.2399174497261127	0.061710652224754144
0.689379	1.2403519149155586	0.06177646620155642
0.693387	1.2407866337740485	0.06184249255104482
0.697395	1.2412215823813073	0.06190872778816619
0.701403	1.241656736985305	0.06197516841977063
0.705411	1.2420920740037256	0.062041810945282154
0.709419	1.2425275700253788	0.06210865185736722
0.713427	1.2429632018115608	0.06217568764259874
0.717435	1.2433989462973591	0.06224291478211972
0.721443	1.243834780592905	0.06231032975229976
0.725451	1.2442706819845728	0.06237792902539049
0.729459	1.2447066279361263	0.062445709070174875
0.733467	1.2451425960898146	0.06251366635261382
0.737475	1.245578564267416	0.06258179733648643
0.741483	1.246014510471231	0.06265009848402758
0.745491	1.2464504128850245	0.06271856625655767
0.749499	1.2468862498749196	0.06278719711510962
0.753507	1.2473219999902412	0.0628559875210486
0.757515	1.247757641964311	0.06292493393668644
0.761523	1.2481931547151952	0.06299403282589115
0.765531	1.2486285173464033	0.0630632806546881
0.769539	1.2490637091475423	0.0631326738918565
0.773547	1.249498709594921	0.06320220900951973
0.777555	1.2499334983521129	0.06327188248372691
0.781563	1.25036805527047	0.06334169079502974
0.785571	1.2508023603895948	0.06341163042905108
0.789579	1.251236393937767	0.06348169787704722
0.793587	1.2516701363323273	0.06355188963646105
0.797595	1.2521035681800183	0.06362220221147076
0.801603	1.2525366702772835	0.06369263211352774
0.805611	1.2529694236105253	0.06376317586188887
0.809619	1.2534018093563204	0.0638338299841407
0.813627	1.253833808881598	0.0639045910167145
0.817635	1.2542654037437748	0.06397545550539485
0.821643	1.254696575690855	0.06404642000581898
0.825651	1.2551273066614883	0.06411748108396817
0.829659	1.2555575787849929	0.06418863531665149
0.833667	1.25598737438134	0.06425987929198011
0.837675	1.2564166759611026	0.06433120960983348
0.841683	1.2568454662253687	0.06440262288231789
0.845691	1.2572737280656192	0.06447411573421509
0.849699	1.25770144456357	0.06454568480342308
0.853707	1.2581285989909832	0.06461732674138837
0.857715	1.2585551748094426	0.06468903821352898
0.861723	1.258981155670098	0.06476081589964891
0.865731	1.2594065254133766	0.06483265649434414
0.869739	1.2598312680686639	0.06490455670739953
0.873747	1.2602553678539543	0.06497651326417689
0.877756	1.2606788091754701	0.06504852290599453
0.881764	1.261101576627254	0.06512058239049737
0.885772	1.2615236549907285	0.0651926884920194
0.88978	1.2619450292342325	0.06526483800193598
0.893788	1.2623656845125253	0.06533702772900778
0.897796	1.2627856061662683	0.0654092544997165
0.901804	1.2632047797214763	0.06548151515859132
0.905812	1.2636231908889464	0.06555380656852645
0.90982	1.26404082556366	0.06562612561109003
0.913828	1.264457669824161	0.06569846918682488
0.917836	1.2648737099319107	0.06577083421553911
0.921844	1.2652889323306178	0.06584321763659076
0.925852	1.2657033236455477	0.06591561640916042
0.92986	1.2661168706828083	0.0659880275125182
0.933868	1.2665295604286155	0.06606044794628066
0.937876	1.266941380048537	0.06613287473066014
0.941884	1.2673523168867151	0.06620530490670423
0.945892	1.2677623584650723	0.06627773553652927
0.9499	1.2681714924824945	0.06635016370354349
0.953908	1.2685797068139977	0.06642258651266242
0.957916	1.2689869895098758	0.06649500109051706
0.961924	1.2693933287948318	0.06656740458565343
0.965932	1.2697987130670898	0.0666397941687232
0.96994	1.2702031308974935	0.06671216703266844
0.973948	1.2706065710285859	0.06678452039289622
0.977956	1.2710090223736754	0.06685685148744687
0.981964	1.2714104740158874	0.06692915757715508
0.985972	1.271810915207199	0.06700143594580102
0.98998	1.2722103353674625	0.06707368390025653
0.993988	1.272608724083414	0.06714589877062249
0.997996	1.2730060711076696	0.06721807791035975
1.002004	1.2734023663577092	0.06729021869641057
1.006012	1.273797599914848	0.0673623185293162
1.01002	1.2741917620231975	0.06743437483332551
1.014028	1.2745848430886135	0.06750638505649546
1.018036	1.2749768336776357	0.06757834667078808
1.022044	1.2753677245164168	0.06765025717215688
1.026052	1.2757575064896407	0.06772211408062967
1.03006	1.2761461706394321	0.06779391494038216
1.034068	1.276533708164259	0.06786565731980787
1.038076	1.2769201104178234	0.06793733881157882
1.042084	1.2773053689079477	0.06800895703270206
1.046092	1.2776894752954513	0.06808050962456863
1.0501	1.2780724213930206	0.06815199425299746
1.054108	1.2784541991640728	0.06822340860827218
1.058116	1.2788348007216126	0.06829475040517358
1.062124	1.2792142183270845	0.06836601738300441
1.066132	1.2795924443892166	0.06843720730560993
1.07014	1.2799694714628627	0.06850831796139205
1.074148	1.2803452922478373	0.0685793471633192
1.078156	1.2807198995877473	0.06865029274892867
1.082164	1.2810932864688185	0.0687211525803257
1.086172	1.2814654460187187	0.06879192454417678
1.09018	1.2818363715053793	0.06886260655169715
1.094188	1.2822060563358106	0.06893319653863436
1.098196	1.2825744940549166	0.06900369246524647
1.102204	1.2829416783443066	0.06907409231627558
1.106212	1.2833076030211052	0.06914439410091609
1.11022	1.2836722620367595	0.06921459585277973
1.114228	1.2840356494758458	0.06928469562985508
1.118236	1.2843977595548752	0.06935469151446302
1.122244	1.2847585866210964	0.06942458161320719
1.126253	1.2851181251513009	0.06949436405692265
1.130261	1.285476369750625	0.06956403700061684
1.134269	1.2858333151513544	0.06963359862341019
1.138277	1.2861889562117248	0.06970304712847004
1.142285	1.2865432879147294	0.06977238074294245
1.146293	1.28689630536692	0.0698415977178803
1.150301	1.2872480037972143	0.06991069632816599
1.154309	1.287598378555702	0.06997967487243356
1.158317	1.2879474251124527	0.07004853167298461
1.162325	1.2882951390563258	0.070117265075703
1.166333	1.2886415160937814	0.07018587344996469
1.170341	1.2889865520476946	0.07025435518854578
1.174349	1.2893302428561717	0.07032270870752709
1.178357	1.2896725845713675	0.07039093244619476
1.182365	1.2900135733583071	0.07045902486693992
1.186373	1.2903532054937104	0.07052698445515398
1.190381	1.2906914773648182	0.07059480971912209
1.194389	1.2910283854682238	0.07066249918991326
1.198397	1.2913639264087067	0.07073005142126901
1.202405	1.2916980968980687	0.07079746498948815
1.206413	1.2920308937539777	0.07086473849331117
1.210421	1.2923623138988112	0.07093187055379983
1.214429	1.2926923543585072	0.07099885981421729
1.218437	1.2930210122614165	0.0710657049399035
1.222445	1.2933482848371625	0.07113240461815055
1.226453	1.2936741694155032	0.07119895755807511
1.230461	1.2939986634251996	0.07126536249048887
1.234469	1.294321764392887	0.07133161816776806
1.238477	1.294643469941954	0.0713977233637198
1.242485	1.2949637777914242	0.07146367687344808
1.246493	1.2952826857548447	0.07152947751321793
1.250501	1.295600191739179	0.07159512412031635
1.254509	1.2959162937437065	0.07166061555291518
1.258517	1.2962309898589264	0.0717259506899284
1.262525	1.2965442782654684	0.07179112843087224
1.266533	1.2968561572330082	0.07185614769572042
1.270541	1.2971666251191907	0.07192100742476085
1.274549	1.297475680368556	0.07198570657844885
1.278557	1.297783321511476	0.07205024413726233
1.282565	1.2980895471630929	0.07211461910155224
1.286573	1.2983943560222662	0.07217883049139526
1.290581	1.2986977468705267	0.07224287734644368
1.294589	1.2989997185710351	0.07230675872577509
1.298597	1.2993002700675482	0.07237047370774159
1.302605	1.2995994003833917	0.07243402138981694
1.306613	1.2998971086204396	0.07249740088844481
1.310621	1.3001933939580999	0.07256061133888535
1.314629	1.3004882556523079	0.0726236518950611
1.318637	1.300781693034525	0.07268652172940228
1.322645	1.301073705510747	0.07274922003269281
1.326653	1.3013642925605158	0.07281174601391438
1.330661	1.3016534537359408	0.07287409890009072
1.334669	1.301941188660727	0.07293627793613187
1.338677	1.302227497029209	0.07299828238467758
1.342685	1.302512378605393	0.07306011152594043
1.346693	1.3027958332220062	0.0731217646575499
1.350701	1.303077860779553	0.0731832410943943
1.354709	1.303358461245378	0.07324454016846427
1.358717	1.303637634652737	0.07330566122869533
1.362725	1.303915381099876	0.0733666036408108
1.366733	1.3041917007491155	0.07342736678716412
1.370741	1.3044665938259432	0.07348795006658172
1.374749	1.3047400606181152	0.07354835289420653
1.378758	1.3050121014747622	0.07360857470133941
1.382766	1.305282716805506	0.07366861493528348
1.386774	1.30555190707958	0.07372847305918652
1.390782	1.3058196728249603	0.0737881485518848
1.39479	1.3060860146275028	0.07384764090774637
1.398798	1.3063509331300873	0.07390694963651487
1.402806	1.3066144290317696	0.07396607426315405
1.406814	1.306876503086942	0.07402501432769187
1.410822	1.3071371561044987	0.07408376938506539
1.41483	1.3073963889470122	0.07414233900496625
1.418838	1.3076542025299132	0.07420072277168517
1.422846	1.3079105978206818	0.07425892028395986
1.426854	1.308165575838043	0.07431693115481947
1.430862	1.3084191376511713	0.07437475501143283
1.43487	1.3086712843789026	0.07443239149495554
1.438878	1.3089220171889533	0.07448984026037776
1.442886	1.3091713372971463	0.07454710097637253
1.446894	1.3094192459666454	0.0746041733251456
1.450902	1.309665744507196	0.07466105700228437
1.45491	1.3099108342743742	0.07471775171660841
1.458918	1.3101545166688426	0.07477425719002041
1.462926	1.3103967931356135	0.07483057315735736
1.466934	1.3106376651633196	0.07488669936624347
1.470942	1.3108771342834915	0.07494263557694245
1.47495	1.3111152020698429	0.07499838156221128
1.478958	1.3113518701375637	0.07505393710715448
1.482966	1.3115871401426182	0.0751093020090794
1.486974	1.3118210137810535	0.07516447607735122
1.490982	1.3120534927883114	0.07521945913325097
1.49499	1.3122845789385515	0.07527425100983111
1.498998	1.3125142740439777	0.07532885155177498
1.503006	1.312742579954174	0.07538326061525484
1.507014	1.3129694985554472	0.07543747806779247
1.511022	1.3131950317701755	0.07549150378811861
1.51503	1.3134191815561644	0.0755453376660353
1.519038	1.3136419499060115	0.07559897960227772
1.523046	1.3138633388464742	0.07565242950837746
1.527054	1.314083350437849	0.0757056873065257
1.531062	1.3143019867733532	0.07575875292943975
1.53507	1.3145192499785172	0.07581162632022656
1.539078	1.3147351422105806	0.07586430743225134
1.543086	1.3149496656578974	0.07591679622900396
1.547094	1.3151628225393452	0.07596909268396734
1.551102	1.3153746151037446	0.07602119678048747
1.55511	1.3155850456292812	0.07607310851164328
1.559118	1.3157941164229383	0.07612482788011753
1.563126	1.3160018298199316	0.07617635489806959
1.567134	1.3162081881831555	0.07622768958700796
1.571142	1.316413193902631	0.07627883197766473
1.57515	1.3166168493949628	0.07632978210987032
1.579158	1.316819157102803	0.07638054003242889
1.583166	1.3170201194943192	0.07643110580299627
1.587174	1.3172197390626705	0.07648147948795725
1.591182	1.317418018325489	0.07653166116230398
1.59519	1.3176149598243678	0.07658165090951671
1.599198	1.3178105661243544	0.0766314488214434
1.603206	1.318004839813452	0.07668105499818254
1.607214	1.3181977835021252	0.07673046954796464
1.611222	1.3183893998228113	0.0767796925870373
1.61523	1.3185796914294396	0.0768287242395485
1.619238	1.3187686609969558	0.07687756463743364
1.623246	1.3189563112208502	0.07692621392029995
1.627255	1.3191426448166956	0.07697467223531698
1.631263	1.3193276645196876	0.07702293973710282
1.635271	1.3195113730841925	0.07707101658761456
1.639279	1.3196937732833	0.0771189029560386
1.643287	1.3198748679083823	0.07716659901868254
1.647295	1.3200546597686582	0.07721410495886727
1.651303	1.320233151690763	0.07726142096682043
1.655311	1.3204103465183241	0.07730854723957117
1.659319	1.3205862471115413	0.07735548398084527
1.663327	1.3207608563467736	0.07740223140096142
1.667335	1.320934177116131	0.07744878971672883
1.671343	1.3211062123270705	0.0774951591513457
1.675351	1.3212769649019998	0.07754133993429829
1.679359	1.3214464377778836	0.07758733230126098
1.683367	1.3216146339058568	0.07763313649399751
1.687375	1.3217815562508424	0.07767875276026416
1.691383	1.321947207791174	0.07772418135371126
1.695391	1.3221115915182247	0.0777694225337886
1.699399	1.3222747104360386	0.07781447656564991
1.703407	1.3224365675609704	0.07785934372005894
1.707415	1.3225971659213271	0.07790402427329646
1.711423	1.3227565085570159	0.077948518507068
1.715431	1.322914598519197	0.07799282670841313
1.719439	1.3230714388699412	0.07803694916961448
1.723447	1.3232270326818911	0.07808088618810909
1.727455	1.3233813830379284	0.0781246380663996
1.731463	1.3235344930308455	0.07816820511196715
1.735471	1.3236863657630205	0.07821158763718453
1.739479	1.3238370043460985	0.07825478595923048
1.743487	1.323986411900677	0.07829780040000543
1.747495	1.324134591555994	0.07834063128604736
1.751503	1.324281546449623	0.07838327894844883
1.755511	1.3244272797271706	0.07842574372277486
1.759519	1.3245717945419795	0.07846802594898244
1.763527	1.3247150940548358	0.07851012597133916
1.767535	1.3248571814336785	0.07855204413834525
1.771543	1.3249980598533162	0.07859378080265372
1.775551	1.325137732495146	0.07863533632099368
1.779559	1.3252762025468776	0.07867671105409295
1.783567	1.3254134732022598	0.07871790536660264
1.787575	1.3255495476608128	0.0787589196270219
1.791583	1.3256844291275638	0.07879975420762364
1.795591	1.3258181208127866	0.07884040948438119
1.799599	1.3259506259317448	0.07888088583689593
1.803607	1.3260819477044392	0.07892118364832568
1.807615	1.3262120893553584	0.07896130330531297
1.811623	1.3263410541132346	0.07900124519791671
1.815631	1.3264688452108013	0.07904100971954087
1.819639	1.3265954658845562	0.07908059726686788
1.823647	1.3267209193745266	0.07912000823978965
1.827655	1.3268452089240392	0.07915924304134206
1.831663	1.3269683377794932	0.07919830207763713
1.835671	1.3270903091901365	0.07923718575780019
1.839679	1.3272111264078466	0.07927589449390264
1.843687	1.3273307926869133	0.0793144287009008
1.847695	1.3274493112838261	0.07935278879657118
1.851703	1.3275666854570645	0.07939097520144954
1.855711	1.3276829184668915	0.07942898833876827
1.859719	1.3277980135751501	0.07946682863439677
1.863727	1.327911974045065	0.0795044965167813
1.867735	1.3280248031410438	0.07954199241688525
1.871743	1.3281365041284858	0.07957931676813139
1.875752	1.3282470802735902	0.07961647000634355
1.87976	1.328356534843169	0.07965345256968999
1.883768	1.3284648711044642	0.0796902648986274
1.887776	1.3285720923249653	0.0797269074358442
1.891784	1.3286782017722316	0.07976338062620718
1.895792	1.3287832027137179	0.07979968491670575
1.8998	1.3288870984166008	0.07983582075639989
1.903808	1.328989892147611	0.07987178859636614
1.907816	1.3290915871728661	0.07990758888964605
1.911824	1.3291921867577063	0.07994322209119481
1.915832	1.329291694166535	0.07997868865782998
1.91984	1.3293901126626595	0.08001398904818195
1.923848	1.3294874455081365	0.08004912372264385
1.927856	1.3295836959636185	0.08008409314332278
1.931864	1.3296788672882047	0.08011889777399207
1.935872	1.3297729627392934	0.0801535380800436
1.93988	1.3298659855724362	0.08018801452844015
1.943888	1.3299579390411973	0.08022232758766976
1.947896	1.3300488263970125	0.08025647772769996
1.951904	1.3301386508890525	0.08029046541993268
1.955912	1.3302274157640879	0.08032429113715944
1.95992	1.330315124266357	0.08035795535351757
1.963928	1.3304017796374359	0.08039145854444721
1.967936	1.3304873851161105	0.08042480118664837
1.971944	1.330571943938252	0.08045798375803895
1.975952	1.3306554593366926	0.08049100673771238
1.97996	1.3307379345411066	0.08052387060589851
1.983968	1.33081937277789	0.08055657584392091
1.987976	1.3308997772700466	0.08058912293415856
1.991984	1.3309791512370717	0.08062151236000624
1.995992	1.331057497894841	0.08065374460583538
2.0	1.3311348204555025	0.0806858201569562
