0.0	1.0657212192197039	0.05203574981106086
0.004008	1.0655131851965478	0.05207655252846062
0.008016	1.0656647956073115	0.05210775566070605
0.012024	1.0661878554274962	0.05212883963923845
0.016032	1.0670927237674344	0.05213971815013544
0.02004	1.0683881665854984	0.052140775596326315
0.024048	1.070081221410543	0.05213289732183366
0.028056	1.0721770770418253	0.05211749109633739
0.032064	1.0746789710312186	0.05209649835861616
0.036072	1.0775881074960378	0.05207239376744745
0.04008	1.080903597464427	0.05204817172431581
0.044088	1.0846224235264892	0.0520273187313054
0.048096	1.0887394300648796	0.05201377074723897
0.052104	1.0932473397838536	0.05201185512036732
0.056112	1.0981367966644784	0.05202621721545958
0.06012	1.1033964348667447	0.0520617325153207
0.064128	1.1090129724988393	0.0521234057446544
0.068136	1.114971328602048	0.05221625940161821
0.072144	1.121254761177687	0.05234521493173961
0.076152	1.1278450236289184	0.0525149705623137
0.08016	1.1347225366207523	0.052729880441233536
0.084168	1.1418665720875218	0.05299384009775681
0.088176	1.1492554459455366	0.053310183282099785
0.092184	1.1568667160017505	0.053681594893637156
0.096192	1.1646773815846887	0.054110043966104
0.1002	1.1726640815549527	0.0545967395873494
0.104208	1.18080328756901	0.05514211128670956
0.108216	1.18907148975855	0.055745813959391925
0.112224	1.1974453723332774	0.056406755966372985
0.116232	1.2059019770013897	0.0571231477948492
0.12024	1.2144188525127892	0.05789256770242125
0.124248	1.2229741890495474	0.058712040166039134
0.128257	1.2315469366018155	0.05957812273055736
0.132265	1.2401169068627043	0.06048699697060234
0.136273	1.2486648585421727	0.06143455967740226
0.140281	1.2571725663296662	0.06241651097414075
0.144289	1.265622874022511	0.06342843676062242
0.148297	1.273999732578551	0.06446588361087575
0.152305	1.282288224046078	0.0655244249326909
0.156313	1.290474572472347	0.06659971780283269
0.160321	1.2985461429960972	0.06768755039175632
0.164329	1.3064914303928465	0.06878388027922176
0.168337	1.3143000383685295	0.06988486424134051
0.172345	1.3219626508920022	0.07098688027209131
0.176353	1.329470996825092	0.07208654270398791
0.180361	1.3368178090551903	0.07318071133032854
0.184369	1.343996779264755	0.07426649542149451
0.188377	1.3510025093889872	0.07534125348437119
0.192385	1.3578304607215086	0.0764025895490315
0.196393	1.3644769015316527	0.07744834668973706
0.200401	1.3709388539591414	0.07847659840512188
0.204409	1.3772140408549467	0.07948563840024442
0.208417	1.3833008331431698	0.08047396923440778
0.212425	1.3891981981893426	0.08144029022545439
0.216433	1.3949056495768677	0.08238348493480516
0.220441	1.400423198616164	0.08330260849835479
0.224449	1.4057513078409107	0.08419687501645133
0.228457	1.410890846682839	0.0850656451713162
0.232465	1.4158430494607397	0.08590841420187884
0.236473	1.420609475770599	0.08672480033354796
0.240481	1.425191973321683	0.0875145337332774
0.244489	1.4295926432275932	0.08827744603778075
0.248497	1.4338138077313052	0.08901346048429783
0.252505	1.437857980318491	0.08972258265837771
0.256513	1.4417278381534882	0.09040489186118651
0.260521	1.4454261967565818	0.09106053308942788
0.264529	1.4489559868293107	0.09168970961368372
0.268537	1.4523202331258116	0.09229267613548647
0.272545	1.4555220352623242	0.09286973249939971
0.276553	1.458564550353462	0.09342121793359483
0.280561	1.4614509773623634	0.0939475057905842
0.284569	1.4641845430519715	0.0944489987587653
0.288577	1.4667684894262307	0.09492612451505675
0.292585	1.4692060625525523	0.09537933178904201
0.296593	1.471500502660374	0.09580908680956111
0.300601	1.473655035414709	0.09621587010551383
0.304609	1.4756728642681511	0.09660017363368636
0.308617	1.4775571637996805	0.09696249820761238
0.312625	1.4793110739537005	0.09730335120278595
0.316633	1.480937695097902	0.09762324451491938
0.320641	1.4824400838237473	0.09792269274933076
0.324649	1.4838212494184844	0.09820221162095806
0.328657	1.4850841509426234	0.09846231654587727
0.332665	1.4862316948516627	0.09870352140655353
0.336673	1.4872667331055327	0.09892633747436852
0.340681	1.488192061713685	0.09913127247421163
0.344689	1.489010419668009	0.09931882977712649
0.348697	1.489724488219753	0.09948950770812486
0.352705	1.490336890460416	0.09964379895735809
0.356713	1.4908501911700969	0.09978219008382277
0.360721	1.4912668969000948	0.09990516110172344
0.364729	1.4915894562596232	0.10001318514047985
0.368737	1.4918202603793451	0.10010672817017288
0.372745	1.491961643527073	0.10018624878498023
0.376754	1.4920158838534077	0.10025219803783447
0.380762	1.4919852042473183	0.10030501932018068
0.38477	1.4918717732837314	0.10034514828129595
0.388778	1.4916777062470683	0.10037301278216766
0.392786	1.4914050662163896	0.10038903287942634
0.396794	1.4910558651993866	0.10039362083527609
0.400802	1.4906320653038736	0.1003871811497805
0.40481	1.4901355799367482	0.10037011061223589
0.408818	1.4895682750215606	0.10034279836870856
0.412826	1.4889319702269046	0.10030562600312341
0.416834	1.4882284401988073	0.10025896762957458
0.420842	1.4874594157911758	0.10020318999378612
0.42485	1.4866265852891372	0.10013865258188398
0.428858	1.485731595620826	0.1000657077348508
0.432866	1.4847760535538048	0.0999847007672274
0.436874	1.4837615268728779	0.09989597008879592
0.440882	1.4826895455365676	0.0997998473281364
0.44489	1.481561602809984	0.09969665745708764
0.448898	1.4803791563722195	0.09958671891527233
0.452906	1.4791436293967692	0.09947034373395552
0.456914	1.4778564116037978	0.0993478376586135
0.460922	1.4765188602833557	0.09921950026967838
0.46493	1.4751323012889028	0.09908562510100383
0.468938	1.473698030000719	0.09894649975567851
0.472946	1.472217312258974	0.09880240601887297
0.476954	1.470691385266399	0.09865361996746567
0.480962	1.4691214584606531	0.09850041207624824
0.48497	1.467508714356602	0.09834304732056003
0.488978	1.4658543093588392	0.09818178527523114
0.492986	1.4641593745448758	0.09801688020976802
0.496994	1.4624250164195014	0.09784858117973265
0.501002	1.4606523176408894	0.09767713211430448
0.50501	1.4588423377190776	0.09750277190003513
0.509018	1.4569961136874934	0.09732573446083181
0.513026	1.4551146607482426	0.09714624883422282
0.517034	1.4531989728918973	0.09696453924397451
0.521042	1.4512500234925494	0.09678082516914786
0.52505	1.4492687658789085	0.09659532140969222
0.529058	1.447256133882233	0.09640823814868672
0.533066	1.4452130423618912	0.09621978101134837
0.537074	1.443140387709347	0.0960301511209341
0.541082	1.4410390483313678	0.09583954515167258
0.54509	1.43890988511324	0.09564815537886368
0.549098	1.4367537418627756	0.0954561697262907
0.553106	1.434571445735878	0.09526377181109359
0.557114	1.4323638076444245	0.09507114098625359
0.561122	1.4301316226472107	0.09487845238084086
0.56513	1.4278756703246802	0.09468587693818102
0.569138	1.4255967151381523	0.09449358145209265
0.573146	1.4232955067742383	0.09430172860135076
0.577154	1.420972780475121	0.09411047698253255
0.581162	1.4186292573553496	0.09391998114139367
0.58517	1.4162656447057846	0.09373039160293183
0.589178	1.4138826362853074	0.09354185490028255
0.593186	1.4114809126008858	0.09335451360259821
0.597194	1.4090611411765712	0.09316850634205444
0.601202	1.4066239768119773	0.09298396784012458
0.60521	1.4041700618307742	0.09280102893326254
0.609218	1.401700026319709	0.09261981659813037
0.613226	1.399214488358646	0.09244045397650011
0.617234	1.3967140542420953	0.09226306039996049
0.621242	1.3941993186926884	0.09208775141455061
0.625251	1.3916708650670282	0.09191463880544029
0.629259	1.389129265554332	0.09174383062177331
0.633267	1.3865750813682638	0.09157543120178091
0.637275	1.3840088629323348	0.0914095411982745
0.641283	1.3814311500592318	0.0912462576046142
0.645291	1.3788424721244197	0.09108567378124913
0.649299	1.3762433482343472	0.09092787948292097
0.653307	1.3736342873895644	0.09077296088660974
0.657315	1.3710157886430518	0.09062100062030712
0.661323	1.3683883412540423	0.09047207779268093
0.665331	1.3657524248376007	0.0903262680237057
0.669339	1.3631085095102173	0.09018364347631536
0.673347	1.360457056031652	0.0900442728891323
0.677355	1.357798515943259	0.08990822161032451
0.681363	1.3551333317030025	0.08977555163263164
0.685371	1.3524619368173678	0.08964632162959428
0.689379	1.3497847559703577	0.08952058699302302
0.693387	1.3471022051497539	0.08939839987172236
0.697395	1.344414691770809	0.08927980921149913
0.701403	1.341722614797534	0.08916486079645619
0.705411	1.3390263648617218	0.08905359729158764
0.709419	1.3363263243798522	0.08894605828666889
0.713427	1.3336228676680058	0.08884228034144208
0.717435	1.3309163610549086	0.08874229703208204
0.721443	1.3282071629932217	0.08864613899892951
0.725451	1.3254956241691809	0.08855383399546791
0.729459	1.3227820876106848	0.08846540693852147
0.733467	1.3200668887939233	0.08838087995963685
0.737475	1.3173503557486301	0.08830027245761869
0.741483	1.314632809162038	0.08822360115217504
0.745491	1.3119145624816084	0.08815088013862812
0.749499	1.3091959220166027	0.08808212094364325
0.753507	1.3064771870385556	0.08801733258192222
0.757515	1.3037586498807063	0.0879565216138047
0.761523	1.3010405960364386	0.08789969220372065
0.765531	1.2983233042567774	0.08784684617942909
0.769539	1.295607046646983	0.08779798309198011
0.773547	1.292892088762279	0.08775310027633301
0.777555	1.2901786897027552	0.08771219291256008
0.781563	1.2874671022074664	0.08767525408756774
0.785571	1.284757572747764	0.08764227485725949
0.789579	1.282050341619877	0.08761324430906965
0.793587	1.2793456430367698	0.08758814962479318
0.797595	1.2766437052192925	0.08756697614363533
0.801603	1.2739447504866384	0.08754970742540764
0.805611	1.2712489953461263	0.08753632531379361
0.809619	1.2685566505823174	0.08752680999960988
0.813627	1.265867921345474	0.0875211400839888
0.817635	1.2631830072393728	0.08751929264140723
0.821643	1.2605021024084735	0.08752124328249057
0.825651	1.2578253956244514	0.08752696621651991
0.829659	1.2551530703720946	0.08753643431357144
0.833667	1.252485304934567	0.08754961916622143
0.837675	1.2498222724780412	0.08756649115074859
0.841683	1.2471641411356957	0.08758701948777067
0.845691	1.2445110740910792	0.08761117230225332
0.849699	1.2418632296608365	0.08763891668282846
0.853707	1.239220761376796	0.08767021874036784
0.857715	1.2365838180674114	0.08770504366575664
0.861723	1.2339525439385552	0.08774335578681139
0.865731	1.2313270786536603	0.0877851186242983
0.869739	1.2287075574132016	0.08783029494699968
0.873747	1.2260941110335128	0.08787884682578881
0.877756	1.223486866024935	0.08793073568667224
0.881764	1.2208859446692852	0.0879859223627579
0.885772	1.2182914650966457	0.08804436714511957
0.88978	1.2157035413614603	0.0881060298325217
0.893788	1.2131222835179372	0.08817086977997911
0.897796	1.2105477976947467	0.08823884594612304
0.901804	1.2079801861690123	0.08830991693935175
0.905812	1.2054195474395828	0.08838404106274768
0.90982	1.2028659762995841	0.08846117635773967
0.913828	1.200319563908242	0.08854128064650221
0.917836	1.19778039786197	0.0886243115730729
0.921844	1.1952485622647153	0.08871022664318698
0.925852	1.1927241377975608	0.08879898326281643
0.92986	1.1902072017875716	0.08889053877541421
0.933868	1.1876978282758874	0.08898485049785916
0.937876	1.1851960880850512	0.0890818757551063
0.941884	1.18270204888557	0.08918157191354183
0.945892	1.1802157752617057	0.08928389641305215
0.9499	1.17773732877649	0.08938880679781117
0.953908	1.1752667680359599	0.08949626074579753
0.957916	1.17280414875261	0.0896062160970519
0.961924	1.17034952380806	0.08971863088068804
0.965932	1.1679029433149333	0.0898334633406718
0.96994	1.1654644546779447	0.08995067196038324
0.973948	1.163034102654195	0.09007021548598275
0.977956	1.1606119294126716	0.09019205294859363
0.981964	1.1581979745929518	0.09031614368532961
0.985972	1.1557922753631114	0.0904424473591798
0.98998	1.1533948664768339	0.09057092397777945
0.993988	1.1510057803297227	0.09070153391108644
0.997996	1.1486250470148163	0.09083423790798686
1.002004	1.1462526943773046	0.09096899711185645
1.006012	1.1438887480684505	0.09110577307510155
1.01002	1.141533231598716	0.09124452777270309
1.014028	1.1391861663900922	0.0913852236147944
1.018036	1.1368475718276407	0.09152782345829465
1.022044	1.1345174653102428	0.09167229061762633
1.026052	1.132195862300561	0.09181858887454568
1.03006	1.1298827763742172	0.09196668248710708
1.034068	1.127578219268187	0.09211653619779672
1.038076	1.1252822009284167	0.09226811524085647
1.042084	1.1229947295566656	0.09242138534882578
1.046092	1.1207158116565754	0.09257631275833152
1.0501	1.1184454520789748	0.09273286421515088
1.054108	1.1161836540664192	0.09289100697857128
1.058116	1.1139304192969737	0.09305070882508076
1.062124	1.1116857479272417	0.09321193805140565
1.066132	1.109449638634647	0.09337466347692974
1.07014	1.1072220886589708	0.0935388544455154
1.074148	1.1050030938431525	0.09370448082675328
1.078156	1.1027926486733586	0.09387151301666503
1.082164	1.1005907463183253	0.09403992193788492
1.086172	1.0983973786679815	0.09420967903934022
1.09018	1.096212536371358	0.09438075629545867
1.094188	1.09403620887379	0.0945531262049214
1.098196	1.091868384453418	0.0947267617889867
1.102204	1.089709050256995	0.09490163658940459
1.106212	1.087558192335007	0.09507772466594525
1.11022	1.085415795676113	0.09525500059355957
1.114228	1.083281844240911	0.09543343945919394
1.118236	1.0811563209950394	0.095613016858279
1.122244	1.0790392079416193	0.09579370889090966
1.126253	1.0769304861530444	0.09597549215773687
1.130261	1.0748301358021284	0.09615834375558711
1.134269	1.0727381361926154	0.09634224127283025
1.138277	1.0706544657890622	0.09652716278450711
1.142285	1.0685791022460984	0.09671308684723989
1.146293	1.0665120224370759	0.0968999924939345
1.150301	1.0644532024821087	0.09708785922829571
1.154309	1.06240261777552	0.09727666701916547
1.158317	1.0603602430126953	0.09746639629470016
1.162325	1.0583260522163567	0.09765702793640167
1.166333	1.0563000187622618	0.09784854327301283
1.170341	1.054282115404338	0.09804092407429127
1.174349	1.0522723142992565	0.09823415254467409
1.178357	1.050270587030459	0.09842821131684326
1.182365	1.0482769046316414	0.09862308344520455
1.186373	1.0462912376097027	0.09881875239929047
1.190381	1.04431355596717	0.09901520205709483
1.194389	1.0423438292241027	0.09921241669835301
1.198397	1.0403820264394894	0.09941038099777355
1.202405	1.0384281162321412	0.0996090800182313
1.206413	1.0364820668010903	0.09980849920393041
1.210421	1.0345438459455045	0.10000862437354599
1.214429	1.03261342108412	0.10020944171334996
1.218437	1.0306907592742065	0.10041093777033139
1.222445	1.0287758272300684	0.10061309944531514
1.226453	1.0268685913410898	0.10081591398608787
1.230461	1.0249690176893327	0.10101936898053515
1.234469	1.0230770720666973	0.10122345234979847
1.238477	1.0211927199916462	0.10142815234145515
1.242485	1.0193159267255076	0.10163345752272697
1.246493	1.0174466572883591	0.10183935677372447
1.250501	1.0155848764745024	0.1020458392807274
1.254509	1.0137305488675348	0.1022528945295103
1.258517	1.0118836388550276	0.10246051229871415
1.262525	1.010044110642814	0.10266868265326887
1.266533	1.0082119282688973	0.10287739593787033
1.270541	1.0063870556169865	0.10308664277051555
1.274549	1.0045694564296637	0.1032964140360982
1.278557	1.002759094321191	0.10350670088006804
1.282565	1.0009559327899689	0.10371749470215691
1.286573	0.9991599352306418	0.10392878715017322
1.290581	0.9973710649458715	0.10414057011386801
1.294589	0.9955892851577718	0.10435283571887437
1.298597	0.9938145590190216	0.10456557632072072
1.302605	0.9920468496236551	0.10477878449892238
1.306613	0.9902861200175408	0.10499245305115107
1.310621	0.9885323332085529	0.10520657498748369
1.314629	0.986785452176442	0.10542114352473268
1.318637	0.9850454398824113	0.10563615208085872
1.322645	0.9833122592784047	0.1058515942694655
1.326653	0.9815858733161121	0.10606746389438032
1.330661	0.9798662449556991	0.10628375494431713
1.334669	0.9781533371742643	0.1065004615876274
1.338677	0.9764471129740335	0.10671757816713454
1.342685	0.9747475353902944	0.10693509919505577
1.346693	0.9730545674990762	0.10715301934801061
1.350701	0.9713681724245826	0.10737133346211579
1.354709	0.9696883133463822	0.10759003652816611
1.358717	0.9680149535063599	0.10780912368690423
1.362725	0.9663480562154376	0.10802859022437493
1.366733	0.9646875848600681	0.10824843156736817
1.370741	0.9630335029085053	0.10846864327894663
1.374749	0.9613857739168604	0.10868922105406094
1.378758	0.959744361534943	0.10891016071525032
1.382766	0.9581092295118983	0.10913145820842808
1.386774	0.9564803417016386	0.10935310959875323
1.390782	0.954857662068081	0.10957511106658573
1.39479	0.9532411546901881	0.10979745890352605
1.398798	0.9516307837668235	0.1100201495085383
1.402806	0.9500265136214213	0.11024317938415538
1.406814	0.9484283087064764	0.11046654513276723
1.410822	0.9468361336078598	0.11069024345298956
1.41483	0.9452499530489623	0.11091427113611387
1.418838	0.9436697318946716	0.11113862506263594
1.422846	0.9420954351551857	0.11136330219886577
1.426854	0.940527027989668	0.11158829959361288
1.430862	0.9389644757097472	0.111813614374951
1.43487	0.9374077437828661	0.1120392437470579
1.438878	0.9358567978354823	0.11226518498713202
1.442886	0.9343116036561263	0.11249143544238194
1.446894	0.9327721271983187	0.11271799252709125
1.450902	0.9312383345833509	0.11294485371975513
1.45491	0.929710192102933	0.11317201656028861
1.458918	0.9281876662217126	0.11339947864730637
1.462926	0.9266707235796656	0.11362723763547126
1.466934	0.9251593309943671	0.1138552912329123
1.470942	0.9236534554631387	0.11408363719871029
1.47495	0.9221530641650832	0.11431227334044994
1.478958	0.9206581244630025	0.11454119751183797
1.482966	0.9191686039052074	0.11477040761038548
1.486974	0.9176844702272187	0.11499990157515486
1.490982	0.9162056913533645	0.11522967738456794
1.49499	0.9147322353982753	0.11545973305427762
1.498998	0.9132640706682805	0.11569006663509823
1.503006	0.911801165662709	0.11592067621099635
1.507014	0.9103434890750955	0.11615155989714056
1.511022	0.9088910097942976	0.11638271583800751
1.51503	0.9074436969055223	0.116614142205546
1.519038	0.9060015196912693	0.11684583719739505
1.523046	0.9045644476321891	0.11707779903515719
1.527054	0.9031324504078613	0.11731002596272562
1.531062	0.9017054978974938	0.11754251624466257
1.53507	0.9002835601805461	0.1177752681646306
1.539078	0.8988666075372792	0.11800828002387305
1.543086	0.8974546104492318	0.11824155013974527
1.547094	0.8960475395996295	0.11847507684429268
1.551102	0.8946453658737246	0.11870885848287867
1.55511	0.8932480603590713	0.11894289341285663
1.559118	0.8918555943457377	0.11917718000228997
1.563126	0.890467939326455	0.11941171662871476
1.567134	0.8890850669967092	0.11964650167794771
1.571142	0.8877069492547734	0.1198815335429365
1.57515	0.8863335582016855	0.12011681062265155
1.579158	0.884964866141171	0.12035233132101975
1.583166	0.8836008455795142	0.12058809404589797
1.587174	0.8822414692253786	0.12082409720808546
1.591182	0.8808867099895782	0.12106033922037526
1.59519	0.8795365409848022	0.12129681849664328
1.599198	0.8781909355252929	0.12153353345097305
1.603206	0.8768498671264815	0.1217704824968179
1.607214	0.8755133095045786	0.12200766404619705
1.611222	0.8741812365761263	0.122245076508926
1.61523	0.872853622457509	0.12248271829188116
1.619238	0.871530441464426	0.12272058779829656
1.623246	0.8702116681113287	0.12295868342709199
1.627255	0.8688972771108203	0.12319700357223352
1.631263	0.8675872433730227	0.1234355466221232
1.635271	0.8662815420049104	0.12367431095901861
1.639279	0.8649801483096113	0.12391329495848197
1.643287	0.8636830377856798	0.12415249698885615
1.647295	0.8623901861263372	0.12439191541076974
1.651303	0.8611015692186872	0.12463154857666696
1.655311	0.8598171631429019	0.12487139483036541
1.659319	0.8585369441713839	0.12511145250663783
1.663327	0.8572608887679019	0.12535171993081928
1.667335	0.8559889735867037	0.1255921954184383
1.671343	0.854721175471606	0.12583287727487125
1.675351	0.8534574714550622	0.12607376379501933
1.679359	0.8521978387572101	0.12631485326300815
1.683367	0.8509422547848988	0.1265561439519087
1.687375	0.8496906971306974	0.12679763412347872
1.691383	0.8484431435718853	0.12703932202792512
1.695391	0.8471995720694252	0.1272812059036862
1.699399	0.8459599607669203	0.12752328397723187
1.703407	0.8447242879895547	0.12776555446288435
1.707415	0.8434925322430211	0.12800801556265518
1.711423	0.8422646722124324	0.1282506654661014
1.715431	0.8410406867612211	0.12849350235019685
1.719439	0.8398205549300268	0.1287365243792222
1.723447	0.8386042559355708	0.12897972970466898
1.727455	0.8373917691695196	0.12922311646516016
1.731463	0.83618307419734	0.1294666827863862
1.735471	0.8349781507571413	0.12971042678105385
1.739479	0.8337769787585113	0.12995434654885085
1.743487	0.8325795382813421	0.13019844017642374
1.747495	0.8313858095746485	0.13044270573736774
1.751503	0.830195773055379	0.13068714129223116
1.755511	0.8290094093072207	0.1309317448885305
1.759519	0.8278266990793969	0.13117651456077858
1.763527	0.8266476232854602	0.13142144833052322
1.767535	0.8254721630020795	0.13166654420639753
1.771543	0.8243002994678229	0.13191180018418092
1.775551	0.8231320140819368	0.13215721424686963
1.779559	0.82196728840312	0.132402784364758
1.783567	0.8208061041482968	0.13264850849552923
1.787575	0.8196484431913846	0.13289438458435424
1.791583	0.8184942875620618	0.13314041056400078
1.795591	0.817343619444532	0.13338658435495002
1.799599	0.8161964211762874	0.1336329038655212
1.803607	0.8150526752468714	0.13387936699200517
1.807615	0.8139123642966393	0.1341259716188041
1.811623	0.8127754711155201	0.13437271561857875
1.815631	0.8116419786417773	0.13461959685240316
1.819639	0.8105118699607705	0.1348666131699251
1.823647	0.8093851283037172	0.13511376240953335
1.827655	0.8082617370464562	0.13536104239853014
1.831663	0.8071416797082118	0.13560845095331062
1.835671	0.8060249399503598	0.13585598587954612
1.839679	0.8049115015751959	0.13610364497237423
1.843687	0.8038013485247048	0.136351426016592
1.847695	0.8026944648793334	0.13659932678685516
1.851703	0.8015908348567662	0.13684734504788157
1.855711	0.8004904428107028	0.13709547855465753
1.859719	0.7993932732296398	0.13734372505265002
1.863727	0.7982993107356554	0.13759208227802097
1.867735	0.797208540083198	0.1378405479578453
1.871743	0.7961209461578783	0.1380891198103335
1.875752	0.7950365139752663	0.13833779554505507
1.87976	0.7939552286796915	0.13858657286316686
1.883768	0.792877075543048	0.13883544945764242
1.887776	0.7918020399636051	0.13908442301350507
1.891784	0.7907301074648214	0.13933349120806246
1.895792	0.7896612636941649	0.13958265171114306
1.8998	0.7885954944219378	0.13983190218533534
1.903808	0.7875327855401066	0.14008124028622818
1.907816	0.7864731230611385	0.140330663662652
1.911824	0.7854164931168419	0.1405801699569234
1.915832	0.7843628819572145	0.14082975680508855
1.91984	0.7833122759492956	0.14107942183716962
1.923848	0.7822646615760259	0.14132916267741105
1.927856	0.7812200254351126	0.14157897694452648
1.931864	0.7801783542379005	0.1418288622519474
1.935872	0.7791396348082507	0.1420788162080714
1.93988	0.7781038540814245	0.14232883641651062
1.943888	0.7770709991029744	0.14257892047634113
1.947896	0.7760410570276424	0.14282906598235234
1.951904	0.7750140151182638	0.14307927052529565
1.955912	0.7739898607446787	0.14332953169213375
1.95992	0.7729685813826503	0.14357984706628968
1.963928	0.7719501646127906	0.14383021422789474
1.967936	0.7709345981194917	0.14408063075403718
1.971944	0.7699218696898664	0.14433109421900925
1.975952	0.7689119672126943	0.14458160219455404
1.97996	0.7679048786773756	0.14483215225011178
1.983968	0.766900592172893	0.1450827419530651
1.987976	0.7658990958867798	0.14533336886898315
1.991984	0.7649003781040966	0.14558403056186509
1.995992	0.763904427206414	0.1458347245943823
2.0	0.7629112316708045	0.14608544852811975
