0.0	1.1726671194206144	0.05374413326966995
0.004008	1.172785253652483	0.05374985449022033
0.008016	1.1729429683188317	0.05375879352678492
0.012024	1.173140457355896	0.05377097593982572
0.016032	1.1733778774104435	0.053786429639427584
0.02004	1.1736553472679876	0.05380518487260307
0.024048	1.1739729473613483	0.05382727418784698
0.028056	1.1743307193620378	0.05385273237659365
0.032064	1.174728665856614	0.053881596391417215
0.036072	1.1751667501098138	0.05391390524099164
0.04008	1.1756448959159294	0.053949699862026475
0.044088	1.1761629875395194	0.053989022968582864
0.048096	1.1767208697461848	0.05403191887936766
0.052104	1.177318347923751	0.05407843332379897
0.056112	1.1779551882938228	0.054128613227821996
0.06012	1.178631118213288	0.0541825064806448
0.064128	1.1793458265649617	0.05424016168373064
0.068136	1.18009896423619	0.054301627883562076
0.072144	1.1808901446838451	0.05436695428984204
0.076152	1.1817189445837921	0.05443618998094238
0.08016	1.1825849045625398	0.05450938359854062
0.084168	1.1834875300084622	0.054586583033497234
0.088176	1.1844262919596342	0.054667835105118974
0.092184	1.1854006280650375	0.05475318523603162
0.096192	1.186409943615589	0.054842677124940974
0.1002	1.1874536126411914	0.05493635241958961
0.104208	1.1885309790697527	0.0550342503922367
0.108216	1.1896413579439151	0.05513640761997233
0.112224	1.1907840366910312	0.05524285767214826
0.116232	1.191958276441768	0.05535363080715466
0.12024	1.193163313392581	0.0554687536806935
0.124248	1.1943983602071828	0.055588249067607495
0.128257	1.195662607452063	0.05571213559920444
0.132265	1.196955225061047	0.055840427517890326
0.136273	1.198275363823865	0.055973134450765724
0.140281	1.1996221568937047	0.05611026120368646
0.144289	1.2009947213087355	0.05625180757710122
0.148297	1.2023921595226643	0.05639776820480533
0.152305	1.2038135609394454	0.0565481324165407
0.156313	1.2052580034473748	0.05670288412518095
0.160321	1.206724554947923	0.05686200173903316
0.164329	1.2082122748748032	0.0570254580995796
0.168337	1.2097202156989304	0.057193220444784754
0.172345	1.2112474244151168	0.057365250397885446
0.176353	1.2127929440065326	0.0575415039813965
0.180361	1.2143558148831792	0.05772193165586805
0.184369	1.2159350762908399	0.057906478382763464
0.188377	1.2175297676872014	0.05809508371065585
0.192385	1.2191389300820843	0.05828768188379046
0.196393	1.2207616073389578	0.05848420197192596
0.200401	1.2223968474351747	0.05868456802023874
0.204409	1.224043703678603	0.058888699217972656
0.208417	1.2257012358785928	0.05909651008442544
0.212425	1.2273685114694668	0.0593079106707857
0.216433	1.2290446065849725	0.05952280677628205
0.220441	1.2307286070823855	0.059741100177062294
0.224449	1.23241960951519	0.059962688866194075
0.228457	1.2341167220535045	0.06018746730317386
0.232465	1.235819065351648	0.06041532667132923
0.236473	1.2375257733624607	0.06064615514152488
0.240481	1.2392359940982103	0.06087983814060746
0.244489	1.2409488903381154	0.06111625862307224
0.248497	1.2426636402827058	0.061355297344483146
0.252505	1.2443794381554278	0.061596833135243445
0.256513	1.2460954947520677	0.06184074317338005
0.260521	1.247811037938725	0.06208690325508556
0.264529	1.2495253130992157	0.06233518806183754
0.268537	1.2512375835329181	0.0625854714230066
0.272545	1.2529471308041988	0.06283762657294982
0.276553	1.254653255044662	0.06309152640167559
0.280561	1.2563552752095712	0.06334704369826111
0.284569	1.2580525292898714	0.06360405138629342
0.288577	1.2597443744813246	0.06386242275069177
0.292585	1.2614301873123264	0.06412203165536337
0.296593	1.2631093637320352	0.06438275275123027
0.300601	1.2647813191604813	0.06464446167423897
0.304609	1.266445488502366	0.06490703523306192
0.308617	1.2681013261262735	0.06517035158625688
0.312625	1.2697483058110506	0.06543429040873486
0.316633	1.2713859206611018	0.06569873304745173
0.320641	1.2730136829923577	0.06596356266629513
0.324649	1.2746311241906623	0.06622866438020569
0.328657	1.2762377945443149	0.06649392537861688
0.332665	1.277833263052479	0.06675923503835031
0.336673	1.279417117211148	0.06702448502614353
0.340681	1.2809889627783266	0.0672895693910302
0.344689	1.2825484235200504	0.067554384646822
0.348697	1.2840951409388282	0.06781882984497618
0.352705	1.2856287739860537	0.06808280663815212
0.356713	1.2871489987598774	0.06834621933479006
0.360721	1.2886555081899929	0.06860897494505488
0.364729	1.2901480117107333	0.0688709832185071
0.368737	1.2916262349238277	0.06913215667387239
0.372745	1.2930899192521081	0.06939241062128852
0.376754	1.2945388215854068	0.06965166317741629
0.380762	1.2959727139198294	0.06990983527379772
0.38477	1.29739138299153	0.07016685065885146
0.388778	1.2987946299060615	0.07042263589389033
0.392786	1.300182269764317	0.07067712034354005
0.396794	1.3015541312860262	0.07093023616093626
0.400802	1.3029100564317102	0.07118191826806737
0.40481	1.3042499000239502	0.0714321043316245
0.408818	1.305573529368769	0.07168073473470724
0.412826	1.306880823877872	0.07192775254472704
0.416834	1.3081716746924483	0.07217310347783516
0.420842	1.3094459843091746	0.07241673586019598
0.42485	1.3107036662090277	0.07265860058640528
0.428858	1.3119446444894545	0.07289865107535091
0.432866	1.31316885350041	0.07313684322379152
0.436874	1.3143762374847299	0.07337313535792056
0.440882	1.315566750223259	0.07360748818316978
0.44489	1.3167403546851235	0.07383986473248974
0.448898	1.317897022683488	0.07407023031333675
0.452906	1.3190367345371146	0.0742985524535771
0.456914	1.3201594787379904	0.07452480084651449
0.460922	1.3212652516252743	0.07474894729522266
0.46493	1.3223540570657673	0.07497096565636752
0.468938	1.323425906141092	0.07519083178367758
0.472946	1.324480816841735	0.07540852347121922
0.476954	1.325518813768078	0.07562402039661852
0.480962	1.326539927838522	0.07583730406436054
0.48497	1.3275441960047831	0.07604835774928977
0.488978	1.3285316609744222	0.0762571664404185
0.492986	1.3295023709406406	0.07646371678515283
0.496994	1.330456379319367	0.07666799703402152
0.501002	1.3313937444936346	0.07686999698599785
0.50501	1.3323145295652354	0.07706970793448946
0.509018	1.333218802113623	0.07726712261406476
0.513026	1.3341066339620227	0.0774622351479764
0.517034	1.3349781009506902	0.07765504099654032
0.521042	1.3358332827172599	0.0778455369064149
0.52505	1.3366722624840972	0.07803372086082326
0.529058	1.3374951268525779	0.07821959203075796
0.533066	1.3383019656041928	0.0784031507271948
0.537074	1.3390928715083812	0.0785843983543467
0.541082	1.3398679401369809	0.07876333736397573
0.54509	1.3406272696851835	0.07893997121078189
0.549098	1.3413709607988726	0.0791143043088835
0.553106	1.3420991164082212	0.07928634198939559
0.557114	1.342811841567422	0.07945609045911604
0.561122	1.3435092433004179	0.07962355676031921
0.56513	1.344191430452498	0.07978874873166035
0.569138	1.3448585135476256	0.07995167497018653
0.573146	1.345510604651358	0.08011234479444874
0.577154	1.3461478172392196	0.08027076820871107
0.581162	1.34677026607039	0.08042695586824342
0.58517	1.3473780670665663	0.08058091904569153
0.589178	1.3479713371958582	0.08073266959850911
0.593186	1.348550194361578	0.08088221993743798
0.597194	1.349114757295785	0.0810295829960235
0.601202	1.3496651454574464	0.08117477220114679
0.60521	1.350201478935079	0.0813178014445565
0.609218	1.35072387835373	0.08145868505538403
0.613226	1.351232464786173	0.08159743777362086
0.617234	1.3517273596681738	0.08173407472453958
0.621242	1.3522086847177068	0.08186861139403936
0.625251	1.3526765618579857	0.08200106360489352
0.629259	1.3531311131441845	0.08213144749388027
0.633267	1.3535724606937263	0.08225977948977388
0.637275	1.3540007266200134	0.08238607629217576
0.641283	1.3544160329694843	0.08251035485116566
0.645291	1.3548185016618763	0.08263263234774777
0.649299	1.3552082544335824	0.08275292617507363
0.653307	1.3555854127839893	0.0828712539204192
0.657315	1.3559500979246861	0.0829876333478952
0.661323	1.3563024307314397	0.08310208238186809
0.665331	1.3566425316988324	0.08321461909107314
0.669339	1.3569705208974574	0.08332526167339752
0.673347	1.3572865179335794	0.08343402844131205
0.677355	1.3575906419111592	0.08354093780793337
0.681363	1.3578830113961522	0.08364600827369442
0.685371	1.3581637443829904	0.08374925841360698
0.689379	1.3584329582631578	0.08385070686509158
0.693387	1.3586907697957764	0.08395037231636256
0.697395	1.35893729508012	0.08404827349534391
0.701403	1.359172649529973	0.08414442915909995
0.705411	1.3593969478497616	0.08423885808376654
0.709419	1.3596103040123775	0.08433157905495747
0.713427	1.3598128312386235	0.08442261085863767
0.717435	1.3600046419782124	0.08451197227244092
0.721443	1.3601858478922473	0.08459968205741716
0.725451	1.3603565598371214	0.08468575895019717
0.729459	1.3605168878497738	0.0847702216555532
0.733467	1.3606669411342351	0.08485308883934507
0.737475	1.3608068280494117	0.08493437912183747
0.741483	1.360936656098045	0.0850141110713706
0.745491	1.361056531916794	0.08509230319837342
0.749499	1.3611665612673884	0.08516897394970803
0.753507	1.3612668490287998	0.08524414170332587
0.757515	1.3613574991903827	0.08531782476322952
0.761523	1.3614386148459376	0.0853900413547274
0.765531	1.361510298188653	0.08546080961996337
0.769539	1.3615726505068781	0.08553014761371841
0.773547	1.3616257721806881	0.0855980732994678
0.777555	1.3616697626792007	0.08566460454568547
0.781563	1.3617047205586035	0.08572975912238268
0.785571	1.361730743460857	0.08579355469787608
0.789579	1.361747928113036	0.08585600883576937
0.793587	1.3617563703272757	0.0859171389921437
0.797595	1.361756165001288	0.08597696251294663
0.801603	1.36174740611942	0.0860354966315701
0.805611	1.3617301867542202	0.0860927584666107
0.809619	1.3617045990684853	0.08614876501980222
0.813627	1.3616707343177603	0.08620353317411429
0.817635	1.361628682853263	0.08625707969200978
0.821643	1.3615785341252111	0.08630942121385152
0.825651	1.361520376686522	0.08636057425645492
0.829659	1.3614542981968678	0.08641055521177615
0.833667	1.3613803854270587	0.08645938034573278
0.837675	1.361298724263736	0.086507065797147
0.841683	1.3612093997143513	0.08655362757681015
0.845691	1.3611124959124172	0.08659908156665876
0.849699	1.3610080961230056	0.08664344351905703
0.853707	1.3608962827484774	0.08668672905618477
0.857715	1.3607771373344315	0.08672895366951894
0.861723	1.3606507405758466	0.08677013271940985
0.865731	1.3605171723234113	0.0868102814347441
0.869739	1.36037651159002	0.08684941491269053
0.873747	1.360228836557424	0.08688754811852499
0.877756	1.3600742245830242	0.0869246958855302
0.881764	1.3599127522067913	0.08696087291496528
0.885772	1.3597444951583024	0.08699609377610384
0.88978	1.3595695283638827	0.0870303729063335
0.893788	1.3593879259538404	0.08706372461131598
0.897796	1.359199761269785	0.08709616306520333
0.901804	1.359005106872019	0.08712770231090808
0.905812	1.3588040345469932	0.08715835626042184
0.90982	1.3585966153148168	0.08718813869518333
0.913828	1.3583829194368156	0.08721706326648834
0.917836	1.3581630164231262	0.08724514349594298
0.921844	1.3579369750403236	0.08727239277595555
0.925852	1.3577048633190705	0.08729882437026505
0.92986	1.3574667485617846	0.08732445141450322
0.933868	1.357222697350317	0.08734928691679021
0.937876	1.3569727755536327	0.08737334375835827
0.941884	1.3567170483354933	0.08739663469420489
0.945892	1.3564555801621292	0.08741917235377047
0.9499	1.3561884348099031	0.08744096924164121
0.953908	1.3559156753729549	0.0874620377382727
0.957916	1.355637364270827	0.08748239010073584
0.961924	1.3553535632560632	0.08750203846348037
0.965932	1.3550643334217782	0.08752099483911606
0.96994	1.3547697352091959	0.08753927111920971
0.973948	1.3544698284151482	0.08755687907509785
0.977956	1.3541646721995375	0.0875738303587105
0.981964	1.3538543250927533	0.08759013650340823
0.985972	1.3535388450030446	0.08760580892483044
0.98998	1.3532182892238445	0.08762085892175106
0.993988	1.3528927144410432	0.08763529767694547
0.997996	1.3525621767402087	0.0876491362580627
1.002004	1.3522267316137508	0.08766238561850533
1.006012	1.3518864339680308	0.08767505659831466
1.01002	1.3515413381304098	0.0876871599250599
1.014028	1.3511914978562376	0.08769870621473215
1.018036	1.3508369663357809	0.08770970597264176
1.022044	1.350477796201085	0.08772016959431628
1.026052	1.3501140395327744	0.08773010736640141
1.03006	1.3497457478667856	0.08773952946756314
1.034068	1.349372972201034	0.0877484459693892
1.038076	1.3489957630020124	0.0877568668372907
1.042084	1.348614170211323	0.08776480193140353
1.046092	1.3482282432521386	0.0877722610074872
1.0501	1.347838031035594	0.08777925371782323
1.054108	1.3474435819671093	0.08778578961210999
1.058116	1.34704494395264	0.0877918781383561
1.062124	1.3466421644048583	0.08779752864376947
1.066132	1.3462352902492616	0.08780275037564336
1.07014	1.345824367930211	0.08780755248223923
1.074148	1.345409443416897	0.08781194401366402
1.078156	1.3449905622092337	0.08781593392274416
1.082164	1.3445677693436826	0.0878195310658944
1.086172	1.3441411093990028	0.08782274420398091
1.09018	1.3437106265019312	0.08782558200318066
1.094188	1.3432763643327914	0.08782805303583302
1.098196	1.3428383661310297	0.08783016578128827
1.102204	1.3423966747006817	0.08783192862674755
1.106212	1.3419513324157675	0.0878333498680991
1.11022	1.3415023812256168	0.08783443771074599
1.114228	1.3410498626601244	0.0878352002704298
1.118236	1.3405938178349337	0.08783564557404511
1.122244	1.3401342874565545	0.08783578156044972
1.126253	1.339671311827409	0.0878356160812668
1.130261	1.339204930850811	0.0878351569016802
1.134269	1.338735184035876	0.08783441170122366
1.138277	1.338262110502366	0.08783338807456165
1.142285	1.337785748985464	0.08783209353226469
1.146293	1.3373061378404874	0.08783053550157578
1.150301	1.3368233150475288	0.08782872132717177
1.154309	1.3363373182160392	0.08782665827191512
1.158317	1.3358481845893402	0.0878243535176004
1.162325	1.3353559510490771	0.0878218141656928
1.166333	1.334860654119605	0.08781904723805888
1.170341	1.3343623299723157	0.08781605967769074
1.174349	1.3338610144298997	0.08781285834942246
1.178357	1.3333567429705486	0.08780945004064016
1.182365	1.3328495507320972	0.08780584146198304
1.186373	1.3323394725161033	0.08780203924803948
1.190381	1.3318265427918716	0.08779804995803346
1.194389	1.3313107957004164	0.08779388007650599
1.198397	1.3307922650583668	0.08778953601398837
1.202405	1.3302709843618168	0.08778502410766795
1.206413	1.3297469867901162	0.08778035062204768
1.210421	1.329220305209607	0.08777552174959859
1.214429	1.3286909721773055	0.0877705436114039
1.218437	1.3281590199445281	0.08776542225779836
1.222445	1.327624480460466	0.08776016366899943
1.226453	1.3270873853757046	0.08775477375573153
1.230461	1.3265477660456912	0.08774925835984389
1.234469	1.3260056535341536	0.08774362325492245
1.238477	1.3254610786164636	0.08773787414689309
1.242485	1.3249140717829544	0.08773201667462117
1.246493	1.3243646632421864	0.08772605641050224
1.250501	1.3238128829241642	0.08771999886104664
1.254509	1.3232587604835075	0.08771384946745925
1.258517	1.3227023253025725	0.08770761360621135
1.262525	1.322143606494527	0.08770129658960782
1.266533	1.3215826329063811	0.08769490366634565
1.270541	1.3210194331219718	0.08768844002206984
1.274549	1.320454035464901	0.08768191077992048
1.278557	1.3198864680014337	0.08767532100107574
1.282565	1.319316758543348	0.08766867568528774
1.286573	1.3187449346507474	0.08766197977141368
1.290581	1.318171023634827	0.08765523813794088
1.294589	1.3175950525606006	0.08764845560350672
1.298597	1.3170170482495875	0.08764163692741145
1.302605	1.3164370372824565	0.08763478681012854
1.306613	1.3158550460016343	0.08762790989380667
1.310621	1.3152711005138713	0.08762101076276829
1.314629	1.3146852266927722	0.0876140939440026
1.318637	1.3140974501812872	0.0876071639076531
1.322645	1.3135077963941673	0.08760022506750059
1.326653	1.312916290520382	0.08759328178144071
1.330661	1.3123229575255022	0.08758633835195717
1.334669	1.3117278221540478	0.08757939902659037
1.338677	1.3111309089317997	0.08757246799839966
1.342685	1.310532242168079	0.08756554940642376
1.346693	1.3099318459579918	0.0875586473361338
1.350701	1.3093297441846412	0.08755176581988422
1.354709	1.3087259605213066	0.08754490883735752
1.358717	1.3081205184335918	0.08753808031600575
1.362725	1.3075134411815417	0.08753128413148757
1.366733	1.306904751821726	0.08752452410810026
1.370741	1.306294473209297	0.08751780401920915
1.374749	1.305682628000012	0.08751112758767217
1.378758	1.3050692386522316	0.08750449848625977
1.382766	1.3044543274288851	0.08749792033807255
1.386774	1.3038379163994107	0.08749139671695347
1.390782	1.3032200274416652	0.08748493114789727
1.39479	1.3026006822438083	0.08747852710745678
1.398798	1.3019799023061585	0.08747218802414314
1.402806	1.301357708943024	0.08746591727882522
1.406814	1.3007341232845062	0.08745971820512495
1.410822	1.3001091662782787	0.08745359408980738
1.41483	1.29948285869134	0.08744754817316912
1.418838	1.2988552211117432	0.08744158364942395
1.422846	1.2982262739502999	0.08743570366708356
1.426854	1.2975960374422606	0.08742991132933582
1.430862	1.2969645316489722	0.0874242096944202
1.43487	1.2963317764595121	0.08741860177599976
1.438878	1.2956977915923003	0.08741309054353068
1.442886	1.2950625965966869	0.08740767892262745
1.446894	1.2944262108545217	0.08740236979542765
1.450902	1.2937886535816991	0.08739716600095042
1.45491	1.2931499438296827	0.08739207033545614
1.458918	1.2925101004870103	0.08738708555279973
1.462926	1.2918691422807769	0.0873822143647835
1.466934	1.2912270877780991	0.08737745944150646
1.470942	1.290583955387559	0.08737282341171175
1.47495	1.2899397633606293	0.08736830886313021
1.478958	1.289294529793078	0.08736391834282319
1.482966	1.288648272626358	0.08735965435752145
1.486974	1.2880010096489733	0.08735551937396209
1.490982	1.2873527584978324	0.08735151581922378
1.49499	1.2867035366595794	0.08734764608105842
1.498998	1.2860533614719118	0.08734391250822142
1.503006	1.2854022501248783	0.0873403174108
1.507014	1.2847502196621612	0.08733686306053845
1.511022	1.284097286982342	0.08733355169116103
1.51503	1.283443468840151	0.08733038549869392
1.519038	1.282788781847701	0.08732736664178477
1.523046	1.2821332424757053	0.08732449724201899
1.527054	1.2814768670546801	0.08732177938423535
1.531062	1.280819671776133	0.08731921511683927
1.53507	1.2801616726937346	0.08731680645211376
1.539078	1.2795028857244777	0.08731455536652895
1.543086	1.2788433266498216	0.0873124638010493
1.547094	1.278183011116821	0.08731053366143923
1.551102	1.277521954639244	0.08730876681856699
1.55511	1.2768601725986728	0.0873071651087058
1.559118	1.276197680245595	0.08730573033383555
1.563126	1.2755344927004786	0.08730446426193948
1.567134	1.2748706249548365	0.08730336862730192
1.571142	1.2742060918722773	0.08730244513080303
1.57515	1.2735409081895428	0.08730169544021227
1.579158	1.2728750885175362	0.08730112119047936
1.583166	1.2722086473423349	0.08730072398402527
1.587174	1.2715415990261942	0.08730050539103033
1.591182	1.2708739578085384	0.0873004669497206
1.59519	1.27020573780694	0.08730061016665408
1.599198	1.2695369530180887	0.08730093651700394
1.603206	1.2688676173187494	0.08730144744484093
1.607214	1.2681977444667087	0.0873021443634143
1.611222	1.2675273481017117	0.08730302865543035
1.61523	1.266856441746388	0.08730410167333164
1.619238	1.2661850388071665	0.08730536473957212
1.623246	1.2655131525751828	0.08730681914689294
1.627255	1.2648407962271744	0.08730846615859574
1.631263	1.2641679828263657	0.08731030700881409
1.635271	1.263494725323347	0.08731234290278554
1.639279	1.2628210365569397	0.08731457501712046
1.643287	1.2621469292550558	0.08731700450006988
1.647295	1.261472416035546	0.08731963247179238
1.651303	1.260797509407041	0.08732246002461966
1.655311	1.2601222217697814	0.08732548822332044
1.659319	1.2594465654164422	0.08732871810536338
1.663327	1.2587705525329458	0.0873321506811781
1.667335	1.2580941951992692	0.08733578693441617
1.671343	1.257417505390241	0.08733962782220925
1.675351	1.256740494976332	0.08734367427542729
1.679359	1.2560631757244363	0.08734792719893489
1.683367	1.2553855592986467	0.0873523874718456
1.687375	1.2547076572610205	0.08735705594777725
1.691383	1.254029481072339	0.08736193345510349
1.695391	1.253351042092858	0.08736702079720575
1.699399	1.2526723515830542	0.08737231875272337
1.703407	1.2519934207043613	0.08737782807580255
1.707415	1.2513142605198997	0.08738354949634423
1.711423	1.2506348819952013	0.08738948372025108
1.715431	1.2499552959989249	0.08739563142967163
1.719439	1.2492755133035665	0.0874019932832461
1.723447	1.248595544586162	0.0874085699163487
1.727455	1.2479154004289854	0.08741536194132912
1.731463	1.2472350913202368	0.08742236994775407
1.735471	1.246554627654729	0.0874295945026459
1.739479	1.245874019734564	0.08743703615072138
1.743487	1.2451932777698047	0.0874446954146293
1.747495	1.2445124118791422	0.08745257279518533
1.751503	1.2438314320905537	0.08746066877160744
1.755511	1.2431503483419584	0.08746898380175042
1.759519	1.2424691704818653	0.0874775183223368
1.763527	1.2417879082700165	0.08748627274918916
1.767535	1.241106571378023	0.08749524747746032
1.771543	1.2404251693899984	0.08750444288186178
1.775551	1.2397437118031844	0.08751385931689243
1.779559	1.2390622080285725	0.08752349711706447
1.783567	1.2383806673915192	0.08753335659712971
1.787575	1.2376990991323575	0.08754343805230316
1.791583	1.2370175124070029	0.08755374175848699
1.795591	1.2363359162875531	0.0875642679724924
1.799599	1.235654319762885	0.08757501693226058
1.803607	1.2349727317392456	0.08758598885708188
1.807615	1.2342911610408376	0.08759718394781629
1.811623	1.2336096164104016	0.0876086023871086
1.815631	1.232928106509793	0.08762024433960608
1.819639	1.2322466399205545	0.08763210995217374
1.823647	1.2315652251444833	0.08764419935410753
1.827655	1.2308838706041954	0.08765651265734799
1.831663	1.230202584643684	0.08766904995669166
1.835671	1.2295213755288752	0.0876818113300015
1.839679	1.2288402514481775	0.08769479683841622
1.843687	1.2281592205130285	0.08770800652655876
1.847695	1.227478290758437	0.08772144042274362
1.851703	1.226797470143521	0.08773509853918139
1.855711	1.2261167665520425	0.08774898087218515
1.859719	1.2254361877929363	0.08776308740237324
1.863727	1.2247557416008372	0.08777741809487125
1.867735	1.2240754356366017	0.08779197289951401
1.871743	1.2233952774878263	0.08780675175104496
1.875752	1.222715274669363	0.08782175456931539
1.87976	1.2220354346238298	0.08783698125948206
1.883768	1.221355764722117	0.0878524317122034
1.887776	1.2206762722638922	0.08786810580383515
1.891784	1.2199969644781004	0.08788400339662426
1.895792	1.2193178485234593	0.08790012433890183
1.8998	1.2186389314889525	0.08791646846527508
1.903808	1.2179602203943207	0.08793303559681774
1.907816	1.2172817221905459	0.08794982554125921
1.911824	1.2166034437603344	0.08796683809317293
1.915832	1.2159253919185975	0.08798407303416375
1.91984	1.2152475734129264	0.08800153013305279
1.923848	1.2145699949240656	0.08801920914606282
1.927856	1.2138926630663818	0.08803710981700108
1.931864	1.2132155843883317	0.08805523187744192
1.935872	1.212538765372924	0.08807357504690748
1.93988	1.2118622124381808	0.08809213903304698
1.943888	1.2111859319375933	0.08811092353181688
1.947896	1.2105099301605768	0.08812992822765622
1.951904	1.209834213332922	0.08814915279366407
1.955912	1.2091587876172427	0.08816859689177366
1.95992	1.2084836591134205	0.08818826017292652
1.963928	1.2078088338590476	0.0882081422772453
1.967936	1.2071343178298664	0.08822824283420437
1.971944	1.2064601169402052	0.08824856146279988
1.975952	1.2057862370434125	0.08826909777171922
1.97996	1.2051126839322877	0.08828985135950826
1.983968	1.2044394633395088	0.08831082181473714
1.987976	1.2037665809380587	0.08833200871616691
1.991984	1.2030940423416467	0.08835341163291216
1.995992	1.2024218531051298	0.08837503012460393
2.0	1.2017500187249288	0.08839686374155184
