0.0	0.8373396773228827	0.07536109233446461
0.004008	0.8318161789814963	0.07634846020216955
0.008016	0.8278579900636603	0.07703505689864142
0.012024	0.825625584823816	0.0773875428532292
0.016032	0.8252695247377522	0.07738008190281222
0.02004	0.8269257427659794	0.07699650154870231
0.024048	0.8307107573661673	0.07623270067462191
0.028056	0.8367170525998324	0.07509929867235754
0.032064	0.8450088855249189	0.07362450592492804
0.036072	0.8556187874946536	0.07185715782225005
0.04008	0.8685450080827313	0.06986976123557707
0.044088	0.8837501077668882	0.06776120021106583
0.048096	0.9011608400924999	0.06565836639817241
0.052104	0.9206693810480886	0.06371537776191093
0.056112	0.9421358709520643	0.06210834839391229
0.06012	0.9653921422074166	0.061023395061091806
0.064128	0.990246425035487	0.06063674702647782
0.068136	1.0164887615975027	0.06108935042838633
0.072144	1.043896822844854	0.062463179614659484
0.076152	1.0722418144890988	0.06476863476274407
0.08016	1.1012941773688774	0.06794835306141914
0.084168	1.1308288286924717	0.07189463407082981
0.088176	1.1606297474223137	0.07647211635441985
0.092184	1.1904937717710156	0.08153786605530727
0.096192	1.2202335420089798	0.08695516638490941
0.1002	1.2496795813908994	0.09260102344098697
0.104208	1.2786815576495496	0.09836909562428385
0.108216	1.3071088048131048	0.10416988945590848
0.112224	1.3348502095218937	0.10992957885173772
0.116232	1.3618135784285832	0.1155882717625403
0.12024	1.3879246054940562	0.12109816185778265
0.124248	1.4131255523582518	0.12642177058010132
0.128257	1.4373737438835463	0.13153036047412645
0.132265	1.4606399666609693	0.13640254000752636
0.136273	1.4829068425997438	0.14102305334714252
0.140281	1.5041672341186356	0.14538173848512717
0.144289	1.5244227229213705	0.14947263463179258
0.148297	1.5436821914810042	0.15329322042877866
0.152305	1.5619605254793416	0.156843766232522
0.156313	1.579277446611893	0.16012678560753485
0.160321	1.595656478279447	0.1631465729351699
0.164329	1.6111240415479948	0.16590881560467877
0.168337	1.6257086751230896	0.16842027061606576
0.172345	1.639440370691771	0.17068849661967841
0.176353	1.6523500135831115	0.1727216334770055
0.180361	1.6644689180589545	0.17452822237500745
0.184369	1.675828446472007	0.17611706037919045
0.188377	1.6864597018545293	0.1774970840796619
0.192385	1.6963932840948084	0.1786772776769339
0.196393	1.7056591006167205	0.17966660147574626
0.200401	1.7142862233214236	0.18047393731016168
0.204409	1.7223027844219576	0.1811080479159353
0.208417	1.729735904660663	0.1815775477009836
0.212425	1.7366116482185567	0.18189088274614565
0.216433	1.7429549993881752	0.18205631820090046
0.220441	1.7487898567775113	0.18208193152690363
0.224449	1.754139041438755	0.1819756102906475
0.228457	1.7590243158716716	0.18174505341963684
0.232465	1.763466411340301	0.18139777501833182
0.236473	1.7674850613675395	0.18094110999462726
0.240481	1.7710990396403123	0.18038222087834463
0.244489	1.7743262008740948	0.17972810532334335
0.248497	1.7771835234551712	0.17898560387730028
0.252505	1.7796871529077507	0.17816140768053207
0.256513	1.7818524454260403	0.17726206581974777
0.260521	1.7836940108733723	0.17629399211629104
0.264529	1.7852257547857704	0.17526347117307076
0.268537	1.7864609190297667	0.17417666354148806
0.272545	1.7874121208572042	0.1730396099006263
0.276553	1.7880913901761502	0.17185823416694945
0.280561	1.7885102049194512	0.17063834547478213
0.284569	1.7886795244430969	0.16938563898685538
0.288577	1.7886098209273265	0.1681056955109392
0.292585	1.7883111087859143	0.16680397991381557
0.296593	1.7877929721146828	0.16548583833809316
0.300601	1.7870645902302	0.16415649424120696
0.304609	1.7861347613647574	0.16282104328977895
0.308617	1.785011924594973	0.1614844471566817
0.312625	1.783704180089375	0.16015152628290025
0.316633	1.7822193077656883	0.15882695168176658
0.320641	1.7805647844517685	0.1575152358793824
0.324649	1.7787477996455758	0.1562207231019753
0.328657	1.7767752699696315	0.1549475788383393
0.332665	1.7746538524143032	0.15369977892306685
0.336673	1.7723899564622683	0.15248109830352716
0.340681	1.7699897551838026	0.15129509966991325
0.344689	1.7674591953892878	0.1501451221424876
0.348697	1.764804006921669	0.14903427022265056
0.352705	1.762029711167628	0.14796540322383947
0.356713	1.7591416288620623	0.14694112540374657
0.360721	1.756144887256156	0.14596377702016777
0.364729	1.753044426714953	0.14503542652832505
0.368737	1.7498450068059546	0.14415786412726872
0.372745	1.7465512119359063	0.14333259684669328
0.376754	1.74316745658864	0.14256084534319635
0.380762	1.7396979902126426	0.1418435425469477
0.38477	1.736146901802943	0.14118133426652626
0.388778	1.7325181242179672	0.1405745818221764
0.392786	1.728815438268232	0.14002336673711077
0.396794	1.7250424766101222	0.1395274974740662
0.400802	1.7212027274745711	0.1390865181616165
0.40481	1.7172995382571932	0.1386997192132985
0.408818	1.7133361189933591	0.1383661497039216
0.412826	1.709315545738826	0.13808463133290588
0.416834	1.7052407638738447	0.13785377377529626
0.420842	1.701114591346173	0.13767199119814338
0.42485	1.696939721866121	0.13753751970383235
0.428858	1.6927187280646199	0.1374484354529237
0.432866	1.6884540646233734	0.13740267321709232
0.436874	1.6841480713843757	0.13739804511742318
0.440882	1.679802976444481	0.13743225931401967
0.44489	1.675420899239271	0.1375029384287522
0.448898	1.671003853619181	0.13760763750304494
0.452906	1.666553750919706	0.13774386131580568
0.456914	1.6620724030265086	0.13790908091188406
0.460922	1.6575615254353826	0.13810074921777132
0.46493	1.6530227403062687	0.13831631564769165
0.468938	1.6484575795098961	0.1385532396289696
0.472946	1.6438674876650827	0.1388090029999091
0.476954	1.6392538251642947	0.13908112125587485
0.480962	1.634617871184726	0.13936715363943739
0.48497	1.629960826681883	0.13966471208810718
0.488978	1.6252838173624786	0.13997146906822336
0.492986	1.6205878966333	0.14028516433599583
0.496994	1.615874048522659	0.14060361067657798
0.501002	1.611143190571003	0.1409246986795785
0.50501	1.6063961766873052	0.14124640061474739
0.509018	1.60163379996791	0.1415667734749818
0.513026	1.5968567954746173	0.1418839612554945
0.517034	1.5920658429689132	0.1421961965382565
0.521042	1.5872615695994154	0.14250180144988936
0.52505	1.582444552539764	0.14279918805928146
0.529058	1.5776153215743889	0.14308685827854897
0.533066	1.57277436162977	0.14336340332773886
0.537074	1.5679221152490292	0.1436275028200591
0.541082	1.563058985007893	0.14387792352054116
0.54509	1.5581853358702902	0.14411351782703907
0.549098	1.5533014974820607	0.14433322201842902
0.553106	1.5484077664014662	0.14453605431087166
0.557114	1.5435044082654077	0.14472111275911806
0.561122	1.5385916598904563	0.14488757303610217
0.56513	1.5336697313080094	0.14503468612052514
0.569138	1.528738807733074	0.14516177591879595
0.573146	1.5237990514663626	0.1452682368445952
0.577154	1.518850603729568	0.14535353137645274
0.581162	1.5138935864338436	0.14541718761108982
0.58517	1.50892810388168	0.14545879682786553
0.589178	1.5039542444025074	0.14547801107748226
0.593186	1.498972081922502	0.1454745408061212
0.597194	1.493981677469187	0.1454481525244104
0.601202	1.4889830806115514	0.14539866652902908
0.60521	1.4839763308365037	0.14532595468334744
0.609218	1.4789614588625875	0.14522993826223055
0.613226	1.4739384878919601	0.14511058586504288
0.617234	1.4689074348017317	0.14496791139990034
0.621242	1.4638683112758153	0.1448019721413708
0.625251	1.4588211248785157	0.14461286686307626
0.629259	1.4537658800711282	0.1444007340460027
0.633267	1.4487025791728714	0.14416575016276115
0.637275	1.4436312232675148	0.143908128037566
0.641283	1.4385518130570965	0.14362811528127645
0.645291	1.4334643496641506	0.1433259928004983
0.649299	1.4283688353838873	0.14300207337943827
0.653307	1.4232652743877825	0.14265670033295108
0.657315	1.4181536733800435	0.1422902462290028
0.661323	1.4130340422084229	0.14190311167859174
0.665331	1.4079063944308554	0.14149572419101564
0.669339	1.4027707478393876	0.1410685370922502
0.673347	1.3976271249428673	0.14062202850408753
0.677355	1.3924755534098445	0.14015670038159986
0.681363	1.387316066473128	0.13967307760640746
0.685371	1.382148703297429	0.1391717071331692
0.689379	1.376973509311492	0.13865315718664253
0.693387	1.3717905365061174	0.13811801650661387
0.697395	1.366599843699431	0.13756689363793562
0.701403	1.3614014967707573	0.13700041626285903
0.705411	1.3561955688644125	0.13641923057279765
0.709419	1.3509821405647169	0.13582400067659245
0.713427	1.345761300043495	0.1352154080422974
0.717435	1.3405331431813043	0.13459415096943098
0.721443	1.3352977736636142	0.1339609440885716
0.725451	1.33005530305311	0.1333165178850937
0.729459	1.3248058508392897	0.1326616182437602
0.733467	1.3195495444664753	0.13199700601078776
0.737475	1.314286519341338	0.13132345656990768
0.741483	1.309016918821008	0.13064175942883555
0.745491	1.3037408941828057	0.1299527178124491
0.749499	1.2984586045766064	0.12925714825885615
0.753507	1.293170216960818	0.1285558802144072
0.757515	1.2878759060229221	0.12784975562358614
0.761523	1.2825758540855052	0.12713962850957997
0.765531	1.27727025099867	0.1264263645412009
0.769539	1.2719592940196929	0.1257108405817154
0.773547	1.2666431876807707	0.1249939442150127
0.777555	1.261322143645662	0.12427657324444594
0.781563	1.2559963805560095	0.12355963515958086
0.785571	1.2506661238680996	0.12284404656602314
0.789579	1.2453316056807933	0.12213073257344446
0.793587	1.2399930645553294	0.1214206261369116
0.797595	1.2346507453276871	0.12071466734664914
0.801603	1.2293048989141557	0.12001380266142343
0.805611	1.2239557821107527	0.11931898408085768
0.809619	1.2186036573870913	0.11863116825215517
0.813627	1.2132487926752875	0.11795131550695441
0.817635	1.2078914611544664	0.11728038882433942
0.821643	1.2025319410314121	0.11661935271643163
0.825651	1.1971705153178769	0.11596917203345597
0.829659	1.1918074716050495	0.11533081068575293
0.833667	1.186443101835662	0.11470523028086847
0.837675	1.1810777020741898	0.11409338867462132
0.841683	1.1757115722755855	0.11349623843592553
0.845691	1.170345016052963	0.11291472522610511
0.849699	1.1649783404446354	0.1123497860945218
0.853707	1.1596118556808872	0.11180234769349548
0.857715	1.1542458749508444	0.1112733244167505
0.861723	1.1488807141697912	0.11076361646694867
0.865731	1.143516691747264	0.1102741078592471
0.869739	1.1381541283562355	0.10980566436924842
0.873747	1.132793346703688	0.10935913143514593
0.877756	1.1274346713028567	0.10893533202529378
0.881764	1.1220784282474143	0.10853506448382659
0.885772	1.1167249449878454	0.1081591003682737
0.88978	1.1113745501102497	0.107808182294323
0.893788	1.1060275731178022	0.107483021803971
0.897796	1.1006843442150764	0.10718429727420352
0.901804	1.095345194095431	0.10691265188403831
0.905812	1.0900104537316457	0.10666869165822444
0.90982	1.0846804541699744	0.10645298360608982
0.913828	1.0793555263277823	0.10626605397391986
0.917836	1.0740360007949112	0.1061083866288557
0.921844	1.068722207638911	0.10598042159157729
0.925852	1.0634144762142654	0.10588255373400107
0.92986	1.0581131349757271	0.10581513165687141
0.933868	1.0528185112958657	0.10577845676048417
0.937876	1.0475309312869265	0.10577278251986572
0.941884	1.0422507196270847	0.10579831397357654
0.945892	1.0369781993911715	0.10585520743296094
0.9499	1.0317136918859378	0.10594357041616154
0.953908	1.026457516489918	0.10606346180861737
0.957916	1.0212099904979395	0.10621489224912058
0.961924	1.015971428970324	0.10639782473787586
0.965932	1.0107421445868112	0.10661217546044467
0.96994	1.0055224475052342	0.10685781481901695
0.973948	1.0003126452249667	0.10713456866019043
0.977956	0.995113042455151	0.10744221968638458
0.981964	0.9899239409877154	0.10778050903622978
0.985972	0.9847456395751828	0.10814913801775788
0.98998	0.9795784338132573	0.10854776997702018
0.993988	0.9744226160281831	0.10897603228386761
0.997996	0.9692784751688547	0.10943351841606574
1.002004	0.9641462967036535	0.10991979012265943
1.006012	0.9590263625219874	0.11043437964754999
1.01002	0.9539189508404948	0.11097679199458295
1.014028	0.9488243361138792	0.11154650721602108
1.018036	0.9437427889503291	0.11214298270709842
1.022044	0.938674576031482	0.11276565549034939
1.026052	0.9336199600368751	0.11341394447457817
1.03006	0.9285791995728373	0.11408725267461554
1.034068	0.9235525491057591	0.11478496937939572
1.038076	0.9185402588996832	0.11550647225731135
1.042084	0.9135425749581523	0.11625112938927099
1.046092	0.908559738970247	0.11701830122133289
1.0501	0.9035919882607472	0.117807342430219
1.054108	0.8986395557443432	0.11861760369638871
1.058116	0.8937026698838263	0.11944843338066201
1.062124	0.8887815546521816	0.12029917910160919
1.066132	0.8838764294985078	0.12116918921205873
1.07014	0.8789875093176831	0.12205781417411168
1.074148	0.8741150044236994	0.12296440783298075
1.078156	0.8692591205265817	0.12388832859079657
1.082164	0.864420058712811	0.1248289404822461
1.086172	0.8595980154291674	0.1257856141545208
1.09018	0.8547931824699063	0.12675772775457314
1.094188	0.8500057469671878	0.12774466772710158
1.098196	0.8452358913846668	0.128745829527025
1.102204	0.8404837935141642	0.12976061825045904
1.106212	0.8357496264753269	0.130788449188397
1.11022	0.8310335587181947	0.1318287483074099
1.114228	0.8263357540285835	0.13288095266174738
1.118236	0.8216563715362012	0.1339445107412235
1.122244	0.8169955657254068	0.1350188827592457
1.126253	0.8123534864485286	0.13610354088526402
1.130261	0.8077302789416544	0.13719796942582654
1.134269	0.8031260838428075	0.1383016649582889
1.138277	0.7985410372124266	0.13941413642108497
1.142285	0.7939752705560597	0.14053490516429987
1.146293	0.7894289108491935	0.1416635049641113
1.150301	0.784902080564133	0.1427994820044835
1.154309	0.7803948976988478	0.1439423948293114
1.158317	0.7759074758077078	0.1450918142680217
1.162325	0.7714399240340233	0.14624732333744994
1.166333	0.7669923471443139	0.14740851712262779
1.170341	0.7625648455642267	0.1485750026389282
1.174349	0.7581575154160258	0.1497463986778445
1.178357	0.7537704485575791	0.15092233563850135
1.182365	0.7494037326227663	0.15210245534683817
1.186373	0.7450574510632351	0.15328641086424422
1.190381	0.7407316831914343	0.15447386628727705
1.194389	0.7364265042248521	0.1556644965399567
1.198397	0.7321419853313894	0.15685798715999255
1.202405	0.7278781936758026	0.1580540340801773
1.206413	0.7236351924671471	0.1592523434060666
1.210421	0.7194130410071568	0.16045263119095227
1.214429	0.7152117947394964	0.16165462320903815
1.218437	0.7110315052998236	0.162858054727633
1.222445	0.706872220566601	0.16406267027908938
1.226453	0.7027339847125972	0.16526822343313619
1.230461	0.6986168382570206	0.16647447657018194
1.234469	0.6945208181182294	0.16768120065609568
1.238477	0.6904459576669612	0.16888817501891226
1.242485	0.6863922867800313	0.1700951871278541
1.246493	0.6823598318944462	0.17130203237500602
1.250501	0.6783486160618825	0.17250851385993754
1.254509	0.6743586590034816	0.17371444217752277
1.258517	0.6703899771649149	0.17491963520916928
1.262525	0.6664425837716696	0.1761239179176333
1.266533	0.6625164888845161	0.1773271221455683
1.270541	0.6586116994551076	0.17852908641792417
1.274549	0.6547282193816765	0.1797296557482902
1.278557	0.6508660495647828	0.18092868144925284
1.282565	0.6470251879630786	0.18212602094681749
1.286573	0.643205629649049	0.18332153759892816
1.290581	0.6394073668646961	0.1845151005181005
1.294589	0.6356303890771284	0.18570658439817136
1.298597	0.6318746830340258	0.18689586934515473
1.302605	0.6281402328189445	0.18808284071218395
1.306613	0.624427019906434	0.18926738893850995
1.310621	0.6207350232169359	0.19044940939251684
1.314629	0.6170642191714352	0.19162880221870982
1.318637	0.613414581745839	0.1928054721886243
1.322645	0.6097860825250558	0.19397932855559866
1.326653	0.6061786907567513	0.195150284913351
1.330661	0.6025923734047566	0.19631825905829378
1.334669	0.5990270952021075	0.19748317285551933
1.338677	0.595482818703693	0.19864495210838756
1.342685	0.5919595043384948	0.19980352643164115
1.346693	0.5884571104613947	0.2009588291279779
1.350701	0.5849755934045372	0.20211079706800472
1.354709	0.5815149075282263	0.20325937057349738
1.358717	0.5780750052713424	0.2044044933038935
1.362725	0.5746558372012639	0.20554611214593999
1.366733	0.5712573520632801	0.20668417710642384
1.370741	0.5678794968294807	0.20781864120790852
1.374749	0.5645222167471117	0.20894946038740345
1.378758	0.5611854553863842	0.21007659339789306
1.382766	0.5578691546877274	0.21120000171265382
1.386774	0.5545732550084747	0.21231964943228646
1.390782	0.5512976951689752	0.21343550319439464
1.39479	0.5480424124981211	0.2145475320858406
1.398798	0.5448073428782844	0.21565570755750968
1.402806	0.5415924207896555	0.21676000334151813
1.406814	0.5383975793539792	0.2178603953707986
1.410822	0.5352227503776805	0.21895686170100015
1.41483	0.5320678643943768	0.2200493824346399
1.418838	0.5289328507067729	0.22113793964744602
1.422846	0.5258176374279334	0.2222225173168332
1.426854	0.5227221515219322	0.2233031012524512
1.430862	0.5196463188438736	0.22437967902875172
1.43487	0.5165900641792863	0.22545223991951727
1.438878	0.513553311282887	0.2265207748342991
1.442886	0.5105359829167123	0.2275852762567118
1.446894	0.5075380008876224	0.22864573818453326
1.450902	0.5045592860841699	0.229702156071561
1.45491	0.5015997585128421	0.23075452677117717
1.458918	0.49865933733367107	0.23180284848157368
1.462926	0.49573794089521744	0.23284712069259347
1.466934	0.4928354867689269	0.23388734413414333
1.470942	0.48995189178286314	0.23492352072613434
1.47495	0.48708707205481894	0.23595565352990885
1.478958	0.4842409430248079	0.2369837467011132
1.482966	0.48141341948694144	0.23800780544397607
1.486974	0.4786044156206924	0.23902783596695434
1.490982	0.47581384502155033	0.24004384543970947
1.49499	0.4730416207310726	0.24105584195137708
1.498998	0.47028765526633387	0.2420638344700953
1.503006	0.4675518606487809	0.24306783280375724
1.507014	0.4648341484324949	0.244067847561954
1.511022	0.46213442973186813	0.2450638901190766
1.51503	0.4594526152486989	0.24605597257854356
1.519038	0.45678861529871045	0.24704410773812666
1.523046	0.4541423398374997	0.24802830905634093
1.527054	0.45151369848592043	0.24900859061987415
1.531062	0.4489026005549078	0.24998496711202456
1.53507	0.44630895506974966	0.25095745378212114
1.539078	0.44373267079381024	0.2519260664158995
1.543086	0.44117365625171284	0.25289082130680757
1.547094	0.438631819751989	0.253851735228215
1.551102	0.4361070694091978	0.25480882540650446
1.55511	0.4335993131655242	0.2557621094950172
1.559118	0.43110845881186194	0.25671160554883404
1.563126	0.4286344140083878	0.25765733200036545
1.567134	0.4261770863046342	0.2585993076357319
1.571142	0.4237363831590662	0.2595375515719108
1.57515	0.4213122119581706	0.26047208323463167
1.579158	0.41890448003506353	0.2614029223369971
1.583166	0.41651309468762343	0.2623300888588116
1.587174	0.41413796319615637	0.26325360302659845
1.591182	0.4117789928406006	0.2641734852942865
1.59519	0.40943609091727806	0.26508975632454784
1.599198	0.40710916475519815	0.2660024369707703
1.603206	0.4047981217319228	0.26691154825964664
1.607214	0.40250286928899814	0.2678171113743628
1.611222	0.4002233149469608	0.26871914763837224
1.61523	0.3979593663199252	0.26961767849973634
1.619238	0.39571093112975936	0.27051272551601846
1.623246	0.3934779172198555	0.2714043103397158
1.627255	0.3912602325685029	0.27229245470421415
1.631263	0.3890577853018699	0.27317718041025124
1.635271	0.3868704837066013	0.27405850931287534
1.639279	0.38469823624203886	0.2749364633088853
1.643287	0.38254095155207085	0.27581106432473895
1.647295	0.38039853847661803	0.27668233430491607
1.651303	0.3782709060627626	0.2775502952007259
1.655311	0.3761579635755264	0.27841496895954365
1.659319	0.3740596205083057	0.27927637751446677
1.663327	0.37197578659296826	0.2801345427743783
1.667335	0.36990637180961994	0.2809894866144057
1.671343	0.36785128639604686	0.28184123086676527
1.675351	0.36581044085683984	0.28268979731197996
1.679359	0.3637837459722065	0.2835352076704616
1.683367	0.3617711128064791	0.28437748359444565
1.687375	0.35977245271632236	0.2852166466602705
1.691383	0.35778767735864847	0.2860527183609896
1.695391	0.3558166986982455	0.2868857200993084
1.699399	0.35385942901512435	0.2877156731808364
1.703407	0.35191578091159076	0.28854259880764477
1.707415	0.3499856673190486	0.2893665180721219
1.711423	0.3480690015045392	0.29018745195111667
1.715431	0.34616569707702305	0.29100542130036333
1.719439	0.3442756679934101	0.29182044684917746
1.723447	0.3423988285643425	0.2926325491954166
1.727455	0.3405350934597375	0.29344174880069707
1.731463	0.33868437771409365	0.29424806598586045
1.735471	0.3368465967315678	0.2950515209266802
1.739479	0.33502166629082636	0.29585213364980395
1.743487	0.333209502549677	0.29664992402892226
1.747495	0.331410022049486	0.2974449117811582
1.751503	0.32962314171938506	0.29823711646367024
1.755511	0.32784877888027464	0.29902655747046286
1.759519	0.3260868512486265	0.2998132540293976
1.763527	0.3243372769400916	0.30059722519939924
1.767535	0.3225999744729177	0.3013784898678501
1.771543	0.32087486277118127	0.3021570667481675
1.775551	0.3191618611678383	0.30293297437755784
1.779559	0.3174608894075987	0.3037062311149422
1.783567	0.31577186764962845	0.30447685513904804
1.787575	0.3140947164700839	0.30524486444666077
1.791583	0.31242935686448264	0.30601027685103155
1.795591	0.31077571024991485	0.3067731099804347
1.799599	0.3091336984670998	0.3075333812768707
1.803607	0.3075032437822911	0.30829110799490955
1.807615	0.30588426888903414	0.30904630720067033
1.811623	0.3042766969097814	0.3097989957709312
1.815631	0.3026804513973673	0.31054919039236695
1.819639	0.30109545633634804	0.31129690756090844
1.823647	0.29952163614420907	0.3120421635812203
1.827655	0.2979589156724442	0.31278497456629273
1.831663	0.2964072202075104	0.3135253564371432
1.835671	0.2948664754716606	0.31426332492262377
1.839679	0.29333660762365904	0.31499889555933164
1.843687	0.29181754325938175	0.31573208369161704
1.847695	0.2903092094123062	0.31646290447168646
1.851703	0.28881153355389233	0.31719137285979737
1.855711	0.2873244435938591	0.31791750362454035
1.859719	0.2858478678803591	0.31864131134320595
1.863727	0.2843817352000543	0.31936281040223274
1.867735	0.2829259747780959	0.3200820149977332
1.871743	0.2814805162780117	0.32079893913609475
1.875752	0.2800452898015027	0.3215135966346527
1.87976	0.27862022588815294	0.32222600112243155
1.883768	0.2772052555150547	0.32293616604095343
1.887776	0.2758003100963514	0.323644104645109
1.891784	0.27440532148270147	0.32434983000408896
1.895792	0.27302022196066555	0.32505335500237414
1.8998	0.2716449442520193	0.32575469234078036
1.903808	0.27027942151299417	0.32645385453755643
1.907816	0.26892358733344907	0.3271508539295327
1.911824	0.26757737573597484	0.3278457026733172
1.915832	0.2662407211749336	0.3285384127465385
1.91984	0.2649135585354358	0.32922899594913135
1.923848	0.2635958231322567	0.3299174639046638
1.927856	0.2622874507086947	0.33060382806170424
1.931864	0.260988377435373	0.3312880996952247
1.935872	0.2596985399089876	0.33197028990804067
1.93988	0.2584178751510028	0.3326504096322829
1.943888	0.2571463206062962	0.33332846963090135
1.947896	0.2558838141417559	0.33400448049919923
1.951904	0.2546302940448305	0.33467845266639384
1.955912	0.2533856990220344	0.3353503963972042
1.95992	0.2521499681974108	0.3360203217934633
1.963928	0.2509230411109526	0.33668823879575244
1.967936	0.24970485771698397	0.33735415718505807
1.971944	0.24849535838250394	0.33801808658444704
1.975952	0.24729448388549372	0.3386800364607613
1.97996	0.2461021754131887	0.3393400161263286
1.983968	0.2449183745603178	0.33999803474068946
1.987976	0.24374302332731013	0.34065410131233775
1.991984	0.24257606411847207	0.341308224700474
1.995992	0.24141743974013458	0.34196041361677093
2.0	0.2402670933987732	0.34261067662714895
