0.0	1.0014808485334599	0.05533935911980955
0.004008	1.0004520658398925	0.055481609660838475
0.008016	1.0000482475304056	0.05558007791430048
0.012024	1.0003004149465549	0.05563168311233498
0.016032	1.0012364431505296	0.05563457936366727
0.02004	1.002880544052177	0.05558832332313265
0.024048	1.005252778030193	0.05549402779859054
0.028056	1.0083686082825314	0.055354494913846704
0.032064	1.012238511915128	0.0551743213615342
0.036072	1.0168676609329528	0.054959967140976375
0.04008	1.0222556848208075	0.05471977807922348
0.044088	1.028396524321076	0.05446395155141641
0.048096	1.0352783834018309	0.05420443442605021
0.052104	1.0428837833713769	0.05395474275939722
0.056112	1.0511897197787068	0.0537296946580176
0.06012	1.0601679193123432	0.053545051567146305
0.064128	1.0697851905539066	0.053417069469237514
0.068136	1.0800038593372392	0.05336197019970827
0.072144	1.0907822767733182	0.05339535380489148
0.076152	1.1020753858615955	0.05353158425237315
0.08016	1.1138353311177849	0.0537831906965773
0.084168	1.1260120948600132	0.05416033226502451
0.088176	1.138554143716632	0.05467037358424812
0.092184	1.151409069512426	0.05531760981588492
0.096192	1.1645242098794133	0.05610316453591598
0.1002	1.177847235617939	0.05702506407460276
0.104208	1.191326693877815	0.05807847194379394
0.108216	1.2049124985037312	0.05925605074357731
0.112224	1.2185563612615764	0.06054840926432463
0.116232	1.2322121600107891	0.06194459025190519
0.12024	1.2458362421077167	0.06343255849233634
0.124248	1.2593876633332923	0.06499965732341408
0.128257	1.2728283643758052	0.06663301191323188
0.132265	1.2861232883304456	0.06831986757170587
0.136273	1.299240443787665	0.07004785963900395
0.140281	1.3121509188769218	0.07180521754697987
0.144289	1.324828852130701	0.07358090948384005
0.148297	1.337251366266311	0.0753647360582503
0.152305	1.3493984709873394	0.07714738193868688
0.156313	1.3612529407236826	0.078920434109384
0.160321	1.372800172900077	0.08067637452626976
0.164329	1.3840280318875908	0.08240855386133865
0.168337	1.3949266832865221	0.084111151881597
0.172345	1.4054884226440378	0.08577912893126928
0.176353	1.4157075021519931	0.08740817203030142
0.180361	1.425579958320834	0.08899463828902227
0.184369	1.435103443100447	0.09053549766730029
0.188377	1.4442770604299238	0.09202827656437705
0.192385	1.4531012097530587	0.09347100329566556
0.196393	1.461577437639311	0.09486215617704043
0.200401	1.4697082983025067	0.0962006146784311
0.204409	1.4774972235112023	0.09748561391183273
0.208417	1.4849484021332842	0.09871670257140919
0.212425	1.4920666693498665	0.09989370433465973
0.216433	1.498857405405982	0.1010166826551424
0.220441	1.5053264436337153	0.10208590882216904
0.224449	1.511479987382937	0.10310183312580061
0.228457	1.5173245354213736	0.10406505894212162
0.232465	1.5228668153153209	0.10497631954079678
0.236473	1.5281137242710758	0.10583645741171141
0.240481	1.533072276901713	0.10664640590800313
0.244489	1.5377495593810726	0.10740717300745133
0.248497	1.5421526894540991	0.108119827001727
0.252505	1.5462887817876472	0.10878548393252042
0.256513	1.5501649181665709	0.10940529660428787
0.260521	1.5537881220647012	0.10998044501475522
0.264529	1.5571653371478036	0.11051212805598752
0.268537	1.5603034092946995	0.11100155635042398
0.272545	1.563209071752515	0.11144994609762397
0.276553	1.5658889330718107	0.11185851381835142
0.280561	1.568349467496583	0.11222847189299524
0.284569	1.5705970075124185	0.11256102480105905
0.288577	1.5726377382831325	0.11285736597756385
0.292585	1.5744776937318328	0.1131186752106472
0.296593	1.576122754046385	0.11334611651242833
0.300601	1.5775786444116644	0.11354083640236033
0.304609	1.5788509347917317	0.11370396254881024
0.308617	1.5799450406041802	0.11383660272056514
0.312625	1.5808662241464304	0.11393984400533966
0.316633	1.581619596649723	0.11401475225724786
0.320641	1.5822101208511066	0.11406237173959344
0.324649	1.5826426139868617	0.11408372493328933
0.328657	1.5829217511226912	0.11407981248477089
0.332665	1.5830520687466847	0.11405161327044012
0.336673	1.5830379685606577	0.11400008455752834
0.340681	1.5828837214140388	0.11392616224378953
0.344689	1.582593471332135	0.11383076116070347
0.348697	1.5821712395974128	0.11371477542686617
0.352705	1.5816209288484842	0.11357907884003207
0.356713	1.5809463271668405	0.11342452529784261
0.360721	1.5801511121261074	0.1132519492386826
0.364729	1.579238854782769	0.11306216609532424
0.368737	1.5782130235909697	0.11285597275512115
0.372745	1.5770769882272233	0.11263414802145755
0.376754	1.5758340233136618	0.11239745307201147
0.380762	1.5744873120309162	0.11214663191012222
0.38477	1.5730399496138423	0.1118824118062005
0.388778	1.57149494672516	0.11160550372668783
0.392786	1.5698552327036537	0.11131660274856722
0.396794	1.5681236586849656	0.11101638845785046
0.400802	1.5663030005941705	0.11070552533085165
0.40481	1.5643959620103238	0.11038466309737437
0.408818	1.562405176904015	0.1100544370852228
0.412826	1.5603332122496658	0.10971546854569217
0.416834	1.558182570514896	0.10936836495989868
0.420842	1.5559556920297697	0.10901372032599042
0.42485	1.5536549572391207	0.10865211542743569
0.428858	1.551282688841473	0.10828411808270941
0.432866	1.5488411538183133	0.10791028337681587
0.436874	1.5463325653576567	0.10753115387517465
0.440882	1.5437590846759766	0.10714725982047316
0.44489	1.541122822742659	0.10675911931315872
0.448898	1.5384258419111851	0.10636723847629173
0.452906	1.5356701574612608	0.10597211160552697
0.456914	1.5328577390561033	0.10557422130502347
0.460922	1.5299905121190465	0.10517403861011045
0.46493	1.5270703591335786	0.10477202309755869
0.468938	1.5240991208708434	0.10436862298432174
0.472946	1.5210785975485506	0.10396427521561742
0.476954	1.5180105499251366	0.10355940554323317
0.480962	1.514896700332912	0.103154428594934
0.48497	1.5117387336538066	0.10274974793585463
0.488978	1.5085382982412094	0.10234575612275407
0.492986	1.505297006791261	0.10194283475200148
0.496994	1.5020164371668405	0.10154135450215594
0.501002	1.4986981331773428	0.1011416751719907
0.50501	1.4953436053172153	0.10074414571480113
0.509018	1.4919543314660952	0.10034910426981994
0.513026	1.488531757553242	0.09995687819154715
0.517034	1.4850772981888445	0.0995677840777842
0.521042	1.4815923372646405	0.09918212779714396
0.52505	1.4780782285261669	0.09880020451678355
0.529058	1.4745362961188302	0.09842229873108942
0.533066	1.4709678351098663	0.09804868429201197
0.537074	1.4673741119881423	0.09767962444173191
0.541082	1.4637563651436336	0.09731537184829994
0.54509	1.4601158053283048	0.09695616864487433
0.549098	1.4564536161000041	0.09660224647314149
0.553106	1.452770954250892	0.09625382653147437
0.557114	1.4490689502218097	0.09591111962835283
0.561122	1.4453487085039056	0.09557432624152801
0.56513	1.4416113080287432	0.09524363658338147
0.569138	1.437857802548024	0.09491923067288544
0.573146	1.4340892210039757	0.09460127841453518
0.577154	1.4303065678913738	0.09428993968457952
0.581162	1.4265108236120883	0.09398536442483416
0.58517	1.4227029448229729	0.09368769274431876
0.589178	1.4188838647778472	0.0933970550289129
0.593186	1.41505449366425	0.09311357205918316
0.597194	1.411215718935586	0.092837355136483
0.601202	1.4073684056392264	0.09256850621738935
0.60521	1.403513396741064	0.09230711805648124
0.609218	1.3996515134469794	0.09205327435743405
0.613226	1.3957835555216143	0.09180704993234558
0.617234	1.3919103016048153	0.09156851086917168
0.621242	1.388032509526051	0.0913377147071046
0.625251	1.3841509166170831	0.09111471061968157
0.629259	1.3802662400231176	0.09089953960537482
0.633267	1.3763791770126401	0.09069223468536954
0.637275	1.372490405286097	0.09049282110820372
0.641283	1.3686005832835595	0.0903013165609044
0.645291	1.3647103504914786	0.09011773138622516
0.649299	1.360820327748612	0.08994206880555904
0.653307	1.3569311175511791	0.08977432514707065
0.657315	1.3530433043572865	0.08961449007857167
0.661323	1.349157454890632	0.08946254684463838
0.665331	1.3452741184434962	0.0893184725074549
0.669339	1.341393827178997	0.08918223819084779
0.673347	1.3375170964325782	0.089053809326968
0.677355	1.3336444250126904	0.08893314590506932
0.681363	1.3297762955006045	0.08882020272182173
0.685371	1.3259131745492936	0.08871492963260526
0.689379	1.3220555131813116	0.08861727180322018
0.693387	1.3182037470855807	0.0885271699614651
0.697395	1.3143582969130063	0.08844456064803533
0.701403	1.3105195685708182	0.08836937646620285
0.705411	1.3066879535155487	0.08830154632975956
0.709419	1.302863829044537	0.08824099570871334
0.713427	1.2990475585858627	0.08818764687224957
0.717435	1.2952394919866006	0.08814141912848662
0.721443	1.2914399657992879	0.08810222906057909
0.725451	1.2876493035664995	0.08806999075874478
0.729459	1.2838678161034232	0.08804461604781527
0.733467	1.2800958017783282	0.088026014709938
0.737475	1.2763335467908226	0.08801409470208285
0.741483	1.2725813254477962	0.08800876236803765
0.745491	1.2688394004369494	0.08800992264460057
0.749499	1.2651080230978062	0.08801747926171061
0.753507	1.2613874336901196	0.0880313349362837
0.757515	1.257677861659575	0.08805139155955292
0.761523	1.2539795259007016	0.08807755037773653
0.765531	1.25029263501691	0.08810971216589067
0.769539	1.2466173875775692	0.08814777739482658
0.773547	1.2429539723720515	0.08819164639100062
0.777555	1.2393025686606656	0.08824121948931543
0.781563	1.2356633464224143	0.08829639717878683
0.785571	1.2320364665995072	0.08835708024106559
0.789579	1.2284220813385702	0.08842316988181653
0.793587	1.2248203342284965	0.08849456785498767
0.797595	1.221231360534882	0.08857117658001513
0.801603	1.2176552874310056	0.08865289925203505
0.805611	1.2140922342253042	0.08873963994518529
0.809619	1.210542312585306	0.08883130370910335
0.813627	1.20700562675799	0.08892779665873457
0.817635	1.2034822737865374	0.08902902605758477
0.821643	1.19997234372345	0.08913490039455951
0.825651	1.1964759198400172	0.08924532945454712
0.829659	1.1929930788321077	0.0893602243829067
0.833667	1.1895238910222747	0.08947949774403915
0.837675	1.1860684205581657	0.08960306357421853
0.841683	1.1826267256072276	0.08973083742887178
0.845691	1.179198858547705	0.08986273642450027
0.849699	1.1757848661559314	0.08999867927543848
0.853707	1.172384789789921	0.09013858632564682
0.857715	1.1689986655692604	0.09028237957574557
0.861723	1.1656265245513178	0.09042998270548722
0.865731	1.162268392903778	0.09058132109187213
0.869739	1.1589242920735223	0.0907363218231117
0.873747	1.155594238951868	0.09089491370863931
0.877756	1.152278246036193	0.09105702728536828
0.881764	1.1489763215879656	0.09122259482039768
0.885772	1.1456884697872078	0.09139155031035705
0.88978	1.142414690883419	0.09156382947758575
0.893788	1.1391549813429898	0.09173936976333066
0.897796	1.1359093339931412	0.09191811031815184
0.901804	1.1326777381624193	0.09209999198970957
0.905812	1.1294601798177826	0.09228495730811286
0.90982	1.1262566416983217	0.09247295046899631
0.913828	1.1230671034456468	0.09266391731449336
0.917836	1.1198915417309843	0.09285780531226125
0.921844	1.116729930379027	0.0930545635327175
0.925852	1.1135822404885747	0.09325414262463255
0.92986	1.1104484405500148	0.09345649478922435
0.933868	1.107328496559684	0.09366157375289183
0.937876	1.1042223721311584	0.09386933473872038
0.941884	1.1011300286035182	0.09407973443688412
0.945892	1.098051425146633	0.09429273097407014
0.9499	1.094986518863516	0.09450828388203555
0.953908	1.091935264889797	0.09472635406541213
0.957916	1.0888976164903612	0.0949469037688596
0.961924	1.0858735251532	0.09516989654367226
0.965932	1.0828629406805306	0.09539529721392792
0.96994	1.079865811277228	0.09562307184227391
0.973948	1.0768820836366184	0.09585318769543145
0.977956	1.0739117030236902	0.09608561320950117
0.981964	1.070954613355765	0.09632031795514188
0.985972	1.0680107572806847	0.09655727260269756
0.98998	1.0650800762525594	0.09679644888733588
0.993988	1.0621625106051302	0.09703781957426136
0.997996	1.059257999622793	0.09728135842406402
1.002004	1.0563664816093348	0.09752704015825306
1.006012	1.0534878939544299	0.09777484042503198
1.01002	1.0506221731979462	0.09802473576535702
1.014028	1.04776925509211	0.09827670357932597
1.018036	1.0449290746615747	0.0985307220929371
1.022044	1.0421015662614455	0.09878677032525242
1.026052	1.0392866636333034	0.09904482805600458
1.03006	1.036484299959277	0.09930487579367277
1.034068	1.0336944079142079	0.09956689474406084
1.038076	1.030916919715957	0.09983086677939985
1.042084	1.0281517671738933	0.10009677440800097
1.046092	1.025398881735614	0.10036460074447681
1.0501	1.0226581945319375	0.1006343294805528
1.054108	1.0199296364202126	0.10090594485648187
1.058116	1.0172131380259888	0.10117943163307949
1.062124	1.014508629783088	0.10145477506438991
1.066132	1.0118160419721205	0.10173196087099413
1.07014	1.0091353047574847	0.10201097521396948
1.074148	1.0064663482228928	0.10229180466950731
1.078156	1.003809102405462	0.10257443620419449
1.082164	1.0011634973284074	0.10285885715096323
1.086172	0.9985294630323787	0.10314505518571158
1.09018	0.9959069296054763	0.10343301830459795
1.094188	0.9932958272119843	0.10372273480200613
1.098196	0.9906960861198563	0.10401419324918573
1.102204	0.98810763672699	0.10430738247356093
1.106212	0.9855304095863257	0.10460229153870833
1.11022	0.982964335429803	0.10489890972499855
1.114228	0.9804093451912084	0.10519722651089772
1.118236	0.9778653700279473	0.10549723155492374
1.122244	0.9753323413417735	0.10579891467824974
1.126253	0.9728101907985065	0.10610226584795136
1.130261	0.9702988503467673	0.10640727516088669
1.134269	0.9677982522357638	0.1067139328282037
1.138277	0.9653083290321561	0.10702222916046567
1.142285	0.9628290136360281	0.10733215455338561
1.146293	0.9603602392959957	0.10764369947416139
1.150301	0.957901939623479	0.10795685444840038
1.154309	0.9554540486061645	0.10827161004762469
1.158317	0.9530165006206841	0.10858795687734635
1.162325	0.9505892304445382	0.10890588556570126
1.166333	0.9481721732672845	0.10922538675263191
1.170341	0.9457652647010208	0.10954645107960657
1.174349	0.943368440790183	0.10986906917986511
1.178357	0.9409816380206829	0.11019323166917792
1.182365	0.9386047933284088	0.11051892913710876
1.186373	0.9362378441071094	0.11084615213876765
1.190381	0.9338807282156849	0.11117489118704309
1.194389	0.9315333839849043	0.1115051367453018
1.198397	0.9291957502235707	0.11183687922054324
1.202405	0.9268677662241542	0.11217010895699756
1.206413	0.924549371767912	0.1125048162301554
1.210421	0.9222405071295132	0.11284099124121644
1.214429	0.9199411130811901	0.11317862411194556
1.218437	0.9176511308964295	0.11351770487992517
1.222445	0.9153705023532255	0.11385822349419034
1.226453	0.9130991697369079	0.11420016981123716
1.230461	0.9108370758425639	0.11454353359139044
1.234469	0.9085841639770699	0.11488830449552062
1.238477	0.9063403779607463	0.11523447208209824
1.242485	0.904105662128654	0.11558202580457434
1.246493	0.9018799613315438	0.11593095500907506
1.250501	0.8996632209364764	0.11628124893240133
1.254509	0.8974553868271232	0.11663289670031968
1.258517	0.895256405403765	0.11698588732613625
1.262525	0.8930662235829985	0.11734020970954188
1.266533	0.8908847887971654	0.11769585263571807
1.270541	0.8887120489935155	0.11805280477469324
1.274549	0.8865479526331165	0.11841105468094051
1.278557	0.8843924486895195	0.11877059079320466
1.282565	0.8822454866471956	0.11913140143455107
1.286573	0.8801070164997509	0.11949347481262555
1.290581	0.8779769887479318	0.11985679902011549
1.294589	0.8758553543974312	0.12022136203540482
1.298597	0.8737420649565042	0.1205871517234116
1.302605	0.871637072433404	0.12095415583660117
1.306613	0.8695403293336473	0.12132236201616524
1.310621	0.8674517886571165	0.12169175779335907
1.314629	0.8653714038950097	0.12206233059098831
1.318637	0.8632991290266451	0.1224340677250376
1.322645	0.8612349185161288	0.1228069564064328
1.326653	0.8591787273088931	0.12318098374293004
1.330661	0.8571305108281143	0.12355613674112317
1.334669	0.8550902249710151	0.12393240230856313
1.338677	0.8530578261050601	0.1243097672559823
1.342685	0.8510332710640524	0.1246882182996164
1.346693	0.8490165171441346	0.12506774206361734
1.350701	0.8470075220997036	0.12544832508255244
1.354709	0.8450062441392439	0.12582995380398074
1.358717	0.843012641921085	0.12621261459110225
1.362725	0.8410266745490906	0.12659629372547546
1.366733	0.8390483015682823	0.12698097740979392
1.370741	0.8370774829604046	0.12736665177072018
1.374749	0.8351141791394378	0.12775330286176942
1.378758	0.8331583509470595	0.12814091666623878
1.382766	0.8312099596480648	0.12852947910017645
1.386774	0.8292689669257444	0.12891897601538793
1.390782	0.8273353348772297	0.12930939320247128
1.39479	0.8254090260088056	0.1297007163938813
1.398798	0.8234900032311973	0.1300929312670146
1.402806	0.8215782298548332	0.13048602344731366
1.406814	0.8196736695850899	0.13087997851138566
1.410822	0.81777628651752	0.13127478199013168
1.41483	0.815886045133069	0.1316704193718827
1.418838	0.814002910293282	0.13206687610554063
1.422846	0.8121268472355063	0.13246413760371825
1.426854	0.8102578215680902	0.13286218924587695
1.430862	0.8083957992655811	0.13326101638145915
1.43487	0.8065407466639293	0.13366060433301166
1.438878	0.8046926304556942	0.13406093839929706
1.442886	0.8028514176852612	0.13446200385839266
1.446894	0.8010170757440683	0.13486378597077112
1.450902	0.7991895723658446	0.1352662699823636
1.45491	0.7973688756218659	0.13566944112760113
1.458918	0.7955549539162258	0.1360732846324332
1.462926	0.7937477759811271	0.13647778571732055
1.466934	0.791947310872194	0.13688292960020154
1.470942	0.7901535279638073	0.13728870149942923
1.47495	0.7883663969444641	0.1376950866366777
1.478958	0.7865858878121641	0.13810207023981685
1.482966	0.784811970869824	0.13850963754575313
1.486974	0.7830446167207209	0.13891777380323495
1.490982	0.7812837962639664	0.13932646427562273
1.49499	0.7795294806900132	0.1397356942436204
1.498998	0.7777816414761949	0.14014544900796921
1.503006	0.7760402503823	0.14055571389210095
1.507014	0.7743052794461822	0.14096647424475112
1.511022	0.7725767009794063	0.14137771544253086
1.51503	0.770854487562933	0.14178942289245616
1.519038	0.7691386120428408	0.14220158203443406
1.523046	0.767429047526089	0.1426141783437052
1.527054	0.7657257673763191	0.14302719733324307
1.531062	0.7640287452096985	0.14344062455610643
1.53507	0.762337954890805	0.1438544456077489
1.539078	0.760653370528554	0.14426864612828136
1.543086	0.7589749664721676	0.14468321180468882
1.547094	0.7573027173071888	0.14509812837300115
1.551102	0.7556365978515377	0.1455133816204171
1.55511	0.7539765831516132	0.14592895738738199
1.559118	0.7523226484784383	0.14634484156961822
1.563126	0.7506747693238515	0.14676102012010914
1.567134	0.7490329213967429	0.14717747905103598
1.571142	0.7473970806193363	0.14759420443566762
1.57515	0.7457672231235162	0.14801118241020358
1.579158	0.7441433252472025	0.14842839917557035
1.583166	0.7425253635307698	0.1488458409991708
1.587174	0.7409133147135145	0.14926349421658688
1.591182	0.7393071557301669	0.14968134523323648
1.59519	0.737706863707451	0.1500993805259834
1.599198	0.7361124159606908	0.15051758664470177
1.603206	0.7345237899904622	0.1509359502137952
1.607214	0.7329409634792933	0.1513544579336693
1.611222	0.7313639142884092	0.15177309658216076
1.61523	0.729792620454525	0.15219185301592036
1.619238	0.7282270601866847	0.1526107141717523
1.623246	0.726667211863146	0.15302966706790963
1.627255	0.7251130540283118	0.1534486988053455
1.631263	0.723564565389708	0.15386779656892235
1.635271	0.7220217248150067	0.15428694762857684
1.639279	0.7204845113290952	0.15470613934044442
1.643287	0.7189529041111906	0.1551253591479403
1.647295	0.7174268824920005	0.1555445945828004
1.651303	0.7159064259509272	0.15596383326608132
1.655311	0.7143915141133186	0.15638306290911907
1.659319	0.7128821267477614	0.15680227131444957
1.663327	0.7113782437634213	0.15722144637668845
1.667335	0.7098798452074252	0.15764057608337315
1.671343	0.7083869112622877	0.15805964851576632
1.675351	0.7068994222433814	0.15847865184962195
1.679359	0.7054173585964496	0.15889757435591448
1.683367	0.7039407008951625	0.15931640440153055
1.687375	0.7024694298387152	0.15973513044992615
1.691383	0.701003526249468	0.16015374106174785
1.695391	0.6995429710706287	0.16057222489541872
1.699399	0.6980877453639752	0.16099057070769096
1.703407	0.6966378303076206	0.16140876735416423
1.707415	0.6951932071938177	0.1618268037897714
1.711423	0.6937538574268038	0.1622446690692318
1.715431	0.6923197625206858	0.16266235234747184
1.719439	0.6908909040973644	0.1630798428800159
1.723447	0.6894672638844971	0.1634971300233448
1.727455	0.6880488237135002	0.1639142032352254
1.731463	0.6866355655175883	0.1643310520750101
1.735471	0.6852274713298525	0.16474766620390724
1.739479	0.6838245232813748	0.1651640353852238
1.743487	0.6824267035993801	0.16558014948457972
1.747495	0.6810339946054249	0.16599599847009486
1.751503	0.6796463787136209	0.16641157241254959
1.755511	0.6782638384288954	0.16682686148551965
1.759519	0.6768863563452863	0.16724185596548455
1.763527	0.675513915144272	0.1676565462319116
1.767535	0.6741464975931348	0.16807092276731558
1.771543	0.67278408654336	0.168484976157294
1.775551	0.6714266649290661	0.1688986970905396
1.779559	0.6700742157654697	0.16931207635882958
1.783567	0.6687267221473822	0.16972510485699285
1.787575	0.6673841672477385	0.1701377735828553
1.791583	0.6660465343161581	0.17055007363716418
1.795591	0.6647138066775362	0.1709619962234915
1.799599	0.6633859677306666	0.17137353264811697
1.803607	0.6620630009468945	0.17178467431989208
1.807615	0.6607448898687993	0.17219541275008443
1.811623	0.6594316181089066	0.17260573955220285
1.815631	0.6581231693484297	0.17301564644180584
1.819639	0.6568195273360394	0.1734251252362903
1.823647	0.6555206758866619	0.173834167854665
1.827655	0.654226598880304	0.17424276631730543
1.831663	0.6529372802609076	0.174650912745694
1.835671	0.651652704035228	0.17505859936214285
1.839679	0.6503728542717413	0.17546581848950246
1.843687	0.6490977150995764	0.17587256255085457
1.847695	0.6478272707074729	0.17627882406919096
1.851703	0.646561505342765	0.1766845956670776
1.855711	0.6453004033103887	0.17708987006630583
1.859719	0.644043948971915	0.17749464008752946
1.863727	0.6427921267446057	0.1778988986498899
1.867735	0.6415449211004938	0.17830263877062802
1.871743	0.6403023165654864	0.1787058535646845
1.875752	0.6390642977184909	0.17910853624428807
1.87976	0.6378308491905635	0.17951068011853288
1.883768	0.6366019556640787	0.17991227859294454
1.887776	0.6353776018719224	0.18031332516903603
1.891784	0.6341577725967043	0.1807138134438532
1.895792	0.6329424526699919	0.1811137371095105
1.8998	0.631731626971566	0.18151308995271687
1.903808	0.6305252804286942	0.1819118658542932
1.907816	0.6293233980154255	0.18231005878868065
1.911824	0.6281259647519046	0.1827076628234402
1.915832	0.6269329657037042	0.18310467211874454
1.91984	0.6257443859811761	0.18350108092686204
1.923848	0.6245602107388216	0.1838968835916327
1.927856	0.6233804251746786	0.18429207454793786
1.931864	0.6222050145297269	0.18468664832116227
1.935872	0.6210339640873109	0.18508059952664957
1.93988	0.619867259172579	0.18547392286915199
1.943888	0.6187048851519394	0.18586661314227323
1.947896	0.6175468274325324	0.18625866522790674
1.951904	0.6163930714617188	0.18665007409566678
1.955912	0.6152436027265837	0.18704083480231642
1.95992	0.6140984067534554	0.1874309424911885
1.963928	0.6129574691074395	0.18782039239160328
1.967936	0.6118207753919681	0.18820917981828128
1.971944	0.6106883112483621	0.18859730017075146
1.975952	0.6095600623554093	0.18898474893275613
1.97996	0.6084360144289546	0.18937152167165136
1.983968	0.6073161532215048	0.18975761403780483
1.987976	0.6062004645218462	0.19014302176398923
1.991984	0.6050889341546748	0.19052774066477357
1.995992	0.6039815479802398	0.19091176663591128
2.0	0.6028782918939988	0.19129509565372524
