#t JJ(t)	err	jack_1	jack_2	jack_3	jack_4	jack_5	jack_6	jack_7	jack_8	jack_9	jack_10
0	1.2313267864824953	0.0027443921429331055	1.2307874869172635	1.2296916137158143	1.2305121181408267	1.2330201597081092	1.2306386205488267	1.2321043455966703	1.2315414918187384	1.2311283319526847	1.2319010989964108	1.2319425974296105	
1	0.1129862301456785	0.00039528202362108984	0.11268891453821513	0.11307474639611659	0.11300994783689432	0.11279532013042684	0.11308357469245998	0.11295349774919125	0.11301823292332894	0.11307194427909928	0.11304634070135793	0.1131197822096947	
2	0.023022084845106695	0.00017317326107922594	0.02293456518883598	0.023084267242850537	0.023019798206174315	0.022982194932951797	0.02309165087363918	0.02300975398837623	0.02297095667414585	0.02295576162579645	0.023081678398601996	0.0230902213196946	
3	0.006912114619747179	7.627156016471465e-05	0.0069007582046949996	0.006959210767596341	0.0068800448065213515	0.006881136784084523	0.006937669410384781	0.0069056477008223776	0.00689642431435037	0.006895738085765156	0.006939601332976273	0.0069249147902756235	
4	0.0028392446976629594	4.2880992751846844e-05	0.0028416855922919356	0.002869333555840998	0.0028145702279215967	0.002827415780656207	0.0028509089772319443	0.002827539179464623	0.00283692261236051	0.0028376611253243225	0.0028491504036439203	0.002837259521893539	
5	0.0014035495783166132	2.6860167375671977e-05	0.0014056031623422961	0.001419378831675584	0.0013887151997730223	0.001395407439687015	0.0014118446418098214	0.0013960539946321789	0.0014039674165926086	0.0014037828003600527	0.0014133910927544445	0.0013973512035391066	
6	0.0007604428597212862	1.772620953858527e-05	0.0007598400602123754	0.0007695566170029424	0.0007513901850062237	0.0007543219552520874	0.0007670633054095646	0.0007574603667164378	0.000760932469915298	0.0007590034302815079	0.0007688859469340366	0.0007559742604823883	
7	0.0004336199998554238	1.1548202951011794e-05	0.00043323423303189587	0.0004383135267752325	0.000426931981850655	0.0004287134679863333	0.0004378188150172477	0.00043329348282816695	0.0004348416930686656	0.0004325352874284817	0.00043922236426617193	0.00043129514630138783	
8	0.00025518828357194397	7.556620289999242e-06	0.00025415721619680685	0.0002573945836766591	0.00025059419738734847	0.00025177208895168834	0.0002578747283220477	0.0002560873997167838	0.0002567364709871214	0.00025435582814319795	0.0002587371713225249	0.00025417315101526156	
9	0.00015378173224088435	4.617609458969896e-06	0.0001528984889420612	0.00015454249309903602	0.00015088330103243873	0.0001516893802347644	0.00015530725136489419	0.00015451565115336813	0.00015524051621126697	0.00015328923628761589	0.00015585153398796282	0.00015359947009543483	
10	9.44386991050332e-05	2.968084421895587e-06	9.366995491722282e-05	9.458730237511085e-05	9.260309068657057e-05	9.319101652311969e-05	9.537861632274671e-05	9.501349463369855e-05	9.552618929820109e-05	9.410652196774299e-05	9.575331654611572e-05	9.455748777980304e-05	
11	5.900621094477752e-05	1.9675955938877617e-06	5.852981720704611e-05	5.890648313647419e-05	5.77148188761624e-05	5.8332462463153164e-05	5.959992234348796e-05	5.9316501543043424e-05	5.9902095475464066e-05	5.881971426843847e-05	5.980661952087906e-05	5.913367461362633e-05	
12	3.7159613238773856e-05	1.314129878799856e-06	3.69275221965474e-05	3.6987157932774575e-05	3.629811492196337e-05	3.6766430367955466e-05	3.75936634128787e-05	3.737260618508933e-05	3.7781233151136746e-05	3.7008834787482327e-05	3.770323430640866e-05	3.715733512550198e-05	
13	2.350966904959857e-05	8.479321547007761e-07	2.3375365515276668e-05	2.331310912171208e-05	2.3002446694985926e-05	2.3285248277467146e-05	2.3805782672706918e-05	2.3645671088855905e-05	2.391879674964185e-05	2.3403739648591286e-05	2.3892639816218802e-05	2.3453890910529114e-05	
14	1.5062447679605486e-05	5.156060886497032e-07	1.4976958611522942e-05	1.4927821444028758e-05	1.4795990926517548e-05	1.4949767704458981e-05	1.528300612114664e-05	1.5117348438138352e-05	1.530938915890184e-05	1.4965730761584572e-05	1.5306079762168166e-05	1.4992383867587065e-05	
15	9.851113213232642e-06	3.211833035806202e-07	9.80790680019331e-06	9.780254492198575e-06	9.711050611653019e-06	9.779698466270653e-06	1.0014964541576623e-05	9.858322496549098e-06	9.995781876780026e-06	9.767575074184997e-06	1.0006993583181192e-05	9.788584189738929e-06	
16	6.7559115060561956e-06	2.1049164387049087e-07	6.739819268882871e-06	6.721083750561026e-06	6.667449286035482e-06	6.704786474692184e-06	6.874288981390648e-06	6.7571536118955966e-06	6.831397765421226e-06	6.697075161925556e-06	6.862632231779583e-06	6.703428527977791e-06	
17	5.0952207660926875e-06	1.4621066602842197e-07	5.097065565174608e-06	5.086250701665068e-06	5.029869185200707e-06	5.05773761813712e-06	5.1835992772121416e-06	5.090622074813909e-06	5.119539352088164e-06	5.061248364928611e-06	5.175482359960711e-06	5.050793161745838e-06	
18	4.511361285942257e-06	1.2257287542504528e-07	4.528034243627133e-06	4.526454469604559e-06	4.45307837308653e-06	4.487334744261059e-06	4.580717651949842e-06	4.496860061069769e-06	4.491136495927107e-06	4.500582883027117e-06	4.5808828946110306e-06	4.468531042258419e-06	
19	4.88908542781777e-06	1.4234041337925898e-07	4.9273870085479455e-06	4.926730628188439e-06	4.831766368445912e-06	4.867847815140505e-06	4.949136574191011e-06	4.8480448562953825e-06	4.829040153948833e-06	4.9050753481610385e-06	4.959292448879562e-06	4.846533076379065e-06	
20	6.325078670320545e-06	2.0958270888504456e-07	6.392051053069381e-06	6.397399278461727e-06	6.2702585662028e-06	6.299307496755642e-06	6.384441237702049e-06	6.2352558139463645e-06	6.206087135077232e-06	6.377498551620097e-06	6.399863014804667e-06	6.288624555565482e-06	
21	9.119627797840976e-06	3.35351296484947e-07	9.225414392266882e-06	9.238936512964273e-06	9.056669982088223e-06	9.108035610515564e-06	9.175425134375318e-06	8.952782511866947e-06	8.906419448188916e-06	9.216551702488294e-06	9.215821858854715e-06	9.100220824800619e-06	
22	1.3953743198513692e-05	5.431510194552795e-07	1.411789078396066e-05	1.4159802160306393e-05	1.384193586345124e-05	1.3985860217620342e-05	1.399400752686774e-05	1.3674405867530089e-05	1.3610384623972122e-05	1.4125216767408405e-05	1.4086947577842967e-05	1.3940980596176962e-05	
23	2.2136404558562787e-05	8.990290297914903e-07	2.2432087577042425e-05	2.2494135883622417e-05	2.2012840546914358e-05	2.2204900889470346e-05	2.21147495584879e-05	2.1671232427633885e-05	2.156194934086007e-05	2.2417245097296837e-05	2.2328436213508098e-05	2.2126468050791556e-05	
24	3.567667610025023e-05	1.4887965754764865e-06	3.6240342613525914e-05	3.6220397773354594e-05	3.557559886569715e-05	3.5732362279358005e-05	3.569512746531208e-05	3.492851125542377e-05	3.4683766266232676e-05	3.614088786627738e-05	3.5941288024714776e-05	3.560847859260598e-05	
25	5.79066538834746e-05	2.348454504002781e-06	5.894060753222512e-05	5.877439593570814e-05	5.7950199124815906e-05	5.7837861652506577e-05	5.8123786625915866e-05	5.677705977144664e-05	5.6320312972614374e-05	5.839426666062614e-05	5.830031183151589e-05	5.764773672737137e-05	
26	9.451434834947092e-05	3.7706783131164456e-06	9.629301443816557e-05	9.600547354158142e-05	9.476458483605854e-05	9.436225809639307e-05	9.517940538647481e-05	9.282414434580693e-05	9.196576779372578e-05	9.482855721626535e-05	9.492164700181972e-05	9.399863083841799e-05	
27	0.000154849480069427	5.7501344438471404e-06	0.0001576227932178163	0.00015699236008227845	0.00015553855474699645	0.00015440693416245437	0.00015648451342659543	0.00015231641737422852	0.00015109891670196833	0.00015467489148246206	0.00015519902001223082	0.00015416039948723957	
28	0.0002559014973176941	8.446852395480788e-06	0.0002599058960842511	0.00025909858828065724	0.0002574583598484701	0.0002549012156797492	0.0002582979115209673	0.00025229573899392745	0.000250449214264339	0.00025567362123984086	0.00025605679650892056	0.00025487763075581784	
29	0.0004337740312900135	1.2847576614407498e-05	0.00043995093396211483	0.0004372255412166167	0.00043781459570160276	0.00043249525902719355	0.0004370607356140807	0.00042810279062904636	0.00042550122546357143	0.00043374094258891583	0.000434046944533329	0.0004318013441636643	
30	0.0007630603334664481	2.0124607309235415e-05	0.0007721237888379543	0.0007664475368596395	0.0007708776748845077	0.0007607050628372614	0.0007693529187897948	0.0007546256520908748	0.0007510709326144049	0.0007638683326642575	0.0007642336205598846	0.0007572978145259012	
31	0.0014183513470490219	3.062124826049388e-05	0.001432141050246921	0.001419162512175548	0.0014306592717996448	0.0014142745920193369	0.0014309168055834114	0.0014053129138674983	0.0014040923044005699	0.0014198332568737086	0.0014207580202017765	0.0014063627433218036	
32	0.002883574043841153	4.908134615669146e-05	0.002907398152403151	0.0028779654737381686	0.002901302889843823	0.0028751016316616914	0.002908500759877587	0.002867702966315567	0.002865705535893838	0.0028825794150032723	0.0028878181769141417	0.002861665436760287	
33	0.006988562435452275	6.18967879659012e-05	0.007014775332266055	0.006975620717478773	0.007009758065111195	0.006970095644927767	0.007028498368217588	0.006978303987520463	0.006968147483505317	0.0069824885729247756	0.006990675825942341	0.006967260356628484	
34	0.02322521949424742	0.00013953564516614372	0.023275400430044245	0.023231648216907617	0.023211679630917623	0.023172840433454654	0.023336965818306042	0.023235298105309107	0.02319923764084214	0.023194191065199012	0.023211253375050214	0.0231836802264435	
35	0.11340627959203946	0.0003442987118510601	0.1135338759485748	0.1133761072816451	0.11357248588883134	0.1132427156806587	0.11354949577921675	0.11349500546666258	0.11328890279625797	0.11337590714271492	0.1133076186111584	0.1133206813246742	
