#t JJ(t)	err	jack_1	jack_2	jack_3	jack_4	jack_5	jack_6	jack_7	jack_8	jack_9	jack_10
0	1.2312005069347154	0.0027387051452329053	1.2306607267372216	1.2295594618996746	1.2304239485276118	1.232896895993951	1.2304945895021775	1.23197536145225	1.2314216503135467	1.2310043405771809	1.2317559211154625	1.2318121732280747	
1	0.11207788257129096	0.0003977512785906421	0.11176769235080641	0.11215076891272613	0.11211044649355473	0.11190107457515223	0.1121685383206389	0.11204189609411754	0.1121202632843442	0.11216423365085733	0.11213491172395054	0.11221900030676163	
2	0.023119190850978584	0.0001648286508396114	0.023032217736022192	0.023180497336051417	0.023112345729207655	0.023087285651202383	0.02318297422574565	0.023098904286141256	0.023074799005192666	0.02305961015241175	0.023181364630261773	0.023181909757549066	
3	0.007314147912607786	8.187927400954836e-05	0.007307753092077853	0.0073685014289961055	0.00727381603652778	0.007278346804872313	0.007329996036680466	0.007304908259805153	0.007303038304399633	0.007310008308320858	0.007346533681826324	0.007318577172571379	
4	0.003287666330814721	5.631593536262438e-05	0.0032940843479542705	0.003326515712527865	0.0032543257201954746	0.0032719027444377043	0.003291322284541334	0.003272521160855275	0.0032899835423928513	0.003294161570533093	0.0033032073775785065	0.0032786388471308372	
5	0.001802716848526785	3.9565725266115724e-05	0.0018069520754117007	0.0018244260833543075	0.0017809414842613444	0.0017904401075106878	0.001807056083246031	0.001790748929116712	0.0018064489661092048	0.0018084816604618332	0.0018199181917418286	0.0017917549040541987	
6	0.001080623487954675	2.7633648764129357e-05	0.0010790179973920167	0.0010938159395448743	0.0010657116904646867	0.0010707694396937034	0.0010863016463390075	0.0010743866438744864	0.001084253476546302	0.0010820967636267062	0.0010956322267894713	0.0010742490552754975	
7	0.000674891914971919	1.967988931033647e-05	0.0006740558979642984	0.000682008238694217	0.0006627207988134326	0.0006664155753519659	0.0006793983694939193	0.0006721845983887741	0.0006789210576960059	0.0006753324836331035	0.0006853499942733554	0.000672532135410118	
8	0.0004319933935669891	1.4067731768801617e-05	0.0004300404892661696	0.0004355015331709284	0.00042284976369434733	0.0004257064671523533	0.00043537909900661753	0.000431875872515733	0.0004361993344521621	0.00043212316347043594	0.0004391158854775966	0.00043114232746354817	
9	0.0002801131073569248	9.333917166101098e-06	0.0002785658356974666	0.00028123076506101485	0.0002737546910204318	0.0002762152930013621	0.0002820278105258528	0.00028049606834755156	0.0002837999502407122	0.00028023237506068254	0.0002845972160294278	0.0002802110685847461	
10	0.0001838343268844989	6.2250477700132315e-06	0.00018258452209664786	0.00018389249524057466	0.0001795456622623432	0.00018158934356069488	0.00018498185837779625	0.000184335287717107	0.000186535214072576	0.000183763980438379	0.00018683280863395613	0.00018428209644491403	
11	0.00012182767835448293	4.35382190955963e-06	0.0001210946206874787	0.00012149145534899972	0.00011872397050137094	0.0001205039367970036	0.0001226218383612388	0.00012199360474871754	0.00012397726223334997	0.00012193225937254502	0.00012372108904606602	0.00012221674644805907	
12	8.085760563494591e-05	3.034866290172145e-06	8.06044236856619e-05	8.03678309936374e-05	7.873659469169095e-05	7.99280021624428e-05	8.154450817016332e-05	8.097784063126724e-05	8.238714118599953e-05	8.094323703941272e-05	8.217318853921934e-05	8.091328924996391e-05	
13	5.400046415915743e-05	2.1037814925393612e-06	5.3926574053492836e-05	5.3473356191895634e-05	5.265567807026816e-05	5.3304069974877946e-05	5.449400635251366e-05	5.4086297767610465e-05	5.509405229855467e-05	5.412985006409407e-05	5.493256139471268e-05	5.390819542355416e-05	
14	3.660182033888246e-05	1.362187394363736e-06	3.655716525227215e-05	3.620079916158387e-05	3.584461085652814e-05	3.6122922323931785e-05	3.698928764542982e-05	3.660695293899666e-05	3.7349096880026677e-05	3.668519921788462e-05	3.7202265080079564e-05	3.645990403209129e-05	
15	2.525889824662184e-05	8.977734162526461e-07	2.5282969081138323e-05	2.499038882799447e-05	2.4818194415235977e-05	2.489036256313262e-05	2.5582111860362478e-05	2.5186233462805785e-05	2.5729723858303034e-05	2.5317894141362295e-05	2.5641096585605915e-05	2.5150007670277504e-05	
16	1.82186443387714e-05	6.046428834651128e-07	1.8276259446762928e-05	1.803872931286253e-05	1.7929974028936924e-05	1.7963931040910998e-05	1.8469367066849764e-05	1.8137649145378492e-05	1.8494802369619557e-05	1.8282150902788107e-05	1.8470548754652132e-05	1.812303131895256e-05	
17	1.4356984746294224e-05	4.2240362780083503e-07	1.4454067319801024e-05	1.424225011456922e-05	1.4168965426343612e-05	1.4161809766650254e-05	1.4552164070278736e-05	1.4266066026553205e-05	1.4477240513947824e-05	1.444348429456806e-05	1.4524122403279044e-05	1.4279677526951245e-05	
18	1.3008011155701462e-05	3.4424643092370123e-07	1.3148035853312485e-05	1.2943581891063448e-05	1.2882712781389102e-05	1.285965955190944e-05	1.3164083678450335e-05	1.2893980097474235e-05	1.3002064351268575e-05	1.3128814384746238e-05	1.3121781578966723e-05	1.2935397388434068e-05	
19	1.388208883834702e-05	4.0030152481021997e-07	1.408718891332893e-05	1.3854642647375256e-05	1.3784087815817356e-05	1.3740737582764883e-05	1.4026690095551817e-05	1.3711376864082528e-05	1.3765026226468593e-05	1.404768441577986e-05	1.3984471182577601e-05	1.3818982639723372e-05	
20	1.7189772988409163e-05	5.778765746607792e-07	1.7490849161280842e-05	1.7205849377776808e-05	1.712790859954377e-05	1.702411481854328e-05	1.7346707314834645e-05	1.6907342499803986e-05	1.692151519590574e-05	1.743015518174519e-05	1.730132470786781e-05	1.714196302678955e-05	
21	2.3408350446962923e-05	8.728565427657022e-07	2.3853536872061303e-05	2.3482511685958104e-05	2.3337845725829937e-05	2.321969164581463e-05	2.3594755416715904e-05	2.295477607725979e-05	2.293447643524807e-05	2.3736907223772155e-05	2.3578568514304606e-05	2.3390434872664735e-05	
22	3.384049096550517e-05	1.3015832281612839e-06	3.446145198449981e-05	3.400559416689148e-05	3.366358552099866e-05	3.366247656789572e-05	3.403281808618536e-05	3.313819943974816e-05	3.3117405647516115e-05	3.4369032197351246e-05	3.411271402757936e-05	3.384163201638586e-05	
23	5.068491799899663e-05	1.998016038849596e-06	5.1636467839407675e-05	5.104978751116323e-05	5.045518954804803e-05	5.040929008369984e-05	5.078721441140684e-05	4.960986937475536e-05	4.958144316177793e-05	5.15299755659863e-05	5.1097567646093374e-05	5.069237484762763e-05	
24	7.730202859616123e-05	3.2068639199502886e-06	7.886184569129603e-05	7.780440591480568e-05	7.70954765072542e-05	7.681418610474598e-05	7.763453615654712e-05	7.557908928876298e-05	7.548439029761423e-05	7.862379012113192e-05	7.787449576174338e-05	7.724807011771073e-05	
25	0.00011860664313967388	4.815544032295538e-06	0.00012116230254476404	0.00011937488498417275	0.00011866764430642116	0.00011773148592254056	0.00011942902814873234	0.00011606882420017647	0.00011582587655726182	0.0001201403645568618	0.00011936713058751557	0.0001182988895882923	
26	0.00018193469314179323	7.107642030157418e-06	0.0001857969568911221	0.00018335603090270563	0.0001822300914399769	0.0001810149986281124	0.00018386263454460083	0.00017822208785178288	0.0001776560727426202	0.00018330412664676975	0.00018248975597850333	0.00018141417579173823	
27	0.00027845740906294483	1.038180215790424e-05	0.0002840591050909777	0.0002804947930773612	0.0002791622500944365	0.0002770424468430999	0.0002826735467169471	0.00027310554823150104	0.0002725808367884593	0.00027905836691015135	0.00027857361405222633	0.00027782358282428787	
28	0.00042580278951993904	1.4393628545664651e-05	0.00043319806450438066	0.00042924333869615565	0.0004277044198510032	0.0004237140662408302	0.0004319704667510076	0.0004188020474825123	0.0004176329064434234	0.0004260662542663266	0.00042485433878148345	0.00042484199218226714	
29	0.0006636591539943426	2.0357443635430744e-05	0.0006741394325468935	0.0006673882725366262	0.0006686190822100169	0.0006617719939332716	0.0006713737341798188	0.0006543629947978265	0.00065109338337841	0.0006635899794330932	0.0006619994700071396	0.0006622531969203296	
30	0.0010673284209756742	2.8844716949373246e-05	0.001081464394922803	0.0010709499045491297	0.0010770693179445827	0.001065190697666285	0.0010780331234491003	0.0010562678013294067	0.0010485853320369833	0.0010669767753493972	0.001066141105010124	0.0010626057574989322	
31	0.0017964860789575318	4.056059420384467e-05	0.001816352543625516	0.001797446479062461	0.0018130397651456283	0.0017923241809254357	0.0018130997040478106	0.0017814623393369693	0.0017735664004170865	0.0017943937767662945	0.0017971381106924693	0.0017860374895556468	
32	0.0033027975561115016	6.21107705128349e-05	0.003335288321499909	0.0032981079540319864	0.003328258711153624	0.0032916635105253883	0.003332429670362056	0.0032866837598752073	0.0032759565233520535	0.003294883398678619	0.003304547961927708	0.003280155749708461	
33	0.007344962757007484	7.232968056573193e-05	0.007379593960827279	0.007336690449068674	0.0073734335775610844	0.007327231234448256	0.007386446728395505	0.007339506415054237	0.0073162382427185545	0.007325409491851949	0.007341293496450229	0.0073237839736990705	
34	0.02326857725710683	0.0001492530318621169	0.023324105840408872	0.023282701911469313	0.023264059065773987	0.023224767934821883	0.023381608252014654	0.02328876061510047	0.023234156589920552	0.023220514675065026	0.023243835324077176	0.02322126236241638	
35	0.1124485809960393	0.00036282203903567053	0.11257592646601851	0.11242442514179027	0.112626697494626	0.11228977174266058	0.11259977888756792	0.11254863512926286	0.11232240098256645	0.11241000519851324	0.11232994113168454	0.11235822778570242	
