0.0	0.0
0.004008	0.0046908287771455295
0.008016	0.008897083728683253
0.012024	0.012810029686034978
0.016032	0.016578349011168152
0.02004	0.020316154777395484
0.024048	0.024109612118200837
0.028056	0.028022397084091925
0.032064	0.0321001860087074
0.036072	0.036374337632442105
0.04008	0.040864904226436884
0.044088	0.04558308598704343
0.048096	0.050533224421468965
0.052104	0.05571441480006927
0.056112	0.06112180456759524
0.06012	0.06674763350833071
0.064128	0.07258206212840433
0.068136	0.07861382688049083
0.072144	0.0848307542804162
0.076152	0.09122016045550771
0.08016	0.09776915805426631
0.084168	0.10446488859478974
0.088176	0.11129469511559757
0.092184	0.11824624731570511
0.096192	0.12530762914516377
0.1002	0.13246739696028412
0.104208	0.13971461482810782
0.108216	0.14703887230067286
0.112224	0.1544302889376097
0.116232	0.1618795089988825
0.12024	0.16937768902712994
0.124248	0.17691648046508832
0.128257	0.18448800898617576
0.132265	0.19208485183719395
0.136273	0.1997000141859477
0.140281	0.20732690522058422
0.144289	0.21495931455092668
0.148297	0.22259138930610642
0.152305	0.23021761219997158
0.156313	0.23783278073991584
0.160321	0.2454319876808179
0.164329	0.2530106027695032
0.168337	0.2605642557830476
0.172345	0.26808882083347857
0.176353	0.2755804018896492
0.180361	0.28303531945234056
0.184369	0.29045009830942986
0.188377	0.29782145629297785
0.192385	0.3051462939583139
0.196393	0.3124216851058134
0.200401	0.31964486806840803
0.204409	0.32681323769143383
0.208417	0.3339243379357869
0.212425	0.340975855040211
0.216433	0.3479656111836408
0.220441	0.3548915585936781
0.224449	0.3617517740523591
0.228457	0.3685444537552681
0.232465	0.3752679084847111
0.236473	0.381920559062023
0.240481	0.3885009320481303
0.244489	0.39500765566520807
0.248497	0.4014394559156524
0.252505	0.4077951528776541
0.256513	0.41407365715940375
0.260521	0.4202739664964114
0.264529	0.4263951624785967
0.268537	0.4324364073957215
0.272545	0.4383969411914141
0.276553	0.44427607851749906
0.280561	0.45007320588161104
0.284569	0.45578777888216293
0.288577	0.4614193195256733
0.292585	0.4669674136222473
0.296593	0.47243170825568137
0.300601	0.47781190932521667
0.304609	0.4831077791564372
0.308617	0.488319134179189
0.312625	0.4934458426707101
0.316633	0.49848782256241286
0.320641	0.5034450393089551
0.324649	0.5083175038183962
0.328657	0.513105270442345
0.332665	0.5178084350250979
0.336673	0.5224271330108217
0.340681	0.526961537607876
0.344689	0.5314118580093943
0.348697	0.5357783376692483
0.352705	0.5400612526325221
0.356713	0.5442609099196126
0.360721	0.5483776459630562
0.364729	0.5524118250961657
0.368737	0.5563638380925413
0.372745	0.5602341007554925
0.376754	0.5640230525563928
0.380762	0.5677311553209633
0.38477	0.5713588919624619
0.388778	0.5749067652607404
0.392786	0.5783752966861092
0.396794	0.581765025266945
0.400802	0.5850765064999564
0.40481	0.5883103113020236
0.408818	0.5914670250025147
0.412826	0.5945472463749839
0.416834	0.5975515867071569
0.420842	0.6004806689081048
0.42485	0.6033351266515229
0.428858	0.6061156035540273
0.432866	0.6088227523873998
0.436874	0.6114572343237178
0.440882	0.6140197182123204
0.44489	0.6165108798875757
0.448898	0.6189314015064333
0.452906	0.6212819709147583
0.456914	0.6235632810414649
0.460922	0.6257760293194878
0.46493	0.6279209171326469
0.468938	0.6299986492874842
0.472946	0.6320099335091725
0.476954	0.6339554799606183
0.480962	0.635836000783902
0.48497	0.6376522096632238
0.488978	0.639404821408544
0.492986	0.641094551559132
0.496994	0.6427221160062575
0.501002	0.6442882306342859
0.50501	0.6457936109794552
0.509018	0.6472389719056428
0.513026	0.6486250272964444
0.517034	0.6499524897629168
0.521042	0.6512220703663508
0.52505	0.6524344783554706
0.529058	0.6535904209174659
0.533066	0.6546906029422943
0.537074	0.6557357267997042
0.541082	0.656726492128451
0.54509	0.657663595637199
0.549098	0.6585477309166169
0.553106	0.6593795882621981
0.557114	0.6601598545073488
0.561122	0.6608892128663085
0.56513	0.6615683427864822
0.569138	0.6621979198097798
0.573146	0.6627786154425738
0.577154	0.6633110970339025
0.581162	0.6637960276615591
0.58517	0.664234066025722
0.589178	0.6646258663497957
0.593186	0.6649720782881441
0.597194	0.6652733468404101
0.601202	0.6655303122721306
0.60521	0.6657436100413643
0.609218	0.6659138707310627
0.613226	0.6660417199869266
0.617234	0.6661277784605
0.621242	0.6661726617572611
0.625251	0.6661769803894869
0.629259	0.6661413397336685
0.633267	0.6660663399922693
0.637275	0.665952576159626
0.641283	0.6658006379917986
0.645291	0.6656111099801845
0.649299	0.665384571328723
0.653307	0.6651215959345167
0.657315	0.664822752371711
0.661323	0.6644886038784743
0.665331	0.6641197083469313
0.669339	0.6637166183159064
0.673347	0.6632798809663405
0.677355	0.6628100381192507
0.681363	0.6623076262361083
0.685371	0.6617731764215142
0.689379	0.6612072144280584
0.693387	0.6606102606632517
0.697395	0.6599828301984265
0.701403	0.6593254327795058
0.705411	0.6586385728395417
0.709419	0.6579227495129354
0.713427	0.6571784566512452
0.717435	0.6564061828405037
0.721443	0.6556064114199582
0.725451	0.6547796205021608
0.729459	0.6539262829943306
0.733467	0.6530468666209224
0.737475	0.6521418339473267
0.741483	0.6512116424046438
0.745491	0.6502567443154644
0.749499	0.6492775869205997
0.753507	0.6482746124067044
0.757515	0.6472482579347372
0.761523	0.6461989556692073
0.765531	0.6451271328081571
0.769539	0.6440332116138349
0.773547	0.6429176094440081
0.777555	0.6417807387838802
0.781563	0.6406230072785621
0.785571	0.6394448177660648
0.789579	0.6382465683107706
0.793587	0.6370286522373506
0.797595	0.6357914581650892
0.801603	0.6345353700425865
0.805611	0.6332607671828053
0.809619	0.6319680242984312
0.813627	0.6306575115375194
0.817635	0.6293295945193975
0.821643	0.6279846343708014
0.825651	0.6266229877622157
0.829659	0.6252450069443967
0.833667	0.6238510397850537
0.837675	0.6224414298056685
0.841683	0.6210165162184295
0.845691	0.6195766339632622
0.849699	0.6181221137449374
0.853707	0.6166532820702371
0.857715	0.6151704612851621
0.861723	0.6136739696121651
0.865731	0.6121641211873922
0.869739	0.6106412260979183
0.873747	0.6091055904189635
0.877756	0.607557516251074
0.881764	0.6059973017572577
0.885772	0.60442524120006
0.88978	0.6028416249785685
0.893788	0.6012467396653364
0.897796	0.5996408680432128
0.901804	0.5980242891420707
0.905812	0.5963972782754224
0.90982	0.5947601070769137
0.913828	0.5931130435366887
0.917836	0.5914563520376159
0.921844	0.5897902933913688
0.925852	0.5881151248743536
0.92986	0.5864311002634767
0.933868	0.5847384698717455
0.937876	0.5830374805836971
0.941884	0.5813283758906477
0.945892	0.5796113959257586
0.9499	0.5778867774989125
0.953908	0.5761547541313962
0.957916	0.5744155560903842
0.961924	0.57266941042322
0.965932	0.5709165409914895
0.96994	0.5691571685048846
0.973948	0.5673915105548523
0.977956	0.565619781648026
0.981964	0.5638421932394364
0.985972	0.5620589537654994
0.98998	0.5602702686767775
0.993988	0.5584763404705131
0.997996	0.5566773687229308
1.002004	0.5548735501213077
1.006012	0.5530650784958083
1.01002	0.551252144851084
1.014028	0.5494349373976339
1.018036	0.5476136415829276
1.022044	0.5457884401222861
1.026052	0.5439595130295232
1.03006	0.5421270376473422
1.034068	0.5402911886774912
1.038076	0.5384521382106734
1.042084	0.5366100557562136
1.046092	0.5347651082714788
1.0501	0.5329174601910542
1.054108	0.5310672734556733
1.058116	0.529214707540902
1.062124	0.5273599194855777
1.066132	0.5255030639200011
1.07014	0.5236442930938843
1.074148	0.5217837569040515
1.078156	0.5199216029218959
1.082164	0.5180579764205913
1.086172	0.5161930204020583
1.09018	0.514326875623689
1.094188	0.5124596806248255
1.098196	0.5105915717529983
1.102204	0.5087226831899202
1.106212	0.5068531469772408
1.11022	0.50498309304206
1.114228	0.5031126492222009
1.118236	0.5012419412912454
1.122244	0.49937109298333093
1.126253	0.4975002260177107
1.130261	0.49562946012307835
1.134269	0.49375891306165703
1.138277	0.4918887006530561
1.142285	0.4900189367978944
1.146293	0.48814973350119223
1.150301	0.4862812008955338
1.154309	0.48441344726399993
1.158317	0.482546579062874
1.162325	0.48068070094412085
1.166333	0.4788159157776411
1.170341	0.4769523246733013
1.174349	0.47509002700274233
1.178357	0.47322912042096643
1.182365	0.47136970088770463
1.186373	0.4695118626885664
1.190381	0.467655698455972
1.194389	0.4658012991898702
1.198397	0.46394875427824167
1.202405	0.4620981515173903
1.206413	0.46024957713202364
1.210421	0.4584031157951239
1.214429	0.456558850647611
1.218437	0.4547168633177998
1.222445	0.4528772339406518
1.226453	0.451040041176824
1.230461	0.4492053622315161
1.234469	0.44737327287311707
1.238477	0.4455438474516538
1.242485	0.4437171589170417
1.246493	0.4418932788371407
1.250501	0.44007227741561666
1.254509	0.43825422350961063
1.258517	0.43643918464721737
1.262525	0.4346272270447742
1.266533	0.4328184156239625
1.270541	0.4310128140287231
1.274549	0.4292104846419866
1.278557	0.4274114886022213
1.282565	0.42561588581979926
1.286573	0.4238237349931827
1.290581	0.42203509362493175
1.294589	0.4202500180375358
1.298597	0.4184685633890694
1.302605	0.4166907836886744
1.306613	0.41491673181187033
1.310621	0.41314645951569356
1.314629	0.4113800174536682
1.318637	0.40961745519060855
1.322645	0.4078588212172564
1.326653	0.40610416296475327
1.330661	0.4043535268189498
1.334669	0.40260695813455405
1.338677	0.4008645012491189
1.342685	0.3991261994968721
1.346693	0.3973920952223888
1.350701	0.3956622297941083
1.354709	0.39393664361769715
1.358717	0.39221537614925955
1.362725	0.3904984659083968
1.366733	0.3887859504911167
1.370741	0.3870778665825952
1.374749	0.38537424996979075
1.378758	0.3836751355539138
1.382766	0.381980557362752
1.386774	0.38029054856285305
1.390782	0.3786051414715661
1.39479	0.376924367568944
1.398798	0.3752482575095064
1.402806	0.37357684113386663
1.406814	0.3719101474802224
1.410822	0.3702482047957123
1.41483	0.3685910405476399
1.418838	0.36693868143456526
1.422846	0.36529115339726737
1.426854	0.36364848162957636
1.430862	0.3620106905890795
1.43487	0.3603778040076993
1.438878	0.358749844902148
1.442886	0.3571268355842574
1.446894	0.3555087976711862
1.450902	0.3538957520955067
1.45491	0.3522877191151711
1.458918	0.3506847183233586
1.462926	0.3490867686582063
1.466934	0.3474938884124222
1.470942	0.3459060952427842
1.47495	0.34432340617952506
1.478958	0.34274583763560434
1.482966	0.341173405415869
1.486974	0.3396061247261036
1.490982	0.3380440101819716
1.49499	0.3364870758178484
1.498998	0.33493533509554746
1.503006	0.3333888009129407
1.507014	0.3318474856124746
1.511022	0.3303114009895824
1.51503	0.32878055830099406
1.519038	0.3272549682729448
1.523046	0.325734641109284
1.527054	0.3242195864994839
1.531062	0.32270981362655127
1.53507	0.32120533117484146
1.539078	0.3197061473377768
1.543086	0.3182122698254696
1.547094	0.31672370587225196
1.551102	0.31524046224411234
1.55511	0.3137625452460399
1.559118	0.3122899607292786
1.563126	0.3108227140984912
1.567134	0.30936081031883406
1.571142	0.30790425392294446
1.57515	0.30645304901784093
1.579158	0.3050071992917372
1.583166	0.3035667080207714
1.587174	0.30213157807565133
1.591182	0.300701811928216
1.59519	0.2992774116579154
1.599198	0.29785837895820866
1.603206	0.29644471514288195
1.607214	0.29503642115228673
1.611222	0.293633497559499
1.61523	0.2922359445764015
1.619238	0.29084376205968826
1.623246	0.28945694951679357
1.627255	0.2880755061117453
1.631263	0.28669943067094444
1.635271	0.2853287216888703
1.639279	0.28396337733371385
1.643287	0.2826033954529386
1.647295	0.28124877357877054
1.651303	0.27989950893361787
1.655311	0.2785555984354211
1.659319	0.2772170387029348
1.663327	0.2758838260609407
1.667335	0.27455595654539466
1.671343	0.27323342590850613
1.675351	0.27191622962375306
1.679359	0.270604362890831
1.683367	0.26929782064053864
1.687375	0.2679965975395996
1.691383	0.26670068799542185
1.695391	0.2654100861607948
1.699399	0.2641247859385254
1.703407	0.26284478098601344
1.707415	0.2615700647197672
1.711423	0.2603006303198597
1.715431	0.25903647073432695
1.719439	0.25777757868350737
1.723447	0.25652394666432526
1.727455	0.25527556695451686
1.731463	0.25403243161680095
1.735471	0.2527945325029943
1.739479	0.2515618612580721
1.743487	0.25033440932417556
1.747495	0.24911216794456456
1.751503	0.2478951281675189
1.755511	0.2466832808501874
1.759519	0.24547661666238468
1.763527	0.24427512609033805
1.767535	0.24307879944038346
1.771543	0.2418876268426121
1.775551	0.24070159825446785
1.779559	0.2395207034642961
1.783567	0.2383449320948447
1.787575	0.2371742736067175
1.791583	0.23600871730178105
1.795591	0.23484825232652504
1.799599	0.2336928676753769
1.803607	0.23254255219397124
1.807615	0.23139729458237487
1.811623	0.23025708339826714
1.815631	0.2291219070600772
1.819639	0.22799175385007783
1.823647	0.22686661191743676
1.827655	0.22574646928122602
1.831663	0.22463131383338952
1.835671	0.22352113334166956
1.839679	0.2224159154524929
1.843687	0.2213156476938166
1.847695	0.220220317477934
1.851703	0.21912991210424207
1.855711	0.21804441876196945
1.859719	0.21696382453286667
1.863727	0.21588811639385833
1.867735	0.2148172812196582
1.871743	0.21375130578534723
1.875752	0.21269017676891516
1.87976	0.21163388075376616
1.883768	0.21058240423118899
1.887776	0.20953573360279176
1.891784	0.20849385518290237
1.895792	0.2074567552009342
1.8998	0.20642441980371823
1.903808	0.20539683505780162
1.907816	0.2043739869517132
1.911824	0.20335586139819617
1.915832	0.20234244423640876
1.91984	0.2013337212340929
1.923848	0.20032967808971128
1.927856	0.19933030043455352
1.931864	0.19833557383481143
1.935872	0.19734548379362402
1.93988	0.19636001575309245
1.943888	0.1953791550962654
1.947896	0.1944028871490953
1.951904	0.1934311971823653
1.955912	0.192464070413588
1.95992	0.19150149200887623
1.963928	0.19054344708478518
1.967936	0.1895899207101279
1.971944	0.18864089790776295
1.975952	0.18769636365635578
1.97996	0.18675630289211315
1.983968	0.18582070051049154
1.987976	0.18488954136787997
1.991984	0.18396281028325673
1.995992	0.18304049203982145
2.0	0.18212257138660187
