0.0	0.0
0.004008	0.019768595016365954
0.008016	0.03703998024060406
0.012024	0.0522869237721631
0.016032	0.06589958578870551
0.02004	0.07819892406112643
0.024048	0.08944802457664155
0.028056	0.09986166833214502
0.032064	0.1096143997827236
0.036072	0.11884732341689863
0.04008	0.12767382154809132
0.044088	0.1361843578593529
0.048096	0.144450506826805
0.052104	0.1525283282848493
0.056112	0.16046118857492983
0.06012	0.1682821145032191
0.064128	0.17601575334660735
0.068136	0.1836800010694876
0.072144	0.1912873514703959
0.076152	0.198846010931196
0.08016	0.2063608165895041
0.084168	0.21383398992372984
0.088176	0.2212657527806187
0.092184	0.2286548286600446
0.096192	0.23599884849186673
0.1002	0.2432946771015073
0.104208	0.2505386739846034
0.108216	0.25772689982827496
0.112224	0.26485527836879474
0.116232	0.271919721612812
0.12024	0.27891622512911673
0.124248	0.285840939003823
0.128257	0.2926902191127303
0.132265	0.2994606625739879
0.136273	0.30614913057945464
0.140281	0.31275276124507106
0.144289	0.3192689746527565
0.148297	0.32569547186487335
0.152305	0.33203022936530485
0.156313	0.3382714901086057
0.160321	0.3444177521319433
0.164329	0.35046775549640347
0.168337	0.3564204681685296
0.172345	0.3622750713244911
0.176353	0.36803094445361834
0.180361	0.37368765055148057
0.184369	0.37924492162205664
0.188377	0.38470264465121157
0.192385	0.39006084816739883
0.196393	0.3953196894683795
0.200401	0.4004794425631965
0.204409	0.40554048685534494
0.208417	0.4105032965749137
0.212425	0.41536843095351983
0.216433	0.4201365251253287
0.220441	0.42480828172970936
0.224449	0.429384463185573
0.228457	0.43386588460373826
0.232465	0.43825340730139556
0.236473	0.44254793288158834
0.240481	0.44675039784035897
0.244489	0.45086176866459887
0.248497	0.4548830373845449
0.252505	0.45881521754613075
0.256513	0.46265934056993296
0.260521	0.4664164524651528
0.264529	0.470087610868881
0.268537	0.47367388238275243
0.272545	0.47717634018095806
0.276553	0.48059606186542586
0.280561	0.48393412754577253
0.284569	0.48719161812335365
0.288577	0.4903696137603895
0.292585	0.4934691925167033
0.296593	0.4964914291380807
0.300601	0.4994373939816364
0.304609	0.5023081520648562
0.308617	0.5051047622261782
0.312625	0.5078282763860753
0.316633	0.510479738898624
0.320641	0.5130601859844724
0.324649	0.5155706452369868
0.328657	0.5180121351941326
0.332665	0.5203856649693683
0.336673	0.522692233935483
0.340681	0.5249328314559001
0.344689	0.5271084366585118
0.348697	0.5292200182476009
0.352705	0.531268534349845
0.356713	0.5332549323908046
0.360721	0.5351801489986561
0.364729	0.5370451099322616
0.368737	0.5388507300309593
0.372745	0.5405979131837274
0.376754	0.5422875523156134
0.380762	0.5439205293895365
0.38477	0.5454977154217643
0.388778	0.5470199705095415
0.392786	0.548488143869502
0.396794	0.5499030738856393
0.400802	0.5512655881657358
0.40481	0.552576503605262
0.408818	0.5538366264578641
0.412826	0.5550467524116431
0.416834	0.5562076666705154
0.420842	0.5573201440400137
0.42485	0.5583849490169591
0.428858	0.5594028358824841
0.432866	0.5603745487979503
0.436874	0.5613008219033431
0.440882	0.5621823794177717
0.44489	0.5630199357417417
0.448898	0.5638141955608982
0.452906	0.5645658539509715
0.456914	0.5652755964836816
0.460922	0.5659440993333856
0.46493	0.5665720293842705
0.468938	0.5671600443379179
0.472946	0.5677087928210798
0.476954	0.5682189144935268
0.480962	0.5686910401558383
0.48497	0.5691257918570215
0.488978	0.5695237830018572
0.492986	0.5698856184578772
0.496994	0.5702118946618936
0.501002	0.5705031997260036
0.50501	0.5707601135430043
0.509018	0.5709832078911568
0.513026	0.5711730465382481
0.517034	0.5713301853449014
0.521042	0.5714551723670942
0.52505	0.5715485479578452
0.529058	0.5716108448680375
0.533066	0.5716425883463492
0.537074	0.5716442962382642
0.541082	0.5716164790841411
0.54509	0.5715596402163222
0.549098	0.5714742758552617
0.553106	0.5713608752046636
0.557114	0.5712199205456124
0.561122	0.5710518873296891
0.56513	0.5708572442710632
0.569138	0.5706364534375534
0.573146	0.570389970340654
0.577154	0.5701182440245196
0.581162	0.56982171715391
0.58517	0.5695008261010903
0.589178	0.5691560010316892
0.593186	0.5687876659895137
0.597194	0.5683962389803241
0.601202	0.5679821320545709
0.60521	0.5675457513890977
0.609218	0.567087497367813
0.613226	0.5666077646613379
0.617234	0.5661069423056326
0.621242	0.56558541377961
0.625251	0.5650435570817406
0.629259	0.5644817448056575
0.633267	0.5639003442147676
0.637275	0.5632997173158777
0.641283	0.5626802209318413
0.645291	0.5620422067732385
0.649299	0.5613860215090922
0.653307	0.5607120068366352
0.657315	0.5600204995501316
0.661323	0.5593118316087665
0.665331	0.5585863302036107
0.669339	0.5578443178236703
0.673347	0.5570861123210317
0.677355	0.5563120269751115
0.681363	0.5555223705560207
0.685371	0.5547174473870535
0.689379	0.5538975574063112
0.693387	0.5530629962274703
0.697395	0.5522140551997063
0.701403	0.5513510214667817
0.705411	0.55047417802531
0.709419	0.5495838037822043
0.713427	0.5486801736113225
0.717435	0.5477635584093178
0.721443	0.5468342251507042
0.725451	0.54589243694215
0.729459	0.5449384530760049
0.733467	0.5439725290830758
0.737475	0.5429949167846563
0.741483	0.5420058643438237
0.745491	0.5410056163160113
0.749499	0.5399944136988666
0.753507	0.5389724939814041
0.757515	0.5379400911924646
0.761523	0.5368974359484869
0.765531	0.5358447555006062
0.769539	0.5347822737810837
0.773547	0.53371021144908
0.777555	0.5326287859357812
0.781563	0.5315382114888845
0.785571	0.5304386992164555
0.789579	0.5293304571301639
0.793587	0.5282136901879079
0.797595	0.5270886003358344
0.801603	0.5259553865497656
0.805611	0.5248142448760396
0.809619	0.523665368471772
0.813627	0.522508947644551
0.817635	0.5213451698915689
0.821643	0.5201742199382023
0.825651	0.5189962797760479
0.829659	0.5178115287004201
0.833667	0.5166201433473214
0.837675	0.5154222977298901
0.841683	0.5142181632743359
0.845691	0.5130079088553681
0.849699	0.5117917008311267
0.853707	0.5105697030776211
0.857715	0.5093420770226856
0.861723	0.5081089816794578
0.865731	0.5068705736793869
0.869739	0.5056270073047799
0.873747	0.504378434520891
0.877756	0.5031250050075621
0.881764	0.5018668661904204
0.885772	0.5006041632716408
0.88978	0.4993370392602772
0.893788	0.4980656350021716
0.897796	0.4967900892094456
0.901804	0.49551053848958176
0.905812	0.4942271173740992
0.90982	0.49293995834683113
0.913828	0.49164919187180917
0.917836	0.4903549464207609
0.921844	0.4890573485002255
0.925852	0.4877565226782941
0.92986	0.48645259161098
0.933868	0.4851456760682237
0.937876	0.4838358949595391
0.941884	0.48252336535930546
0.945892	0.4812082025317103
0.9499	0.4798905199553492
0.953908	0.4785704293474864
0.957916	0.47724804068798193
0.961924	0.47592346224289034
0.965932	0.4745968005877349
0.96994	0.4732681606304632
0.973948	0.4719376456340879
0.977956	0.4706053572390179
0.981964	0.4692713954850839
0.985972	0.467935858833263
0.98998	0.4665988441871074
0.993988	0.46526044691388035
0.997996	0.4639207608654043
1.002004	0.46257987839862563
1.006012	0.46123789039589946
1.01002	0.4598948862849992
1.014028	0.4585509540588544
1.018036	0.45720618029502097
1.022044	0.4558606501748882
1.026052	0.45451444750262493
1.03006	0.4531676547238706
1.034068	0.4518203529441732
1.038076	0.4504726219471785
1.042084	0.4491245402125743
1.046092	0.44777618493379284
1.0501	0.44642763203547486
1.054108	0.445078956190699
1.058116	0.4437302308379797
1.062124	0.44238152819803694
1.066132	0.44103291929034133
1.07014	0.4396844739494369
1.074148	0.4383362608410461
1.078156	0.43698834747795906
1.082164	0.4356408002357104
1.086172	0.4342936843680469
1.09018	0.4329470640221888
1.094188	0.4316010022538876
1.098196	0.4302555610422831
1.102204	0.4289108013045631
1.106212	0.427566782910428
1.11022	0.4262235646963629
1.114228	0.4248812044797208
1.118236	0.42353975907261815
1.122244	0.422199284295647
1.126253	0.42085983499140517
1.130261	0.41952146503784704
1.134269	0.4181842273614581
1.138277	0.4168481739502555
1.142285	0.4155133558666162
1.146293	0.41417982325993674
1.150301	0.4128476253791254
1.154309	0.41151681058492967
1.158317	0.4101874263621017
1.162325	0.4088595193314036
1.166333	0.4075331352614544
1.170341	0.40620831908042193
1.174349	0.4048851148875605
1.178357	0.40356356596459747
1.182365	0.4022437147869703
1.186373	0.40092560303491626
1.190381	0.39960927160441695
1.194389	0.3982947606179992
1.198397	0.396982109435395
1.202405	0.39567135666406167
1.206413	0.39436254016956446
1.210421	0.3930556970858238
1.214429	0.3917508638252284
1.218437	0.39044807608861665
1.222445	0.38914736887512746
1.226453	0.3878487764919229
1.230461	0.3865523325637841
1.234469	0.3852580700425819
1.238477	0.3839660212166248
1.242485	0.3826762177198845
1.246493	0.38138869054110197
1.250501	0.3801034700327748
1.254509	0.37882058592002793
1.258517	0.37754006730936923
1.262525	0.376261942697331
1.266533	0.3749862399789998
1.270541	0.3737129864564352
1.274549	0.3724422088469793
1.278557	0.3711739332914591
1.282565	0.36990818536228176
1.286573	0.3686449900714256
1.290581	0.3673843718783272
1.294589	0.3661263546976665
1.298597	0.36487096190705154
1.302605	0.3636182163546027
1.306613	0.3623681403664401
1.310621	0.36112075575407326
1.314629	0.3598760838216956
1.318637	0.35863414537338467
1.322645	0.35739496072020893
1.326653	0.3561585496872435
1.330661	0.35492493162049427
1.334669	0.35369412539373357
1.338677	0.3524661494152467
1.342685	0.3512410216344922
1.346693	0.3500187595486756
1.350701	0.3487993802092385
1.354709	0.3475829002282637
1.358717	0.3463693357847982
1.362725	0.3451587026310943
1.366733	0.3439510160987701
1.370741	0.3427462911048908
1.374749	0.3415445421579713
1.378758	0.34034578336390203
1.382766	0.33915002843179737
1.386774	0.33795729067976954
1.390782	0.33676758304062765
1.39479	0.3355809180675035
1.398798	0.3343973079394045
1.402806	0.33321676446669524
1.406814	0.3320392990965087
1.410822	0.3308649229180871
1.41483	0.3296936466680542
1.418838	0.32852548073561966
1.422846	0.3273604351677165
1.426854	0.3261985196740717
1.430862	0.3250397436322121
1.43487	0.3238841160924052
1.438878	0.3227316457825368
1.442886	0.3215823411129252
1.446894	0.32043621018107366
1.450902	0.3192932607763612
1.45491	0.31815350038467344
1.458918	0.317016936192973
1.462926	0.3158835750938115
1.466934	0.3147534236897829
1.470942	0.31362648829791945
1.47495	0.3125027749540312
1.478958	0.311382289416989
1.482966	0.310265037172952
1.486974	0.30915102343954165
1.490982	0.30804025316996014
1.49499	0.306932731057057
1.498998	0.30582846153734206
1.503006	0.3047274487949473
1.507014	0.3036296967655368
1.511022	0.3025352091401667
1.51503	0.30144398936909433
1.519038	0.30035604066553895
1.523046	0.29927136600939297
1.527054	0.2981899681508857
1.531062	0.297111849614199
1.53507	0.29603701270103644
1.539078	0.29496545949414615
1.543086	0.29389719186079727
1.547094	0.2928322114562126
1.551102	0.29177051972695484
1.55511	0.2907121179142707
1.559118	0.28965700705738984
1.563126	0.28860518799678203
1.567134	0.28755666137737146
1.571142	0.28651142765170906
1.57515	0.28546948708310377
1.579158	0.28443083974871275
1.583166	0.28339548554259153
1.587174	0.28236342417870397
1.591182	0.28133465519389317
1.59519	0.28030917795081367
1.599198	0.2792869916408248
1.603206	0.2782680952868469
1.607214	0.2772524877461792
1.611222	0.2762401677132821
1.61523	0.2752311337225212
1.619238	0.2742253841508773
1.623246	0.2732229172206191
1.627255	0.27222373100194186
1.631263	0.2712278234155711
1.635271	0.2702351922353319
1.639279	0.26924583509068417
1.643287	0.26825974946922543
1.647295	0.26727693271915925
1.651303	0.2662973820517325
1.655311	0.265321094543639
1.659319	0.26434806713939285
1.663327	0.26337829665366913
1.667335	0.26241177977361446
1.671343	0.2614485130611263
1.675351	0.26048849295510257
1.679359	0.2595317157736611
1.683367	0.2585781777163294
1.687375	0.2576278748662061
1.691383	0.25668080319209247
1.695391	0.2557369585505967
1.699399	0.254796336688209
1.703407	0.2538589332433501
1.707415	0.2529247437483916
1.711423	0.2519937636316492
1.715431	0.25106598821935033
1.719439	0.25014141273757384
1.723447	0.2492200323141651
1.727455	0.2483018419806243
1.731463	0.24738683667397005
1.735471	0.24647501123857757
1.739479	0.24556636042799207
1.743487	0.24466087890671798
1.747495	0.24375856125198364
1.751503	0.24285940195548214
1.755511	0.24196339542508916
1.759519	0.2410705359865566
1.763527	0.24018081788518406
1.767535	0.23929423528746704
1.771543	0.23841078228272305
1.775551	0.2375304528846953
1.779559	0.2366532410331348
1.783567	0.2357791405953605
1.787575	0.23490814536779858
1.791583	0.23404024907749996
1.795591	0.23317544538363771
1.799599	0.23231372787898344
1.803607	0.23145509009136353
1.807615	0.23059952548509527
1.811623	0.22974702746240325
1.815631	0.22889758936481602
1.819639	0.22805120447454372
1.823647	0.22720786601583629
1.827655	0.22636756715632309
1.831663	0.2255303010083337
1.835671	0.22469606063020053
1.839679	0.22386483902754306
1.843687	0.22303662915453434
1.847695	0.22221142391514964
1.851703	0.2213892161643977
1.855711	0.22056999870953453
1.859719	0.21975376431126048
1.863727	0.2189405056849
1.867735	0.2181302155015652
1.871743	0.2173228863893026
1.875752	0.216518510934224
1.87976	0.21571708168162088
1.883768	0.2149185911370634
1.887776	0.21412303176748354
1.891784	0.2133303960022427
1.895792	0.21254067623418432
1.8998	0.21175386482067113
1.903808	0.2109699540846078
1.907816	0.2101889363154487
1.911824	0.20941080377019108
1.915832	0.20863554867435435
1.91984	0.20786316322294457
1.923848	0.20709363958140553
1.927856	0.20632696988655563
1.931864	0.20556314624751137
1.935872	0.20480216074659727
1.93988	0.20404400544024243
1.943888	0.20328867235986417
1.947896	0.20253615351273851
1.951904	0.20178644088285788
1.955912	0.20103952643177608
1.95992	0.20029540209944124
1.963928	0.1995540598050157
1.967936	0.1988154914476843
1.971944	0.19807968890745034
1.975952	0.19734664404591984
1.97996	0.1966163487070739
1.983968	0.1958887947180296
1.987976	0.19516397388978948
1.991984	0.19444187801797952
1.995992	0.1937224988835763
2.0	0.19300582825362275
