0.0	0.0	0.0
0.004008	0.020468141620686504	0.0009866000429638111
0.008016	0.04092655210610679	0.001973034056472883
0.012024	0.06137386859175238	0.002959249757409029
0.016032	0.08180871716792913	0.0039451946013417845
0.02004	0.10222971319085787	0.00493081579873847
0.024048	0.12263546160326844	0.005916060331398064
0.028056	0.1430245572643991	0.006900874969094954
0.032064	0.16339558528930223	0.00788520628641731
0.036072	0.1837471213973463	0.008869000679785079
0.04008	0.204077732269793	0.009852204384631712
0.044088	0.2243859759163169	0.010834763492732642
0.048096	0.24467040205032412	0.011816623969664482
0.052104	0.26492955247291494	0.012797731672376892
0.056112	0.28516196146532363	0.013778032366859521
0.06012	0.3053661561896592	0.014757471745885717
0.064128	0.3255406570977559	0.01573599544681416
0.068136	0.34568397834793657	0.016713549069429914
0.072144	0.36579462822947395	0.01769007819380417
0.076152	0.38587110959453147	0.018665528398154368
0.08016	0.4059119202973466	0.019639845276683575
0.084168	0.42591555364041583	0.02061297445737908
0.088176	0.44588049882742525	0.021584861619749214
0.092184	0.46580524142266017	0.0225554525124782
0.096192	0.48568826381662145	0.0235246929709772
0.1002	0.50552804569756	0.02449252893481079
0.104208	0.5253230645286356	0.025458906464976963
0.108216	0.545071796030394	0.02642377176102078
0.112224	0.5647727146682489	0.027387071177957408
0.116232	0.5844242941446451	0.028348751242986046
0.12024	0.6040250078955699	0.029308758671971673
0.124248	0.6235733295910731	0.030267040385672957
0.128257	0.6430677336394468	0.031223543525696507
0.132265	0.6625066956947089	0.03217821547015506
0.136273	0.6818886931670265	0.03313100384900911
0.140281	0.7012122057357096	0.03408185655907184
0.144289	0.7204757158643977	0.035030721778656446
0.148297	0.7396777093180572	0.035977547981845694
0.152305	0.7588166756814003	0.0369222839523648
0.156313	0.7778911088783348	0.03786487879703798
0.160321	0.7968995076920434	0.038805281958809196
0.164329	0.8158403762852948	0.03974344322931069
0.168337	0.8347122247205769	0.04067931276095961
0.172345	0.8535135694796492	0.04161284107856699
0.176353	0.8722429339820974	0.04254397909044212
0.180361	0.8908988491024841	0.043472678098976335
0.184369	0.9094798536856773	0.04439888981069166
0.188377	0.9279844950599436	0.04532256634573988
0.192385	0.9464113295473913	0.046243660246838014
0.196393	0.9647589229713498	0.047162124487628805
0.200401	0.9830258511602702	0.04807791248045228
0.204409	1.0012107004477366	0.04899097808352064
0.208417	1.019312068168179	0.04990127560748315
0.212425	1.0373285631478792	0.050808759821375164
0.216433	1.0552588061908674	0.05171338595794091
0.220441	1.0731014305593114	0.05261510971832468
0.224449	1.090855082448	0.053513887276124335
0.228457	1.1085184214525325	0.05440967528080228
0.232465	1.1260901210308334	0.05530243086044922
0.236473	1.1435688689576073	0.05619211162390019
0.240481	1.1609533677713701	0.05707867566220127
0.244489	1.1782423352136873	0.05796208154942409
0.248497	1.1954345046602683	0.05884228834283291
0.252505	1.2125286255435646	0.0597192555824043
0.256513	1.2295234637665378	0.06059294328970286
0.260521	1.2464178021072656	0.06146331196611877
0.264529	1.2632104406140683	0.06233032259047122
0.268537	1.2799001969908457	0.06319393661598703
0.272545	1.2964859069723282	0.06405411596666026
0.276553	1.312966424688956	0.06491082303300375
0.280561	1.3293406230211078	0.06576402066720362
0.284569	1.3456073939424216	0.06661367217768561
0.288577	1.361765648851954	0.06745974132311074
0.292585	1.3778143188949405	0.06830219230580942
0.296593	1.393752355271934	0.06914098976467455
0.300601	1.4095787295361102	0.0699760987675233
0.304609	1.4252924338785407	0.07080748480295233
0.308617	1.4408924814012536	0.07163511377169797
0.312625	1.4563779063779096	0.07245895197752587
0.316633	1.4717477645019412	0.0732789661176677
0.320641	1.4870011331220128	0.07409512327282729
0.324649	1.5021371114646764	0.0749073908967779
0.328657	1.517154820844114	0.07571573680557393
0.332665	1.5320534048588679	0.07652012916640097
0.336673	1.5468320295754807	0.07732053648608907
0.340681	1.5614898836989775	0.07811692759931367
0.344689	1.5760261787301375	0.0789092716565118
0.348697	1.5904401491095246	0.07969753811153778
0.352705	1.6047310523482499	0.08048169670908917
0.356713	1.6188981691454623	0.08126171747192641
0.360721	1.6329408034925776	0.08203757068791813
0.364729	1.6468582827642664	0.08280922689693862
0.368737	1.6606499577962393	0.08357665687764625
0.372745	1.674315202949883	0.08433983163417427
0.376754	1.687853416163811	0.08509872238275967
0.380762	1.7012640189924118	0.08585330053834332
0.38477	1.7145464566314847	0.08660353770116878
0.388778	1.7277001979310755	0.08734940564341113
0.392786	1.7407247353956259	0.08809087629586349
0.396794	1.7536195851715748	0.08882792173471227
0.400802	1.7663842870225572	0.08956051416843118
0.40481	1.7790184042923523	0.09028862592482187
0.408818	1.7915215238557591	0.09101222943822987
0.412826	1.803893256057572	0.09173129723696714
0.416834	1.8161332346398555	0.09244580193096681
0.420842	1.8282411166577142	0.0931557161996989
0.42485	1.840216582383776	0.09386101278037552
0.428858	1.8520593352016064	0.09456166445647032
0.432866	1.8637691014882902	0.09525764404658056
0.436874	1.8753456304864162	0.09594892439365625
0.440882	1.8867886941657186	0.09663547835462118
0.44489	1.8980980870746267	0.0973172787904109
0.448898	1.9092736261819925	0.09799429855645171
0.452906	1.9203151507092633	0.09866651049359967
0.456914	1.9312225219533785	0.09933388741956688
0.460922	1.941995623100674	0.0999964021208512
0.46493	1.9526343590320827	0.10065402734519233
0.468938	1.9631386561199249	0.10130673579457171
0.472946	1.9735084620165873	0.10195450011877481
0.476954	1.9837437454353937	0.10259729290953289
0.480962	1.9938444959239705	0.10323508669525946
0.48497	2.0038107236304183	0.10386785393639814
0.488978	2.0136424590626	0.10449556702139272
0.492986	2.023339752840855	0.1051181982632964
0.496994	2.0329026754444643	0.1057357198970262
0.501002	2.042331316952166	0.10634810407727957
0.50501	2.0516257867770538	0.10695532287711633
0.509018	2.0607862133961636	0.1075573482872189
0.513026	2.0698127440750698	0.10815415221583467
0.517034	2.0787055445878027	0.10874570648940984
0.521042	2.0874647989324067	0.1093319828539143
0.52505	2.0960907090424428	0.10991295297686834
0.529058	2.1045834944947552	0.11048858845006612
0.533066	2.112943392213803	0.11105886079300491
0.537074	2.1211706561728656	0.11162374145701402
0.541082	2.1292655570924244	0.11218320183008515
0.54509	2.1372283821360116	0.11273721324240563
0.549098	2.145059434603835	0.11328574697258542
0.553106	2.1527590336244544	0.11382877425457924
0.557114	2.1603275138448037	0.1143662662852976
0.561122	2.1677652251188393	0.11489819423289604
0.56513	2.175072532195087	0.11542452924574771
0.569138	2.1822498144033626	0.11594524246207616
0.573146	2.1892974653409283	0.11646030502025355
0.577154	2.1962158925583446	0.11696968806974456
0.581162	2.203005517245272	0.1174733627826923
0.58517	2.2096667739164695	0.11797130036613312
0.589178	2.2162001100982276	0.11846347207482619
0.593186	2.2226059860154757	0.11894984922468893
0.597194	2.228884874279784	0.11943040320682188
0.601202	2.2350372595784873	0.11990510550211343
0.60521	2.241063638365136	0.12037392769640186
0.609218	2.2469645185514904	0.1208368414961895
0.613226	2.252740419201248	0.12129381874488672
0.617234	2.2583918702257013	0.12174483143957042
0.621242	2.2639194120815076	0.12218985174824187
0.625251	2.269323595470751	0.12262885202756776
0.629259	2.274604981043461	0.12306180484108271
0.633267	2.279764139102756	0.12348868297784062
0.637275	2.2848016493127576	0.12390945947149419
0.641283	2.289718100409434	0.12432410761978151
0.645291	2.2945140899145007	0.12473260100440935
0.649299	2.2991902238525226	0.1251349135113039
0.653307	2.303747116471325	0.12553101935121735
0.657315	2.308185389965852	0.1259208930806702
0.661323	2.312505674205566	0.12630450962320583
0.665331	2.3167086064654945	0.12668184429094376
0.669339	2.3207948311610287	0.1270528728064105
0.673347	2.32476499958655	0.12741757132462309
0.677355	2.3286197696579722	0.12777591645541742
0.681363	2.3323598056592747	0.1281278852859921
0.685371	2.335985777993093	0.12847345540365282
0.689379	2.339498362935428	0.12881260491873925
0.693387	2.3428982423945244	0.12914531248771563
0.697395	2.3461861036739804	0.12947155733640264
0.701403	2.349362639240109	0.12979131928333668
0.705411	2.352428546493608	0.13010457876323941
0.709419	2.3553845275455565	0.1304113168505742
0.713427	2.358231288997763	0.13071151528317573
0.717435	2.3609695417274885	0.13100515648593608
0.721443	2.3636000006765547	0.1312922235945298
0.725451	2.366123384644842	0.13157270047915953
0.729459	2.3685404160881864	0.13184657176830883
0.733467	2.3708518209206675	0.1321138228724851
0.737475	2.373058328321281	0.13237444000793583
0.741483	2.3751606705449877	0.1326284102203265
0.745491	2.377159582738117	0.13287572140836448
0.749499	2.3790558027581086	0.13311636234735227
0.753507	2.3808500709975635	0.1333503227126587
0.757515	2.3825431302125817	0.1335775931030961
0.761523	2.3841357253553466	0.13379816506418737
0.765531	2.3856286034109258	0.13401203111131477
0.769539	2.3870225132382457	0.13421918475273312
0.773547	2.3883182054151986	0.134419620512444
0.777555	2.3895164320878353	0.13461333395291064
0.781563	2.390617946823596	0.13480032169761147
0.785571	2.3916235044685283	0.13498058145341812
0.789579	2.392533861008433	0.135154112032789
0.793587	2.3933497734338887	0.13532091337577107
0.797595	2.394071999609098	0.1354809865717983
0.801603	2.3947012981444806	0.1356343338812843
0.805611	2.3952384282729677	0.13578095875699536
0.809619	2.395684149729924	0.13592086586520052
0.813627	2.396039222636634	0.13605406110659368
0.817635	2.3963044073872846	0.13618055163697698
0.821643	2.396480464539375	0.1363003458877036
0.825651	2.396568154707488	0.13641345358587198
0.829659	2.396568238460347	0.1365198857742724
0.833667	2.396481476221087	0.13661965483107297
0.837675	2.396308628170676	0.1367127744892475
0.841683	2.3960504541543983	0.1367992598557415
0.845691	2.3957077135913445	0.1368791274303674
0.849699	2.39528116538682	0.13695239512443536
0.853707	2.3947715678476014	0.13701908227910733
0.857715	2.394179678599975	0.13707920968348006
0.861723	2.393506254510473	0.1371327995923919
0.865731	2.392752051609235	0.13717987574395135
0.869739	2.391917825015925	0.13722046337678537
0.873747	2.3910043288681337	0.13725458924701273
0.877756	2.390012316252175	0.13728228164493167
0.881764	2.3889425391362282	0.13730357041143004
0.885772	2.387795748305735	0.1373184869541119
0.88978	2.3865726933009883	0.1373270642631438
0.893788	2.3852741223568406	0.13732933692681837
0.897796	2.38390078234446	0.1373253411468384
0.901804	2.3824534187150648	0.13731511475331537
0.905812	2.3809327754455727	0.13729869721949103
0.90982	2.3793395949860865	0.1372761296761739
0.913828	2.3776746182091673	0.13724745492589757
0.917836	2.375938584360807	0.13721271745679922
0.921844	2.3741322310130593	0.13717196345621052
0.925852	2.372256294018246	0.1371252408239775
0.92986	2.370311507464693	0.137072599185492
0.933868	2.3682986036339213	0.13701408990444608
0.937876	2.3662183129592473	0.13694976609530318
0.941884	2.36407136398572	0.13687968263548653
0.945892	2.361858483331351	0.13680389617728597
0.9499	2.3595803956495764	0.13672246515947736
0.953908	2.357237823592892	0.1366354498186592
0.957916	2.3548314877776213	0.1365429122002959
0.961924	2.3523621067497533	0.1364449161694748
0.965932	2.3498303969518046	0.13634152742136596
0.96994	2.347237072690663	0.13623281349138594
0.973948	2.3445828461063547	0.1361188437650567
0.977956	2.3418684271417023	0.13599968948756455
0.981964	2.3390945235128164	0.13587542377299822
0.985972	2.3362618406803937	0.13574612161327695
0.98998	2.333371081821765	0.13561185988674743
0.993988	2.330422947803666	0.13547271736645194
0.997996	2.3274181371556866	0.13532877472805252
1.002004	2.3243573460443616	0.13518011455740495
1.006012	2.321241268247875	0.13502682135777166
1.01002	2.3180705951313336	0.13486898155666055
1.014028	2.3148460156225843	0.13470668351227755
1.018036	2.311568216188546	0.13454001751958164
1.022044	2.308237880812023	0.13436907581592278
1.026052	2.3048556909689664	0.13419395258624994
1.03006	2.3014223256061728	0.13401474396787055
1.034068	2.2979384611193776	0.13383154805474118
1.038076	2.294404771331731	0.1336444649012727
1.042084	2.290821927472625	0.13345359652562325
1.046092	2.2871905981568563	0.13325904691245904
1.0501	2.283511449364106	0.1330609220151551
1.054108	2.2797851444187085	0.13285932975741552
1.058116	2.2760123439696978	0.132654380034274
1.062124	2.2721937059711173	0.13244618471245714
1.066132	2.2683298856625727	0.1322348576300685
1.07014	2.264421535550013	0.13202051459556471
1.074148	2.260469305386728	0.1318032733859884
1.078156	2.256473842154555	0.1315832537444175
1.082164	2.2524357900452734	0.13136057737659385
1.086172	2.2483557904421856	0.13113536794668906
1.09018	2.244234481901868	0.13090775107216512
1.094188	2.240072500136091	0.13067785431768064
1.098196	2.2358704779938967	0.13044580718800275
1.102204	2.231629045443825	0.1302117411198666
1.106212	2.2273488295562864	0.1299757894727372
1.11022	2.223030454486077	0.12973808751841912
1.114228	2.218674541455028	0.12949877242945482
1.118236	2.2142817087347924	0.12925798326626065
1.122244	2.209852571629753	0.12901586096293569
1.126253	2.2053877424600707	0.12877254831168483
1.130261	2.2008878305448527	0.1285281899457942
1.134269	2.196353442185447	0.12828293232109061
1.138277	2.1917851806488677	0.12803692369582523
1.142285	2.187183646151344	0.1277903141089064
1.146293	2.182549435841999	0.12754325535641842
1.150301	2.1778831437866555	0.12729590096635265
1.154309	2.1731853609517784	0.12704840617148205
1.158317	2.1684566751885463	0.12680092788030456
1.162325	2.163697671217064	0.12655362464598494
1.166333	2.158908930610712	0.12630665663321947
1.170341	2.1540910317806428	0.1260601855829516
1.174349	2.149244549960428	0.1258143747748643
1.178357	2.1443700571908515	0.12556938898757591
1.182365	2.139468122304866	0.12532539445646698
1.186373	2.134539310912709	0.12508255882906769
1.190381	2.1295841853871904	0.1248410511179328
1.194389	2.1246033048491464	0.12460104165093763
1.198397	2.11959722515308	0.12436270201892817
1.202405	2.11456649887298	0.12412620502066157
1.206413	2.109511675288339	0.12389172460497422
1.210421	2.1044333003703564	0.12365943581012155
1.214429	2.0993319167683557	0.12342951470023336
1.218437	2.0942080637964064	0.1232021382988399
1.222445	2.0890622774201644	0.12297748451941594
1.226453	2.083895090243932	0.12275573209291432
1.230461	2.078707031497949	0.1225370604922443
1.234469	2.073498627025923	0.12232164985367736
1.238477	2.0682703992727958	0.1221096808951551
1.242485	2.0630228672727657	0.12190133483149128
1.246493	2.057756546637561	0.12169679328646046
1.250501	2.052471949544976	0.12149623820177934
1.254509	2.047169584727684	0.1212998517430003
1.258517	2.0418499574623117	0.1211078162023318
1.262525	2.0365135695588084	0.12092031389843107
1.266533	2.0311609193500977	0.12073752707320684
1.270541	2.025792501682023	0.1205596377856934
1.274549	2.0204088079035962	0.1203868278030656
1.278557	2.0150103258575514	0.12021927848887538
1.282565	2.0095975398712103	0.12005717068860278
1.286573	2.0041709307476685	0.11990068461263338
1.290581	1.9987309757573024	0.11974999971677847
1.294589	1.993278148629607	0.11960529458047803
1.298597	1.987812919545367	0.11946674678282779
1.302605	1.9823357551291696	0.11933453277660169
1.306613	1.976847118442258	0.11920882776043767
1.310621	1.9713474689757364	0.11908980554938316
1.314629	1.965837262644129	0.1189776384440016
1.318637	1.9603169517792949	0.11887249709825719
1.322645	1.9547869851247073	0.11877455038640994
1.326653	1.9492478078300952	0.1186839652691626
1.330661	1.9436998614464593	0.11860090665931693
1.334669	1.9381435839214585	0.11852553728720502
1.338677	1.9325794095951705	0.11845801756617338
1.342685	1.927007769196238	0.11839850545840858
1.346693	1.921429089838391	0.11834715634140151
1.350701	1.9158437950173597	0.11830412287535329
1.354709	1.9102523046081687	0.11826955487183802
1.358717	1.9046550348628246	0.1182435991640365
1.362725	1.8990523984083985	0.11822639947886436
1.366733	1.8934448042454912	0.1182180963113207
1.370741	1.8878326577471047	0.11821882680138118
1.374749	1.882216360657903	0.11822872461376363
1.378758	1.8765963110938708	0.11824791982089201
1.382766	1.870972903542374	0.1182765387893775
1.386774	1.865346528862612	0.11831470407033691
1.390782	1.8597175742864749	0.11836253429385722
1.39479	1.854086423419798	0.11842014406791021
1.398798	1.848453456244013	0.11848764388200804
1.402806	1.842819049118201	0.1185651400158836
1.406814	1.837183574781543	0.11865273445346161
1.410822	1.8315474023561669	0.11875052480237808
1.41483	1.8259108973503937	0.11885860421928134
1.418838	1.820274421662375	0.11897706134114217
1.422846	1.814638333584129	0.1191059802227671
1.426854	1.80900298780597	0.11924544028070576
1.430862	1.8033687354213221	0.11939551624370617
1.43487	1.7977359239319317	0.1195562781098645
1.438878	1.7921048972534597	0.11972779111057921
1.442886	1.7864759957214622	0.11991011568140916
1.446894	1.7808495560977555	0.1201033074399028
1.450902	1.775225911577155	0.12030741717044276
1.45491	1.769605391794596	0.12052249081612763
1.458918	1.763988322832631	0.12074856947768872
1.462926	1.75837502722929	0.1209856894194108
1.466934	1.7527658239863166	0.12123388208200582
1.470942	1.747161028577766	0.12149317410236239
1.47495	1.7415609529589604	0.1217635873400732
1.478958	1.7359659055758108	0.12204513891061436
1.482966	1.7303761913744802	0.1223378412250376
1.486974	1.724792111811405	0.12264170203600414
1.490982	1.7192139648636613	0.12295672448998193
1.49499	1.7136420450396666	0.12328290718539898
1.498998	1.7080766433902241	0.1236202442365323
1.503006	1.702518047519897	0.12396872534289885
1.507014	1.6969665415987107	0.12432833586389377
1.511022	1.6914224063741798	0.12469905689841505
1.51503	1.6858859191836495	0.12508086536919752
1.519038	1.6803573539669545	0.12547373411157123
1.523046	1.674836981279387	0.12587763196635046
1.527054	1.6693250683049627	0.12629252387655432
1.531062	1.663821878869991	0.12671837098765032
1.53507	1.6583276734569363	0.12715513075101584
1.539078	1.6528427092185667	0.12760275703030186
1.543086	1.647367239992387	0.12806120021039272
1.547094	1.6419015163153465	0.1285304073086449
1.551102	1.6364457854388195	0.12901032208810034
1.55511	1.6310002913438564	0.12950088517236827
1.559118	1.6255652747566864	0.13000203416187478
1.563126	1.6201409731644831	0.13051370375118407
1.567134	1.614727620831379	0.1310358258471084
1.571142	1.609325448814718	0.13156832968732218
1.57515	1.603934684981552	0.13211114195921195
1.579158	1.5985555540253678	0.1326641869187017
1.583166	1.5931882774830393	0.1332273865088015
1.587174	1.5878330737520048	0.13380066047763958
1.591182	1.5824901581076514	0.13438392649575115
1.59519	1.577159742720916	0.13497710027240475
1.599198	1.5718420366760895	0.13558009567076545
1.603206	1.5665372459888107	0.13619282482169817
1.607214	1.5612455736242612	0.13681519823603688
1.611222	1.555967219515541	0.1374471249151491
1.61523	1.5507023805822244	0.13808851245964532
1.619238	1.5454512507490952	0.13873926717608778
1.623246	1.54021402096504	0.13939929418157387
1.627255	1.5349908792221139	0.1400684975060765
1.631263	1.5297820105747613	0.1407467801924353
1.635271	1.5245875971591818	0.1414340443939103
1.639279	1.5194078182128476	0.1421301914692116
1.643287	1.5142428500941592	0.142835122074942
1.647295	1.5090928663022323	0.1435487362553879
1.651303	1.5039580374968191	0.14427093352961157
1.655311	1.4988385315183435	0.14500161297580938
1.659319	1.4937345134080602	0.14574067331290202
1.663327	1.4886461454283264	0.14648801297933808
1.667335	1.483573587082971	0.14724353020910178
1.671343	1.4785169951377735	0.14800712310491668
1.675351	1.4734765236410345	0.14877868970865327
1.679359	1.4684523239442338	0.14955812806894767
1.683367	1.4634445447227797	0.1503453363060521
1.687375	1.458453331996828	0.15114021267393643
1.691383	1.4534788291521814	0.15194265561967416
1.695391	1.448521176961261	0.15275256384014327
1.699399	1.4435805136041295	0.15356983633608198
1.703407	1.4386569746895863	0.15439437246354257
1.707415	1.4337506932763076	0.15522607198278757
1.711423	1.4288617998940378	0.15606483510468164
1.715431	1.4239904225648294	0.15691056253463032
1.719439	1.4191366868243116	0.1577631555141185
1.723447	1.4143007157430012	0.15862251585991227
1.727455	1.4094826299476446	0.15948854600097737
1.731463	1.4046825476425755	0.1603611490131799
1.735471	1.3999005846311023	0.16124022865182938
1.739479	1.3951368543369065	0.16212568938212812
1.743487	1.3903914678254534	0.16301743640759148
1.747495	1.3856645338254145	0.16391537569650386
1.751503	1.3809561587500812	0.1648194140064728
1.755511	1.3762664467187893	0.16572945890715005
1.759519	1.3715954995783353	0.16664541880118097
1.763527	1.366943416924375	0.16756720294344896
1.767535	1.3623102961228182	0.16849472145867653
1.771543	1.357696232331203	0.1694278853574484
1.775551	1.3531013185200442	0.17036660655071922
1.779559	1.3485256454941623	0.1713107978628648
1.783567	1.3439693019139818	0.17226037304334002
1.787575	1.339432374316793	0.17321524677700323
1.791583	1.334914947137988	0.17417533469316304
1.795591	1.3304171027322411	0.17514055337340623
1.799599	1.3259389213946602	0.17611082035826384
1.803607	1.3214804813818886	0.1770860541527667
1.807615	1.3170418589331483	0.1780661742309454
1.811623	1.3126231282912426	0.17905110103932778
1.815631	1.3082243617234948	0.18004075599948072
1.819639	1.3038456295426286	0.1810350615096467
1.823647	1.2994870001275929	0.1820339409455238
1.827655	1.2951485399443086	0.18303731866023173
1.831663	1.290830313566359	0.18404511998351025
1.835671	1.2865323836956077	0.18505727122019255
1.839679	1.2822548111827357	0.18607369964799392
1.843687	1.2779976550477095	0.1870943335146567
1.847695	1.2737609725001695	0.18811910203448706
1.851703	1.2695448189597336	0.189147935384326
1.855711	1.2653492480762234	0.19018076469898307
1.859719	1.2611743117497956	0.1912175220661722
1.863727	1.2570200601509922	0.19225814052098006
1.867735	1.2528865417407002	0.19330255403989868
1.871743	1.2487738032900122	0.19435069753445236
1.875752	1.244681889899998	0.19540250684444752
1.87976	1.240610845021378	0.19645791873087312
1.883768	1.2365607104740952	0.19751687086847855
1.887776	1.2325315264667926	0.19857930183805195
1.891784	1.2285233316161785	0.19964515111842746
1.895792	1.2245361629662948	0.20071435907823768
1.8998	1.2205700560076802	0.2017868669674397
1.903808	1.216625044696417	0.20286261690863128
1.907816	1.212701161473077	0.20394155188817775
1.911824	1.208798437281553	0.20502361574717018
1.915832	1.2049169015877772	0.20610875317222957
1.91984	1.2010565823983306	0.20719690968617788
1.923848	1.1972175062789272	0.20828803163858672
1.927856	1.1933996983727917	0.20938206619622607
1.931864	1.1896031824189175	0.21047896133341867
1.935872	1.1858279807701981	0.21157866582232224
1.93988	1.1820741144114488	0.21268112922314703
1.943888	1.1783416029773008	0.21378630187432143
1.947896	1.1746304647699732	0.21489413488261982
1.951904	1.1709407167769286	0.2160045801132607
1.955912	1.1672723746883908	0.21711759017998689
1.95992	1.1636254529147527	0.21823311843513624
1.963928	1.15999996460385	0.21935111895971324
1.967936	1.156395921658107	0.22047154655346832
1.971944	1.1528133347515586	0.2215943567249952
1.975952	1.1492522133467475	0.2227195056818497
1.97996	1.145712565711481	0.22384695032070298
1.983968	1.142194398935471	0.2249766482175293
1.987976	1.1386977189468368	0.22610855761783857
1.991984	1.1352225305284795	0.22724263742695797
1.995992	1.131768837334328	0.22837884720036855
2.0	1.1283366419054468	0.22951714713410007
