0.0	0.0	0.0
0.004008	0.02975582005528323	0.0015404862506098046
0.008016	0.05953868061810134	0.003082029548416234
0.012024	0.08934361500443082	0.004624328540983197
0.016032	0.1191655538861726	0.006167078589089732
0.02004	0.14899932759382856	0.007709972115990728
0.024048	0.17883966862936343	0.009252698972583488
0.028056	0.20868121439086076	0.010794946818039474
0.032064	0.2385185101100396	0.01233640151538335
0.036072	0.26834601200312946	0.013876747541422135
0.04008	0.29815809063500637	0.015415668410345633
0.044088	0.32794903449587387	0.01695284711023847
0.048096	0.3577130537891341	0.0184879665516594
0.052104	0.38744428442843126	0.020020710027360857
0.056112	0.417136792241174	0.021550761682137924
0.06012	0.44678457737514915	0.023077806991711934
0.064128	0.47638157890413335	0.024601533249472486
0.068136	0.5059216796276946	0.026121630059819493
0.072144	0.535398711059653	0.027637789836767783
0.076152	0.564806458598946	0.02914970830640094
0.08016	0.5941386668759171	0.030657085011685865
0.084168	0.6233890452663269	0.03215962381809047
0.088176	0.6525512735646695	0.03365703341838031
0.092184	0.6816190078076754	0.03514902783490844
0.096192	0.7105858862381932	0.03663532691765818
0.1002	0.7394455353989742	0.03811565683624741
0.104208	0.7681915763452307	0.03958975056406021
0.108216	0.7968176309642299	0.04105734835263654
0.112224	0.8253173283895815	0.04251819819442042
0.116232	0.8536843114973329	0.04397205627195082
0.12024	0.881912243470459	0.045418687391564475
0.124248	0.9099948144178626	0.046857865399681016
0.128257	0.9379257480335671	0.04828937357974996
0.132265	0.9656988082814015	0.04971300502795409
0.136273	0.9933078060901434	0.05112856300579812
0.140281	1.0207466060438088	0.05253586126774795
0.144289	1.0480091330515602	0.05393472436213993
0.148297	1.0750893789815317	0.055324987903641015
0.152305	1.1019814092427818	0.056706498815619344
0.156313	1.1286793692995356	0.05807911554086338
0.160321	1.1551774911019064	0.05944270821919653
0.164329	1.1814700994173775	0.06079715883063303
0.168337	1.2075516180474763	0.06214236130285041
0.172345	1.2334165759142985	0.06347822158187813
0.176353	1.2590596130018152	0.06480465766505171
0.180361	1.284475486137255	0.06612159959542577
0.184369	1.3096590745982606	0.067428989417009
0.188377	1.3346053855319895	0.06872678109034791
0.192385	1.3593095591728699	0.07001494036816813
0.196393	1.3837668738463025	0.07129344463096635
0.200401	1.4079727507462554	0.072562282682636
0.204409	1.431922758475385	0.07382145450640681
0.208417	1.4556126173370691	0.07507097098157742
0.212425	1.4790382033695177	0.07631085356172261
0.216433	1.5021955521129682	0.07754113391525927
0.220441	1.5250808621018244	0.07876185352945633
0.224449	1.5476904980745037	0.07997306327917882
0.228457	1.5700209938946796	0.08117482296185165
0.232465	1.592069055178549	0.08236720080031655
0.236473	1.6138315616237207	0.08355027291545414
0.240481	1.6353055690362963	0.08472412277060742
0.244489	1.6564883110536945	0.08588884059002604
0.248497	1.677377200561759	0.087044522753698
0.252505	1.6979698308056648	0.08819127117109118
0.256513	1.7182639761951204	0.08932919263645193
0.260521	1.7382575928053163	0.09045839816843736
0.264529	1.7579488185760164	0.09157900233694546
0.268537	1.77733597321211	0.0926911225801096
0.272545	1.796417557789838	0.09379487851447744
0.276553	1.8151922540737684	0.0948903912414559
0.280561	1.8336589235504261	0.09597778265312196
0.284569	1.8518166061852772	0.09705717474052375
0.288577	1.8696645189105159	0.09812868890757319
0.292585	1.887202053851805	0.0991924452936156
0.296593	1.904428776302791	0.1002485621077032
0.300601	1.9213444224568104	0.10129715497753956
0.304609	1.937948896905781	0.10233833631596899
0.308617	1.9542422699167608	0.10337221470778436
0.312625	1.9702247744971255	0.1043988943195023
0.316633	1.9858968032597053	0.10541847433461857
0.320641	2.00125890509957	0.10643104841669865
0.324649	2.016311781694437	0.10743670420249393
0.328657	2.0310562838409143	0.10843552282709673
0.332665	2.0454934076389626	0.10942757848294715
0.336673	2.0596242905370956	0.11041293801431473
0.340681	2.073450207250903	0.11139166054866474
0.344689	2.0869725655675033	0.11236379716610692
0.348697	2.10019290204851	0.11332939060790519
0.352705	2.1131128776440122	0.11428847502481147
0.356713	2.125734273229956	0.11524107576575988
0.360721	2.138058985081143	0.11618720920724668
0.364729	2.150089020291856	0.11712688262350149
0.368737	2.161826492155889	0.11806009409733596
0.372745	2.173273615517453	0.11898683247137005
0.376754	2.18443270210415	0.1199070773391208
0.380762	2.195306155852831	0.12082079907525403
0.38477	2.205896468238802	0.12172795890412742
0.388778	2.2162062136184493	0.12262850900557704
0.392786	2.2262380445949126	0.12352239265674445
0.396794	2.235994687416036	0.12440954440860685
0.400802	2.2454789374133384	0.12528989029572757
0.40481	2.2546936544903056	0.12616334807763904
0.408818	2.2636417586678146	0.12702982751016814
0.412826	2.272326225694027	0.12788923064491195
0.416834	2.280750082725594	0.12874145215501434
0.420842	2.2889164040865246	0.12958637968532502
0.42485	2.2968283071105744	0.13042389422496717
0.428858	2.3044889480725343	0.1312538705003305
0.432866	2.3119015182132863	0.13207617738645172
0.436874	2.319069239863041	0.1328906783347717
0.440882	2.325995362666677	0.13369723181523674
0.44489	2.3326831599146503	0.13449569177073076
0.448898	2.3391359249824792	0.1352859080818648
0.452906	2.3453569678813757	0.13606772704015896
0.456914	2.351349611922161	0.13684099182772244
0.460922	2.357117190494197	0.1376055430015647
0.46493	2.362663043960652	0.13836121898074322
0.468938	2.3679905166710555	0.1391078565346144
0.472946	2.3731029540917143	0.13984529127051834
0.476954	2.3780037000542285	0.14057335811930807
0.480962	2.382696094122005	0.14129189181721147
0.48497	2.3871834690743627	0.142000727382592
0.488978	2.391469148507521	0.1426997005862551
0.492986	2.395556444551501	0.14338864841404367
0.496994	2.399448655701699	0.144067409520531
0.501002	2.403149064763667	0.14473582467273427
0.50501	2.4066609369094	0.14539373718282345
0.509018	2.4099875178432484	0.14604099332891288
0.513026	2.4131320320753753	0.1466774427630986
0.517034	2.416097681300509	0.14730293890597382
0.521042	2.418887642879618	0.14791733932695686
0.52505	2.421505068421964	0.14852050610982792
0.529058	2.423953082464909	0.14911230620294866
0.533066	2.4262347812487293	0.14969261175372112
0.537074	2.428353231583604	0.15026130042689576
0.541082	2.4303114698058894	0.15081825570642207
0.54509	2.432112500820716	0.15136336718058488
0.549098	2.4337592972278967	0.1518965308102368
0.553106	2.4352547985281303	0.15241764917999054
0.557114	2.4366019104064174	0.15292663173229296
0.561122	2.4378035040896417	0.1534233949843434
0.56513	2.4388624157752323	0.15390786272787446
0.569138	2.4397814461278546	0.15437996621185235
0.573146	2.440563359841088	0.15483964430819325
0.577154	2.441210885261069	0.15528684366063045
0.581162	2.441726714069124	0.15572151881690163
0.58517	2.442113501020446	0.15614363234445036
0.589178	2.4423738637359267	0.15655315492987723
0.593186	2.442510382544298	0.15695006546237947
0.597194	2.4425256003718	0.15733435110146773
0.601202	2.4424220226766624	0.1577060073292412
0.60521	2.442202117425735	0.15806503798754412
0.609218	2.441868315110695	0.1584114553003229
0.613226	2.4414230088013147	0.15874527988152914
0.617234	2.4408685542333575	0.1590665407289233
0.621242	2.4402072699287487	0.159375275204135
0.625251	2.4394414373457445	0.15967152899935824
0.629259	2.4385733010569033	0.1599553560910537
0.633267	2.4376050689527524	0.1602268186810415
0.637275	2.436538912469114	0.1604859871253751
0.641283	2.435376966836152	0.16073293985137752
0.645291	2.434121331347271	0.16096776326324014
0.649299	2.432774069646093	0.16119055163657106
0.653307	2.4313372100298105	0.16140140700228273
0.657315	2.4298127457673004	0.1616004390202158
0.661323	2.4282026354304675	0.1617877648428865
0.665331	2.4265088032373594	0.1619635089697423
0.669339	2.4247331394056717	0.16212780309231878
0.673347	2.4228775005153502	0.16228078593067088
0.677355	2.4209437098790585	0.1624226030614697
0.681363	2.418933557919356	0.1625534067381302
0.685371	2.4168488025515136	0.1626733557033516
0.689379	2.4146911695709408	0.1627826149944362
0.693387	2.412462353044294	0.16288135574175167
0.697395	2.410164015703372	0.1629697549607023
0.701403	2.4077977893409876	0.16304799533756503
0.705411	2.405365275208059	0.1631162650095495
0.709419	2.4028680444112194	0.1631747573394274
0.713427	2.400307638310296	0.16322367068508864
0.717435	2.397685568915087	0.1632632081643605
0.721443	2.395003319280877	0.16329357741544084
0.725451	2.3922623439022157	0.16331499035328095
0.729459	2.3894640691045135	0.1633276629222544
0.733467	2.386609893433058	0.16333181484545317
0.737475	2.3837011880390913	0.1633276693709379
0.741483	2.3807392970626404	0.16331545301527822
0.745491	2.3777255380118154	0.16329539530471188
0.749499	2.3746612021383426	0.1632677285142543
0.753507	2.3715475548091116	0.16323268740508032
0.757515	2.368385835873578	0.163190508960516
0.761523	2.3651772600268526	0.16314143212095408
0.765531	2.3619230171683836	0.1630856975180333
0.769539	2.3586242727561118	0.16302354720839668
0.773547	2.355282168156053	0.162955224407362
0.777555	2.3518978209872436	0.16288097322282666
0.781563	2.348472325462032	0.16280103838973534
0.785571	2.345006752721707	0.162715665005438
0.789579	2.341502151167464	0.16262509826626131
0.793587	2.3379595467867547	0.16252958320562372
0.797595	2.3343799434750325	0.16242936443402062
0.801603	2.330764323352974	0.16232468588120522
0.805611	2.327113647079218	0.16221579054089358
0.809619	2.323428854158713	0.16210292021831751
0.813627	2.319710863246751	0.16198631528095753
0.817635	2.315960572448779	0.16186621441277135
0.821643	2.3121788596160866	0.16174285437224956
0.825651	2.3083665826374795	0.1616164697546186
0.829659	2.3045245797270484	0.16148729275850773
0.833667	2.300653669708141	0.16135555295739976
0.837675	2.2967546522936635	0.1612214770761849
0.841683	2.2928283083628243	0.16108528877311443
0.845691	2.2888754002344514	0.16094720842748086
0.849699	2.284896671936994	0.1608074529333057
0.853707	2.2808928494753413	0.16066623549934586
0.857715	2.276864641094582	0.1605237654557014
0.861723	2.272812737540819	0.16038024806730733
0.865731	2.2687378123191686	0.160235884354591
0.869739	2.264640521949061	0.16009087092154684
0.873747	2.260521506216962	0.1599453997915063
0.877756	2.256381388426625	0.15979965825082884
0.881764	2.2522207756469976	0.15965382870076358
0.885772	2.2480402589578747	0.15950808851770132
0.88978	2.2438404136934267	0.15936260992202336
0.893788	2.239621799683681	0.1592175598557535
0.897796	2.2353849614940775	0.15907309986918977
0.901804	2.2311304286631746	0.1589293860166876
0.905812	2.2268587159386115	0.15878656876174516
0.90982	2.2225703235114	0.158644792891528
0.913828	2.2182657372486383	0.15850419744095315
0.917836	2.2139454289247142	0.15836491562643273
0.921844	2.2096098564510824	0.15822707478935985
0.925852	2.2052594641046706	0.1580907963494024
0.92986	2.200894682754991	0.15795619576765077
0.933868	2.196515930090008	0.1578233825196407
0.937876	2.1921236108408184	0.15769246007826668
0.941884	2.1877181170051974	0.15756352590655925
0.945892	2.183299828070052	0.15743667146030577
0.9499	2.178869111232825	0.1573119822004451
0.953908	2.1744263216218864	0.15718953761517956
0.957916	2.169971802515942	0.15706941125169135
0.961924	2.165505885562495	0.15695167075736588
0.965932	2.1610288909953708	0.15683637793037258
0.96994	2.156541127851345	0.1567235887794642
0.973948	2.152042894185867	0.15661335359281395
0.977956	2.1475344772879166	0.156505717015702
0.981964	2.143016153893978	0.15640071813684694
0.985972	2.1384881904011612	0.1562983905831556
0.98998	2.13395084307945	0.1561987626226501
0.993988	2.1294043582830864	0.15610185727531886
0.997996	2.1248489726610926	0.15600769243161672
1.002004	2.12028491336691	0.15591628097833568
1.006012	2.1157123982671497	0.15582763093154867
1.01002	2.1111316361494485	0.15574174557631204
1.014028	2.106542826929403	0.15565862361282076
1.018036	2.1019461618565733	0.1555782593086747
1.022044	2.0973418237195305	0.15550064265693214
1.026052	2.092729987049927	0.15542575953959925
1.03006	2.0881108183255623	0.15535359189621173
1.034068	2.0834844761724294	0.15528411789714927
1.038076	2.0788511115656934	0.155217312121331
1.042084	2.0742108680295885	0.15515314573793001
1.046092	2.0695638818362023	0.15509158669173992
1.0501	2.064910282203101	0.15503259989183962
1.054108	2.0602501914897786	0.1549761474031897
1.058116	2.0555837253928795	0.15492218864080307
1.062124	2.0509109931401737	0.1548706805661278
1.066132	2.0462320976832356	0.15482157788529782
1.07014	2.0415471358887953	0.15477483324889296
1.074148	2.036856198728722	0.15473039745287
1.078156	2.0321593714686017	0.1546882196403269
1.082164	2.0274567338548732	0.15464824750376635
1.086172	2.022748360300475	0.15461042748753992
1.09018	2.0180343200689714	0.15457470499015238
1.094188	2.0133146774571165	0.15454102456612637
1.098196	2.008589491975812	0.15450933012712145
1.102204	2.0038588185294275	0.1544795651420319
1.106212	1.999122707593433	0.1544516728357694
1.11022	1.9943812053903163	0.1544255963864795
1.114228	1.9896343540637376	0.15440127912092436
1.118236	1.9848821918508868	0.15437866470778785
1.122244	1.9801247532530026	0.15435769734866853
1.126253	1.9753620692040226	0.15433832196653435
1.130261	1.9705941672373197	0.15432048439142607
1.134269	1.9658210716504911	0.15430413154320508
1.138277	1.9610428036681684	0.15428921161115328
1.142285	1.956259381602809	0.15427567423024402
1.146293	1.9514708210134382	0.15426347065391105
1.150301	1.9466771348623046	0.1542525539231547
1.154309	1.9418783336694234	0.15424287903183148
1.158317	1.9370744256649726	0.1542344030879913
1.162325	1.9322654169395095	0.15422708547112102
1.166333	1.9274513115919827	0.15422088798517586
1.170341	1.9226321118755103	0.154215775007283
1.174349	1.9178078183408984	0.15421171363200822
1.178357	1.9129784299778685	0.15420867381108813
1.182365	1.9081439443539763	0.15420662848853328
1.186373	1.903304357751195	0.1542055537310208
1.190381	1.8984596653001418	0.15420542885349456
1.194389	1.8936098611119236	0.15420623653990093
1.198397	1.888754938407586	0.1542079629589947
1.202405	1.8838948896451433	0.15421059787515123
1.206413	1.8790297066441783	0.15421413475412787
1.210421	1.8741593807079864	0.15421857086372265
1.214429	1.869283902743255	0.1542239073692811
1.218437	1.8644032633772665	0.1542301494240041
1.222445	1.8595174530726082	0.1542373062540157
1.226453	1.8546264622393793	0.15424539123815026
1.230461	1.849730281344885	0.15425442198242278
1.234469	1.844828901020811	0.154264420389144
1.238477	1.8399223121678705	0.15427541272065012
1.242485	1.835010506057916	0.15428742965761186
1.246493	1.8300934744335122	0.1543005063518934
1.250501	1.8251712096049673	0.1543146824739306
1.254509	1.8202437045448219	0.15433000225459653
1.258517	1.8153109529797906	0.15434651452153172
1.262525	1.8103729494801584	0.1543642727299006
1.266533	1.8054296895466346	0.15438333498755702
1.270541	1.8004811696946699	0.15440376407458056
1.274549	1.7955273875362296	0.15442562745716354
1.278557	1.790568341859041	0.15444899729581665
1.282565	1.785604032703313	0.15447395044786608
1.286573	1.7806344614359406	0.1545005684642166
1.290581	1.7756596308221975	0.15452893758035285
1.294589	1.770679545094929	0.1545591487015516
1.298597	1.7656942100212583	0.15459129738228147
1.302605	1.760703632966816	0.15462548379976113
1.306613	1.7557078229575032	0.1546618127216588
1.310621	1.7507067907388059	0.15470039346790543
1.314629	1.7457005488326733	0.15474133986660227
1.318637	1.7406891115919807	0.15478477020400683
1.322645	1.7356724952525844	0.15483080716858033
1.326653	1.7306507179829949	0.15487957778908235
1.330661	1.7256237999316848	0.15493121336670534
1.334669	1.7205917632720515	0.15498584940124402
1.338677	1.7155546322450506	0.15504362551129505
1.342685	1.710512433199528	0.15510468534849697
1.346693	1.70546519463027	0.15516917650581405
1.350701	1.7004129472137952	0.15523725041988365
1.354709	1.6953557238419075	0.1553090622674481
1.358717	1.6902935596530408	0.15538477085590036
1.362725	1.6852264920614233	0.1554645385079839
1.366733	1.680154560784071	0.15554853094068888
1.370741	1.6750778078656599	0.15563691713840605
1.374749	1.6699962777012847	0.15572986922039828
1.378758	1.6649100170571454	0.1558275623026703
1.382766	1.659819075089184	0.15593017435432216
1.386774	1.6547235033596952	0.1560378860484854
1.390782	1.649623355851955	0.15615088060795534
1.39479	1.6445186889828871	0.15626934364564046
1.398798	1.6394095616137938	0.15639346299997076
1.402806	1.6342960350591968	0.15652342856541376
1.406814	1.6291781730938064	0.1566594321182654
1.410822	1.6240560419576568	0.15680166713789645
1.41483	1.618929710359442	0.15695032862364944
1.418838	1.6137992494780744	0.15710561290759775
1.422846	1.608664732962515	0.15726771746339208
1.426854	1.603526236929899	0.15743684071143635
1.430862	1.5983838399619859	0.15761318182065112
1.43487	1.5932376230999814	0.15779694050709422
1.438878	1.5880876698377546	0.1579883168297289
1.442886	1.5829340661134887	0.1581875109836408
1.446894	1.5777769002998032	0.15839472309102082
1.450902	1.5726162631923704	0.15861015299024508
1.45491	1.5674522479970785	0.15883400002339676
1.458918	1.562284950315766	0.1590664628225862
1.462926	1.557114468130558	0.15930773909544005
1.466934	1.5519409017868526	0.1595580254101384
1.470942	1.5467643539749847	0.15981751698039134
1.47495	1.5415849297106012	0.1600864074507535
1.478958	1.5364027363137924	0.16036488868268425
1.482966	1.5312178833869978	0.16065315054176682
1.486974	1.5260304827917426	0.16095138068650575
1.490982	1.5208406486242285	0.16125976435912157
1.49499	1.5156484971898088	0.16157848417877294
1.498998	1.5104541469763981	0.1619077199376243
1.503006	1.5052577186268403	0.1622476484001869
1.507014	1.5000593349102722	0.16259844310635205
1.511022	1.4948591206925246	0.16296027417853076
1.51503	1.4896572029055795	0.1633333081333134
1.519038	1.4844537105161373	0.1637177076980457
1.523046	1.4792487744933192	0.16411363163271464
1.527054	1.47404252777553	0.16452123455752385
1.531062	1.4688351052365365	0.1649406667865237
1.53507	1.4636266436507743	0.16537207416764754
1.539078	1.45841728165793	0.16581559792948664
1.543086	1.4532071597268268	0.16627137453512386
1.547094	1.4479964201186446	0.166739535543317
1.551102	1.4427852068495117	0.16722020747731187
1.55511	1.437573665652502	0.16771351170153398
1.559118	1.4323619439390567	0.16821956430639337
1.563126	1.427150190759881	0.16873847600140088
1.567134	1.4219385567653364	0.16927035201678206
1.571142	1.4167271941653543	0.16981529201373924
1.57515	1.4115162566889168	0.17037339000348872
1.579158	1.4063058995431221	0.17094473427517376
1.583166	1.4010962793718686	0.17152940733272573
1.587174	1.3958875542141918	0.17212748584071866
1.591182	1.3906798834622702	0.1727390405792347
1.59519	1.385473427819145	0.17336413640772994
1.599198	1.3802683492561743	0.17400283223786575
1.603206	1.3750648109702408	0.17465518101523952
1.607214	1.3698629773407585	0.17532122970992986
1.611222	1.3646630138864915	0.17600101931573606
1.61523	1.359465087222216	0.1766945848579817
1.619238	1.3542693650152537	0.1774019554097108
1.623246	1.3490760159418937	0.17812315411610086
1.627255	1.3438852096437397	0.17885819822688495
1.631263	1.3386971166840018	0.17960709913655615
1.635271	1.3335119085037501	0.1803698624321168
1.639279	1.3283297573781663	0.1811464879481068
1.643287	1.3231508363728086	0.1819369698286434
1.647295	1.3179753192999129	0.18274129659617688
1.651303	1.3128033806747585	0.1835594512266658
1.655311	1.3076351956721066	0.18439141123085898
1.659319	1.3024709400827494	0.1852371487413641
1.663327	1.2973107902701833	0.1860966306051729
1.667335	1.2921549231274168	0.18696981848131233
1.671343	1.28700351603395	0.18785666894328204
1.675351	1.281856746812935	0.18875713358593407
1.679359	1.2767147936885326	0.18967115913645732
1.683367	1.271577835243498	0.1905986875691205
1.687375	1.2664460503769903	0.19153965622343352
1.691383	1.2613196182626454	0.19249399792538785
1.695391	1.2561987183069219	0.19346164111144207
1.699399	1.2510835301077206	0.19444250995492252
1.703407	1.2459742334133217	0.1954365244945142
1.707415	1.2408710080816294	0.19644360076452536
1.711423	1.2357740340397532	0.1974636509266182
1.715431	1.230683491243938	0.19849658340270304
1.719439	1.225599559639845	0.19954230300870682
1.723447	1.2205224191232154	0.20060071108893404
1.727455	1.2154522495009197	0.20167170565075093
1.731463	1.2103892304523964	0.2027551814993319
1.735471	1.20533354149151	0.20385103037222332
1.739479	1.2002853619288267	0.20495914107348526
1.743487	1.1952448708343213	0.2060793996071909
1.747495	1.1902122470005312	0.20721168931006861
1.751503	1.185187668906152	0.20835589098308907
1.755511	1.1801713146801078	0.2095118830218122
1.759519	1.1751633620660864	0.21067954154531285
1.763527	1.170163988387549	0.21185874052353093
1.767535	1.1651733705132343	0.213049351902889
1.771543	1.1601916848231582	0.21425124573004192
1.775551	1.1552191071751063	0.21546429027363137
1.779559	1.1502558128716458	0.21668835214392865
1.783567	1.145301976627647	0.21792329641026317
1.787575	1.1403577725383283	0.21916898671614182
1.791583	1.135423374047829	0.22042528539197734
1.795591	1.1304989539183086	0.22169205356535096
1.799599	1.1255846841995893	0.22296915126875058
1.803607	1.1206807361993414	0.2242564375447238
1.807615	1.115787280453802	0.22555377054840803
1.811623	1.1109044866990567	0.2268610076473962
1.815631	1.1060325238428663	0.22817800551891249
1.819639	1.101171559937047	0.22950462024427623
1.823647	1.0963217621504169	0.23084070740063942
1.827655	1.0914832967422896	0.23218612214999454
1.831663	1.0866563290365399	0.23354071932544831
1.835671	1.0818410233962314	0.2349043535147685
1.839679	1.0770375431988024	0.2362768791412157
1.843687	1.0722460508118234	0.23765815054167466
1.847695	1.0674667075693198	0.23904802204210646
1.851703	1.062699673748657	0.24044634803034723
1.855711	1.0579451085479996	0.2418529830262812
1.859719	1.0532031700643265	0.24326778174942335
1.863727	1.0484740152720187	0.24469059918394376
1.867735	1.043757800002013	0.24612129064117663
1.871743	1.0390546789215112	0.24755971181965242
1.875752	1.034364805514259	0.2490057188626995
1.87976	1.029688332061383	0.2504591684136587
1.883768	1.0250254096227853	0.25191991766876065
1.887776	1.020376188019099	0.2533878244277139
1.891784	1.0157408158141896	0.25486274714205553
1.895792	1.011119440298216	0.2563445449613141
1.8998	1.0065122074712405	0.25783307777703846
1.903808	1.001919262027377	0.25932820626474656
1.907816	0.9973407473394891	0.2608297919238452
1.911824	0.9927768054444277	0.26233769711557725
1.915832	0.9882275770287985	0.263851785099049
1.91984	0.9836932014152712	0.26537192006539145
1.923848	0.9791738165494043	0.26689796717011055
1.927856	0.9746695589870044	0.26842979256367905
1.931864	0.970180563882005	0.2699672634204238
1.935872	0.965706964974851	0.27151024796576134
1.93988	0.961248894581405	0.2730586155018333
1.943888	0.9568064835823541	0.27461223643159427
1.947896	0.9523798614131191	0.2761709822814025
1.951904	0.9479691560542639	0.27773472572216307
1.955912	0.9435744940223848	0.27930334058907524
1.95992	0.9391960003615003	0.2808767019000276
1.963928	0.9348337986349147	0.2824546858726943
1.967936	0.9304880109175524	0.28403716994037453
1.971944	0.9261587577887698	0.2856240327666228
1.975952	0.9218461583256313	0.287215154258714
1.97996	0.9175503300966338	0.28881041557998666
1.983968	0.9132713891558959	0.290409699161107
1.987976	0.909009450037786	0.29201288871029535
1.991984	0.9047646257519939	0.293619869222554
1.995992	0.9005370277790403	0.29523052698793756
2.0	0.896326766066206	0.29684474959890156
