0.0	0.0	0.0
0.004008	0.02499605936551239	0.0012333421840814978
0.008016	0.04999172940365056	0.0024666274787658237
0.012024	0.07498423354405925	0.0036997234423837315
0.016032	0.09997075906199705	0.004932496773670542
0.02004	0.1249484580751893	0.00616481340057685
0.024048	0.14991444859256378	0.007396538571589187
0.028056	0.1748658156147634	0.008627536949468734
0.032064	0.19979961228623594	0.00985767270730742
0.036072	0.22471286109860622	0.01108680962679203
0.04008	0.24960255514493648	0.012314811198559412
0.044088	0.27446565942437995	0.013541540724515714
0.048096	0.2992991121966326	0.014766861421986396
0.052104	0.32409982638548074	0.01599063652955255
0.056112	0.34886469103063944	0.017212729414423835
0.06012	0.37359057278696944	0.01843300368118737
0.064128	0.3982743174700517	0.01965132328176554
0.068136	0.4229127516469932	0.020867552626407698
0.072144	0.4475026842712266	0.022081556695532512
0.076152	0.47204090835996093	0.023293201152230512
0.08016	0.4965242027128301	0.024502352455229814
0.084168	0.5209493336701809	0.025708877972121052
0.088176	0.5453130569093362	0.026912646092630648
0.092184	0.5696121192770597	0.02811352634172642
0.096192	0.5938432606563545	0.029311389492333747
0.1002	0.6180032158656177	0.03050610767743482
0.104208	0.6420887165880792	0.03169755450132017
0.108216	0.6660964933293569	0.032885605149757094
0.112224	0.690023277400868	0.03407013649883537
0.116232	0.713865802926744	0.03525102722225025
0.12024	0.7376208088718161	0.03642815789677746
0.124248	0.7612850410881529	0.03760141110569603
0.128257	0.784855254377558	0.038770671539913405
0.132265	0.808328214567361	0.039935826096545966
0.136273	0.8317007005967719	0.04109676397471092
0.140281	0.854969506611004	0.042253376768285826
0.144289	0.8781314440603183	0.043405558555393485
0.148297	0.9011833438010914	0.04455320598437687
0.152305	0.9241220581959645	0.04569621835602596
0.156313	0.9469444632100986	0.046834497701831596
0.160321	0.969647460500527	0.047967948858040295
0.164329	0.9922279794955756	0.04909647953529298
0.168337	1.014682979461306	0.050220000383639746
0.172345	1.0370094515519264	0.05133842505272761
0.176353	1.0592044208411167	0.05245167024696988
0.180361	1.081264948331219	0.05355965577551523
0.184369	1.1031881329372597	0.0546623045968432
0.188377	1.124971113442792	0.055759542857829365
0.192385	1.1466110704245744	0.05685129992712781
0.196393	1.1681052281431443	0.057937508422740897
0.200401	1.1894508563963802	0.05901810423365389
0.204409	1.2106452723332122	0.06009302653542568
0.208417	1.2316858422246875	0.061162217799649345
0.212425	1.2525699831896737	0.06222562379720283
0.216433	1.2732951648725537	0.06328319359523127
0.220441	1.2938589110703458	0.06433487954782169
0.224449	1.3142588013067775	0.06538063728034056
0.228457	1.3344924723509284	0.06642042566742908
0.232465	1.3545576196781637	0.06745420680466671
0.236473	1.3744519988711867	0.06848194597392919
0.240481	1.3941734269591508	0.06950361160249077
0.244489	1.4137197836928879	0.07051917521593291
0.248497	1.4330890127544387	0.07152861138494704
0.252505	1.4522791228991918	0.07253189766612919
0.256513	1.471288189029076	0.07352901453689097
0.260521	1.490114353195384	0.07451994532462344
0.264529	1.5087558255299431	0.07550467613027112
0.268537	1.5272108851034958	0.07648319574649325
0.272545	1.545477880710294	0.07745549557059768
0.276553	1.5635552315780565	0.07842156951246237
0.280561	1.5814414280025932	0.07938141389766482
0.284569	1.599135031906544	0.08033502736606087
0.288577	1.6166346773218323	0.08128241076606565
0.292585	1.6339390707955836	0.08222356704490809
0.296593	1.6510469917194104	0.0831585011351381
0.300601	1.6679572925821105	0.0840872198376818
0.304609	1.684668899145981	0.08500973170174844
0.308617	1.701180810547088	0.08592604690190624
0.312625	1.7174920993199823	0.08683617711264988
0.316633	1.7336019113474914	0.08774013538079259
0.320641	1.7495094657363577	0.08863793599602314
0.324649	1.7652140546196264	0.08952959435996935
0.328657	1.780715042886821	0.09041512685412256
0.332665	1.7960118678430688	0.09129455070697011
0.336673	1.811104038798466	0.09216788386069363
0.340681	1.8259911365890902	0.09303514483778681
0.344689	1.8406728130311723	0.09389635260794654
0.348697	1.8551487903100667	0.09475152645559158
0.352705	1.869418860305744	0.09560068584835345
0.356713	1.8834828838566324	0.09644385030689116
0.360721	1.8973407899637327	0.09728103927636064
0.364729	1.910992574937005	0.09811227199987757
0.368737	1.9244383014861108	0.09893756739429364
0.372745	1.937678097757667	0.09975694392860276
0.376754	1.9507121563212255	0.10057041950528034
0.380762	1.9635407331062655	0.10137801134485058
0.38477	1.9761641462925208	0.10217973587396234
0.388778	1.9885827751560272	0.10297560861723988
0.392786	2.0007970588733004	0.10376564409316469
0.396794	2.012807495286095	0.1045498557142261
0.400802	2.0246146396292204	0.10532825569156574
0.40481	2.036219103223908	0.10610085494432066
0.408818	2.047621552139231	0.1068676630138604
0.412826	2.058822705824104	0.10762868798308876
0.416834	2.069823335712362	0.10838393640096802
0.420842	2.0806242638034425	0.10913341321240476
0.42485	2.09122636122116	0.10987712169361809
0.428858	2.1016305467530607	0.11061506339309174
0.432866	2.1118377853728174	0.11134723807819878
0.436874	2.1218490867480955	0.11207364368755955
0.440882	2.131665503736292	0.11279427628918615
0.44489	2.141288130870516	0.11350913004444403
0.448898	2.150718102838127	0.11421819717784155
0.452906	2.159956592954115	0.11492146795264394
0.456914	2.169004811631546	0.11561893065229334
0.460922	2.177864004851249	0.11631057156759533
0.46493	2.1865354526328655	0.11699637498961864
0.468938	2.1950204675093112	0.11767632320824202
0.472946	2.2033203930066594	0.1183503965162601
0.476954	2.2114366021313607	0.11901857321896002
0.480962	2.2193704958666745	0.1196808296490448
0.48497	2.227123501680096	0.12033714018679452
0.488978	2.234697072043504	0.12098747728532078
0.492986	2.24209268296768	0.12163181150076804
0.496994	2.2493118325527606	0.12227011152731557
0.501002	2.256356039556135	0.12290234423679854
0.50501	2.263226841979204	0.12352847472278844
0.509018	2.2699257956743377	0.12414846634893957
0.513026	2.276454472973312	0.12476228080142088
0.517034	2.282814461338401	0.12536987814523234
0.521042	2.28900736203725	0.125971216884205
0.52505	2.295034788842555	0.12656625402448665
0.529058	2.300898366757514	0.1271549451412972
0.533066	2.3065997307679273	0.12773724444874562
0.537074	2.3121405246217677	0.1283131048724957
0.541082	2.3175223996369336	0.12888247812506545
0.54509	2.3227470135378727	0.12944531478354573
0.549098	2.3278160293216423	0.13000156436952373
0.553106	2.332731114153946	0.130551175430992
0.557114	2.3374939382955837	0.13109409562604246
0.561122	2.3421061740597073	0.13163027180812178
0.56513	2.346569494800203	0.1321596501126489
0.569138	2.350885573931453	0.1326821760447859
0.573146	2.3550560839796697	0.13319779456816716
0.577154	2.3590826956659505	0.1337064501943795
0.581162	2.3629670770211164	0.13420808707301435
0.58517	2.3667108925323723	0.13470264908209378
0.589178	2.370315802321753	0.13519007991869697
0.593186	2.3737834613562767	0.13567032318960096
0.597194	2.37711551868968	0.13614332250177957
0.601202	2.380313616735561	0.13660902155258176
0.60521	2.3833793905717124	0.13706736421944177
0.609218	2.3863144672753838	0.13751829464896656
0.613226	2.3891204652891784	0.1379617573452531
0.617234	2.3917989938172455	0.1383976972573045
0.621242	2.3943516522514003	0.1388260598654079
0.625251	2.39678002962677	0.13924679126635486
0.629259	2.399085704106527	0.13965983825738332
0.633267	2.4012702424952566	0.14006514841873638
0.637275	2.40333519978046	0.14046267019472972
0.641283	2.405282118701698	0.14085235297323534
0.645291	2.4071125293468216	0.1412341471634941
0.649299	2.4088279487747513	0.14160800427216652
0.653307	2.410429880664229	0.14197387697755937
0.657315	2.41191981498795	0.1423317192019459
0.661323	2.4132992277114806	0.14268148618193013
0.665331	2.4145695805163405	0.14302313453678517
0.669339	2.415732320546629	0.14335662233472876
0.673347	2.416788880178555	0.14368190915708504
0.677355	2.4177406768122345	0.14399895616029393
0.681363	2.418589112685103	0.1443077261357417
0.685371	2.4193355747062895	0.1446081835673788
0.689379	2.4199814343112998	0.1449002946871087
0.693387	2.4205280473363464	0.1451840275279283
0.697395	2.4209767539116704	0.1454593519748102
0.701403	2.421328878373192	0.14572623981331914
0.705411	2.421585729191841	0.14598466477596148
0.709419	2.4217485989199066	0.14623460258626572
0.713427	2.42181876415376	0.1464760310006066
0.717435	2.4217974855123057	0.14670892984777822
0.721443	2.4216860076305244	0.14693328106633066
0.725451	2.4214855591674675	0.14714906873968817
0.729459	2.4211973528280883	0.1473562791290702
0.733467	2.420822585398285	0.14755490070423533
0.737475	2.4203624377925546	0.14774492417207963
0.741483	2.4198180751136507	0.14792634250311582
0.745491	2.4191906467236644	0.1480991509558647
0.749499	2.4184812863259486	0.14826334709919503
0.753507	2.417691112057311	0.14841893083264807
0.757515	2.416821226589933	0.14856590440478307
0.761523	2.4158727172424594	0.14870427242958723
0.765531	2.414846656099733	0.14883404190099064
0.769539	2.4137441001406517	0.1489552222055295
0.773547	2.412566091373646	0.14906782513320443
0.777555	2.411313656979275	0.14917186488657927
0.781563	2.4099878094594693	0.14926735808816693
0.785571	2.4085895467929466	0.14935432378615343
0.789579	2.407119852596346	0.14943278345850908
0.793587	2.4055796962906464	0.1495027610155328
0.797595	2.403970033272433	0.14956428280088893
0.801603	2.4022918050896047	0.14961737759118
0.805611	2.400545939621115	0.14966207659410954
0.809619	2.3987333512603675	0.1496984134452934
0.813627	2.3968549411018856	0.14972642420376206
0.817635	2.3949115971308985	0.14974614734621267
0.821643	2.3929041944154945	0.14975762376006416
0.825651	2.3908335953010114	0.14976089673536652
0.829659	2.388700649606335	0.14975601195561253
0.833667	2.386506194821808	0.14974301748751437
0.837675	2.3842510563084414	0.14972196376978808
0.841683	2.3819360474981526	0.14969290360100326
0.845691	2.3795619700947603	0.14965589212654495
0.849699	2.3771296142754674	0.1496109868247433
0.853707	2.374639758892595	0.1495582474922198
0.857715	2.3720931716753255	0.14949773622849843
0.861723	2.3694906094312325	0.14942951741993205
0.865731	2.366832818247385	0.1493536577229959
0.869739	2.3641205336908184	0.14927022604698859
0.873747	2.361354481008188	0.14917929353619766
0.877756	2.3585353753244167	0.14908093355156607
0.881764	2.3556639218401734	0.1489752216519136
0.885772	2.3527408160280063	0.1488622355747493
0.88978	2.3497667438270007	0.1487420552167296
0.893788	2.346742381835795	0.14861476261379072
0.897796	2.343668397503839	0.14848044192101015
0.901804	2.3405454493207642	0.14833917939222943
0.905812	2.337374187003744	0.1481910633594795
0.90982	2.334155251682745	0.14803618421224896
0.913828	2.3308892760835622	0.14787463437662915
0.917836	2.327576884708549	0.14770650829437326
0.921844	2.3242186940149594	0.1475319024019046
0.925852	2.3208153125908146	0.14735091510930484
0.92986	2.3173673413282376	0.14716364677931756
0.933868	2.313875373594177	0.14697019970639447
0.937876	2.3103399953984742	0.14677067809581318
0.941884	2.306761785559215	0.14656518804289664
0.945892	2.303141315865319	0.14635383751235745
0.9499	2.299479151236334	0.14613673631779459
0.953908	2.2957758498793948	0.14591399610136033
0.957916	2.292031963443313	0.14568573031362506
0.961924	2.2882480371697858	0.14545205419365323
0.965932	2.2844246100416905	0.14521308474931385
0.96994	2.280562214928459	0.1449689407378354
0.973948	2.2766613787285115	0.14471974264662812
0.977956	2.2727226225087565	0.1444656126743743
0.981964	2.2687464616411375	0.14420667471240897
0.985972	2.264733405936241	0.14394305432639118
0.98998	2.260683959773962	0.14367487873827622
0.993988	2.2565986222312326	0.14340227680859205
0.997996	2.2524778872068367	0.14312537901902392
1.002004	2.2483222435433055	0.14284431745530343
1.006012	2.244132175145928	0.14255922579040617
1.01002	2.2399081610988825	0.14227023926804802
1.014028	2.2356506757785164	0.141977494686476
1.018036	2.231360188963799	0.14168113038254812
1.022044	2.2270371659439654	0.141381286216083
1.026052	2.2226820676233885	0.1410781035544739
1.03006	2.218295350623703	0.14077172525754622
1.034068	2.213877467383215	0.14046229566264176
1.038076	2.209428866253626	0.14014996056990642
1.042084	2.2049499915941104	0.13983486722775984
1.046092	2.200441283862781	0.13951716431851943
1.0501	2.1959031797055766	0.13919700194414902
1.054108	2.1913361120426122	0.1388745316121
1.058116	2.186740510152028	0.1385499062212092
1.062124	2.1821167997513813	0.13822328004762122
1.066132	2.1774654030766185	0.13789480873068583
1.07014	2.1727867389586666	0.13756464925879391
1.074148	2.1680812228976913	0.1372329599551026
1.078156	2.1633492671350614	0.13689990046310158
1.082164	2.1585912807230585	0.1365656317319666
1.086172	2.1538076695923847	0.1362303160016483
1.09018	2.1489988366175004	0.13589411678763466
1.094188	2.1441651816798433	0.1355571988653287
1.098196	2.139307101728972	0.13521972825397663
1.102204	2.134424990841675	0.13488187220008108
1.106212	2.1295192402790883	0.13454379916022857
1.11022	2.1245902385418725	0.13420567878325962
1.114228	2.119638371423484	0.13386768189170947
1.118236	2.114664022061591	0.1335299804624371
1.122244	2.1096675709876744	0.13319274760636815
1.126253	2.1046493961748545	0.1328561575472687
1.130261	2.0996098730839967	0.13252038559946203
1.134269	2.0945493747081234	0.13218560814440902
1.138277	2.089468271615188	0.1318520026060597
1.142285	2.084366931989249	0.13151974742488762
1.146293	2.079245721670076	0.13118902203051866
1.150301	2.074105004191247	0.13086000681285803
1.154309	2.068945140816764	0.1305328830916292
1.158317	2.0637664905762274	0.13020783308422412
1.162325	2.0585694102986194	0.1298850398717799
1.166333	2.053354254644721	0.12956468736337767
1.170341	2.0481213761382135	0.129246960258285
1.174349	2.042871125195498	0.12893204400613542
1.178357	2.0376038501542655	0.12862012476496404
1.182365	2.0323198973008623	0.12831138935700875
1.186373	2.027019610896483	0.1280060252221857
1.190381	2.0217033332022276	0.12770422036916232
1.194389	2.0163714045030567	0.12740616332393925
1.198397	2.0110241631306773	0.1271120430758732
1.202405	2.0056619454853997	0.12682204902105806
1.206413	2.000285086056992	0.12653637090300618
1.210421	1.9948939174445672	0.12625519875056024
1.214429	1.9894887703755328	0.12597872281298342
1.218437	1.984069973723637	0.12570713349218032
1.222445	1.9786378545261412	0.12544062127199998
1.226453	1.9731927380001464	0.12517937664459491
1.230461	1.9677349475581034	0.12492359003380729
1.234469	1.9622648048225377	0.12467345171556558
1.238477	1.9567826296400153	0.12442915173528886
1.242485	1.9512887400943757	0.12419087982230059
1.246493	1.945783452519258	0.1239588253012708
1.250501	1.9402670815099516	0.12373317700071311
1.254509	1.934739939934589	0.12351412315857493
1.258517	1.929202338944712	0.12330185132497858
1.262525	1.9236545879852287	0.12309654826217535
1.266533	1.9180969948037934	0.12289839984179576
1.270541	1.9125298654596243	0.12270759093948785
1.274549	1.9069535043317853	0.1225243053270554
1.278557	1.901368214126952	0.12234872556221812
1.282565	1.8957742958866834	0.12218103287613218
1.286573	1.8901720489942238	0.12202140705882589
1.290581	1.8845617711808456	0.12187002634271957
1.294589	1.8789437585317605	0.12172706728441049
1.298597	1.8733183054916165	0.12159270464492603
1.302605	1.8676857048695958	0.1214671112686546
1.306613	1.8620462478441364	0.12135045796118302
1.310621	1.8564002239672868	0.1212429133662802
1.314629	1.8507479211687203	0.12114464384228335
1.318637	1.8450896257594198	0.12105581333814995
1.322645	1.839425622435047	0.12097658326945648
1.326653	1.8337561942790155	0.12090711239463005
1.330661	1.828081622765281	0.12084755669171204
1.334669	1.822402187760865	0.12079806923595982
1.338677	1.8167181675281179	0.12075880007860096
1.342685	1.811029838726749	0.12072989612705833
1.346693	1.8053374764156218	0.12071150102697124
1.350701	1.799641354054341	0.12070375504633779
1.354709	1.7939417435046277	0.12070679496210765
1.358717	1.7882389150315103	0.12072075394955414
1.362725	1.7825331373043372	0.12074576147474786
1.366733	1.7768246773976122	0.12078194319045814
1.370741	1.7711138007916813	0.12082942083579602
1.374749	1.7654007713732682	0.12088831213990774
1.378758	1.7596858514358706	0.12095873073002333
1.382766	1.7539693016800366	0.12104078604414277
1.386774	1.7482513812135105	0.12113458324864367
1.390782	1.7425323475512808	0.1212402231610696
1.39479	1.7368124566155245	0.12135780217834687
1.398798	1.7310919627354535	0.1214874122106626
1.402806	1.7253711186470861	0.12162914062121197
1.406814	1.7196501754929365	0.12178307017200966
1.410822	1.7139293828216375	0.12194927897593512
1.41483	1.708208988587505	0.1221278404551603
1.418838	1.7024892391500406	0.12231882330608568
1.422846	1.6967703792733952	0.12252229147088889
1.426854	1.69105265212579	0.12273830411576048
1.430862	1.685336299278897	0.1229669156158819
1.43487	1.679621560707198	0.12320817554717436
1.438878	1.6739086747873186	0.1234621286848217
1.442886	1.6681978782973441	0.12372881500854199
1.446894	1.6624894064161269	0.12400826971456876
1.450902	1.6567834927225813	0.12430052323426191
1.45491	1.6510803691949836	0.12460560125926162
1.458918	1.645380266210274	0.12492352477306155
1.462926	1.6396834125433608	0.12525431008886684
1.466934	1.6339900353664458	0.12559796889357028
1.470942	1.628300360248359	0.12595450829767144
1.47495	1.6226146111539177	0.12632393089093355
1.478958	1.6169330104433117	0.126706234803565
1.482966	1.6112557788715107	0.12710141377268985
1.486974	1.6055831355877082	0.1275094572138598
1.490982	1.5999152981348048	0.1279303502973473
1.49499	1.5942524824489186	0.1283640740289476
1.498998	1.5885949028589486	0.12881060533500624
1.503006	1.5829427720861777	0.12926991715138433
1.507014	1.5772963012439236	0.1297419785160627
1.511022	1.571655699837244	0.13022675466508407
1.51503	1.5660211757626874	0.1307242071315297
1.519038	1.5603929353081065	0.13123429384722285
1.523046	1.5547711831525297	0.13175696924685149
1.527054	1.5491561223660857	0.1322921843742088
1.531062	1.543547954409998	0.1328398869902442
1.53507	1.537946879136642	0.13340002168262968
1.539078	1.5323530947896662	0.1339725299765464
1.543086	1.5267667980041864	0.1345573504464065
1.547094	1.5211881838070438	0.13515441882822848
1.551102	1.515617445617141	0.13576366813239624
1.55511	1.51005477524585	0.1363850287565412
1.559118	1.5045003628974907	0.13701842859829425
1.563126	1.4989543971698909	0.13766379316766716
1.567134	1.4934170650550256	0.1383210456988353
1.571142	1.4878885519397265	0.13899010726110156
1.57515	1.4823690416064808	0.13967089686883738
1.579158	1.476858716234307	0.14036333159020872
1.583166	1.471357756399713	0.14106732665450392
1.587174	1.465866341077741	0.14178279555789858
1.591182	1.46038464764309	0.14250965016750095
1.59519	1.4549128518713281	0.14324780082353603
1.599198	1.4494511279401932	0.14399715643953942
1.603206	1.4439996484309714	0.14475762460044445
1.607214	1.4385585843299702	0.14552911165845622
1.611222	1.4331281050300773	0.14631152282662294
1.61523	1.4277083783324054	0.14710476227002095
1.619238	1.4222995704480321	0.14790873319448566
1.623246	1.4169018459998175	0.1487233379328288
1.627255	1.411515368024323	0.1495484780284943
1.631263	1.406140297973816	0.15038405431661594
1.635271	1.4007767957183592	0.15122996700244543
1.639279	1.3954250195479991	0.15208611573713438
1.643287	1.390085126175039	0.1529523996908569
1.647295	1.3847572707364038	0.1538287176232738
1.651303	1.3794416067961002	0.1547149679513373
1.655311	1.3741382863477574	0.1556110488144549
1.659319	1.3688474598172686	0.15651685813702412
1.663327	1.3635692760655216	0.15743229368836775
1.667335	1.3583038823912124	0.1583572531400974
1.671343	1.3530514245337588	0.1592916341209393
1.675351	1.3478120466763	0.16023533426906386
1.679359	1.3425858914487847	0.16118825128196085
1.683367	1.337373099931157	0.1621502829639097
1.687375	1.3321738116566195	0.16312132727109319
1.691383	1.3269881646149966	0.1641012823544102
1.695391	1.3218162952561852	0.1650900466000406
1.699399	1.316658338493687	0.16608751866782365
1.703407	1.311514427708239	0.16709359752750824
1.707415	1.3063846947515247	0.16810818249293427
1.711423	1.3012692699499764	0.16913117325421176
1.715431	1.2961682821086666	0.17016246990795597
1.719439	1.2910818585152777	0.1712019729856474
1.723447	1.2860101249441662	0.17224958348017594
1.727455	1.2809532056605122	0.17330520287063664
1.731463	1.2759112234245458	0.17436873314544046
1.735471	1.2708842994958662	0.1754400768238017
1.739479	1.2658725536378415	0.17651913697566923
1.743487	1.26087610412209	0.17760581724016042
1.747495	1.25589506773305	0.17870002184256145
1.751503	1.2509295597726193	0.17980165560995506
1.755511	1.2459796940648888	0.18091062398553476
1.759519	1.241045582960952	0.18202683304166428
1.763527	1.2361273373437867	0.1831501894917406
1.767535	1.2312250666332267	0.18428060070091667
1.771543	1.2263388787910066	0.18541797469573712
1.775551	1.2214688803258793	0.1865622201727426
1.779559	1.2166151762988178	0.18771324650609308
1.783567	1.211777870328287	0.1888709637542615
1.787575	1.2069570645955923	0.1900352826658457
1.791583	1.2021528598503042	0.19120611468454846
1.795591	1.1973653554157473	0.1923833719533669
1.799599	1.1925946491945705	0.19356696731804082
1.803607	1.187840837674388	0.19475681432979927
1.807615	1.18310401593348	0.19595282724744667
1.811623	1.178384277646575	0.1971549210388305
1.815631	1.1736817150906929	0.1983630113817255
1.819639	1.168996419151057	0.19957701466417205
1.823647	1.1643284793270765	0.20079684798430586
1.827655	1.1596779837383846	0.20202242914970933
1.831663	1.155045019130949	0.20325367667631833
1.835671	1.1504296708832458	0.2044905097869149
1.839679	1.1458320230124888	0.20573284840923586
1.843687	1.1412521581809256	0.2069806131737239
1.847695	1.136690157702193	0.20823372541094864
1.851703	1.132146101547729	0.20949210714872366
1.855711	1.1276200683532478	0.21075568110894233
1.859719	1.1231121354252636	0.21202437070415692
1.863727	1.118622378747677	0.21329810003392013
1.867735	1.1141508729884173	0.2145767938809143
1.871743	1.1096976915061292	0.21586037770688218
1.875752	1.1052629063569217	0.21714877764838278
1.87976	1.1008465883011642	0.21844192051238642
1.883768	1.0964488068103329	0.21973973377172779
1.887776	1.092069630073909	0.22104214556043
1.891784	1.0877091250063193	0.22234908466891865
1.895792	1.0833673572539297	0.22366048053913373
1.8998	1.0790443912020842	0.22497626325955794
1.903808	1.0747402899821825	0.22629636356017097
1.907816	1.0704551154788078	0.22762071280734045
1.911824	1.066188928336895	0.22894924299866226
1.915832	1.0619417879689383	0.2302818867577601
1.91984	1.0577137525622446	0.23161857732905006
1.923848	1.053504879086216	0.23295924857248573
1.927856	1.0493152232996794	0.23430383495828427
1.931864	1.0451448397582528	0.23565227156164759
1.935872	1.0409937818217374	0.2370044940574805
1.93988	1.036862101661556	0.23836043871511653
1.943888	1.0327498502682182	0.2397200423930538
1.947896	1.0286570774588186	0.24108324253370994
1.951904	1.0245838318845706	0.24244997715819688
1.955912	1.0205301610383601	0.24382018486112553
1.95992	1.0164961112623394	0.24519380480543912
1.963928	1.0124817277555445	0.24657077671728345
1.967936	1.008487054581534	0.2479510408809153
1.971944	1.0045121346760608	0.24933453813365217
1.975952	1.0005570098547674	0.25072120986086777
1.97996	0.9966217208208967	0.2521109979910341
1.983968	0.9927063071730359	0.25350384499081385
1.987976	0.9888108074128727	0.2548996938602039
1.991984	0.9849352589529765	0.25629848812773315
1.995992	0.981079698124599	0.25770017184571437
2.0	0.9772441601854862	0.25910468958555416
