0.0	0.0	0.0
0.01002	0.00031440964690466805	3.602623389981943e-05
0.02004	0.0005091831585647095	7.110102761502594e-05
0.03006	0.0006141140185797298	0.00010241873094866614
0.04008	0.0006671132442573336	0.0001255785859320715
0.0501	0.0007098386961646757	0.00013452063913201538
0.06012	0.0007782838059763904	0.00012223120516805146
0.07014	0.0008895524729263435	8.281704778860336e-05
0.08016	0.0010311728623914138	2.168130360213716e-05
0.09018	0.0011628866836211412	8.923529571075071e-05
0.1002	0.0012359383731176696	0.00020135330524826472
0.11022	0.0012216755061728545	0.00031496133946242935
0.12024	0.0011325904504875417	0.0004127745179931846
0.130261	0.0010248532140631934	0.00047999734589878235
0.140281	0.0009843429833709585	0.0005054792644387008
0.150301	0.0011050348489368925	0.00048211491954745566
0.160321	0.0014673417479103697	0.0004071487292347688
0.170341	0.002120625714157143	0.00028374047335231176
0.180361	0.0030724142319279537	0.00013493699044077656
0.190381	0.004286350759666515	0.00016225345829836793
0.200401	0.005689701343619651	0.0003779907083623483
0.210421	0.007188707670042863	0.0006177356318150773
0.220441	0.008687365939315886	0.0008507189082108072
0.230461	0.010104091721820495	0.0010582741966309087
0.240481	0.011381981301072853	0.0012254320716352089
0.250501	0.012491169069165265	0.0013406656075672428
0.260521	0.013424500910969727	0.0013959872769899965
0.270541	0.014189267749244594	0.00138691473739998
0.280561	0.014797938287153273	0.0013124666537783671
0.290581	0.015260207547136027	0.001175506826521452
0.300601	0.015577813717369184	0.0009841428033883577
0.310621	0.015742794544075196	0.0007567582032742892
0.320641	0.01573923060718506	0.0005422444095398504
0.330661	0.015548019146143286	0.00047593847695056685
0.340681	0.015153810203410854	0.0006648879454235917
0.350701	0.014552942165733043	0.0009883038721025515
0.360721	0.013761095090349895	0.0013497701517793058
0.370741	0.012819479709814941	0.001709491241084606
0.380762	0.01179868297840002	0.0020450695950182847
0.390782	0.010799719827475004	0.002340363833302833
0.400802	0.009952284300991519	0.002582802371389108
0.410822	0.009410551441974706	0.002762705303017138
0.420842	0.009347099427393297	0.0028731254201739167
0.430862	0.009945598547553086	0.0029098411747810558
0.440882	0.011392887632698358	0.00287143653238568
0.450902	0.01387098094123561	0.002759518769918341
0.460922	0.017549462358373187	0.002579224416920082
0.470942	0.02257865213876425	0.0023403480213618523
0.480962	0.029083877074720547	0.0020598536952248082
0.490982	0.03716112672332174	0.0017674024615820117
0.501002	0.046874320210369615	0.0015159875538164314
0.511022	0.05825432750314349	0.0013906024763489346
0.521042	0.07129978187096395	0.001473200760166255
0.531062	0.0859795928138369	0.0017626549381597537
0.541082	0.10223693596869593	0.002189051271770134
0.551102	0.11999437783849518	0.0026864963012928154
0.561122	0.1391597073348685	0.0032121691462931048
0.571142	0.15963200628111798	0.0037385694429273794
0.581162	0.18130750189865893	0.004246492602674198
0.591182	0.20408480156616332	0.004721479820478467
0.601202	0.2278692021732519	0.005152185174879453
0.611222	0.2525758775100251	0.005529617630518425
0.621242	0.2781318612217803	0.005846773066715761
0.631263	0.304476846359866	0.006098443724555056
0.641283	0.33156290627101026	0.0062811134080416045
0.651303	0.3593533010942201	0.00639290132054552
0.661323	0.3878205692845526	0.006433543428894233
0.671343	0.41694411715032714	0.00640441409534459
0.681363	0.44670751578324924	0.0063085998929316425
0.691383	0.4770956988155452	0.006151045746899463
0.701403	0.5080922305880335	0.005938802489500556
0.711423	0.5396767861472005	0.005681413756878978
0.721443	0.571822954635295	0.005391482319226926
0.731463	0.604496447862509	0.005085430376033988
0.741483	0.6376537672721987	0.004784362591266801
0.751503	0.6712413558303392	0.004514656192850088
0.761523	0.7051952370707109	0.00430735679676245
0.771543	0.7394411220021234	0.004194916611998698
0.781563	0.7738949462023461	0.004204433842627519
0.791583	0.8084637845319229	0.0043495892436796035
0.801603	0.8430470797873861	0.004626614870551982
0.811623	0.8775381144524258	0.005017428012954187
0.821643	0.9118256515090811	0.005496925716461839
0.831663	0.9457956708558488	0.006039371675379914
0.841683	0.9793331318618386	0.00662174583662561
0.851703	1.0123236994046967	0.007224691377792821
0.861723	1.044655379702166	0.007832297664198358
0.871743	1.076220022590607	0.008431531136028578
0.881764	1.1069146578625115	0.009011669745037539
0.891784	1.1366426441410948	0.009563847766931035
0.901804	1.1653146189432078	0.01008071799338207
0.911824	1.1928492476014232	0.010556208871987636
0.921844	1.2191737762760457	0.010985351205964028
0.931864	1.2442244002333296	0.011364153797454495
0.941884	1.267946462878311	0.011689513176982887
0.951904	1.2902945038010454	0.011959147355803416
0.961924	1.3112321754958927	0.012171547090018506
0.971944	1.3307320486682033	0.012325940662421908
0.981964	1.3487753253973693	0.012422269954300867
0.991984	1.3653514781261593	0.01246117683755296
1.002004	1.380457830722466	0.012443999846209
1.012024	1.394099095910771	0.01237278180480234
1.022044	1.4062868813610228	0.012250289663433651
1.032064	1.4170391747781328	0.012080048223041045
1.042084	1.4263798165455552	0.011866389662564156
1.052104	1.4343379668974325	0.011614520625981598
1.062124	1.4409475732531327	0.01133060774437541
1.072144	1.4462468422506478	0.011021880250574061
1.082164	1.450277720148533	0.010696743832016863
1.092184	1.453085384605366	0.010364891719217992
1.102204	1.4547177503591757	0.010037385735062299
1.112224	1.455224990981547	0.009726660907364954
1.122244	1.4546590786367106	0.009446384459391857
1.132265	1.453073343601364	0.009211082251222337
1.142285	1.450522055166947	0.009035451617178517
1.152305	1.44706002542795	0.008933334541693117
1.162325	1.442742237338433	0.008916443645533454
1.172345	1.437623498280966	0.008993086672549248
1.182365	1.4317581202289895	0.009167235390884897
1.192385	1.4251996273918908	0.009438233417372679
1.202405	1.4180004920120364	0.009801224024341812
1.212425	1.4102118987382968	0.010248122200255639
1.222445	1.401883537737155	0.010768808969082524
1.232465	1.3930634264276904	0.011352246841183663
1.242485	1.3837977594489148	0.011987340753938876
1.252505	1.3741307861952468	0.012663501719828898
1.262525	1.364104714996404	0.013370954554451477
1.272545	1.3537596427785021	0.014100861741024628
1.282565	1.3431335088296328	0.014845332384202947
1.292585	1.332262071110047	0.015597368632327925
1.302605	1.3211789033974215	0.0163507841493469
1.312625	1.3099154114431473	0.01710011511721969
1.322645	1.298500866236519	0.01784053465033331
1.332665	1.2869624524293293	0.018567775591404483
1.342685	1.2753253299618206	0.019278063305338836
1.352705	1.2636127069496605	0.01996805834507154
1.362725	1.2518459219374227	0.020634808065274637
1.372745	1.2400445336933659	0.02127570598137633
1.382766	1.2282264168093646	0.021888457658931784
1.392786	1.216407861474886	0.022471052028060462
1.402806	1.2046036759110876	0.02302173717175453
1.412826	1.1928272900770658	0.023538999795971932
1.422846	1.1810908593916258	0.024021547735441885
1.432866	1.1694053673478289	0.02446829497527852
1.442886	1.1577807260314366	0.024878348773794655
1.452906	1.1462258736860265	0.025250998557947494
1.462926	1.1347488685951865	0.02558570633228593
1.472946	1.1233569786744209	0.025882098397939278
1.482966	1.1120567662810117	0.02613995822272345
1.492986	1.1008541678583337	0.026359220339150738
1.503006	1.0897545681314686	0.02653996517593352
1.513026	1.078762868663014	0.026682414751998614
1.523046	1.0678835506617204	0.026786929181333498
1.533066	1.0571207320119247	0.026854003953086156
1.543086	1.0464782185589292	0.026884267964929688
1.553106	1.0359595497447114	0.02687848229927006
1.563126	1.0255680387399493	0.02683753974167239
1.573146	1.0153068072627458	0.02676246504898452
1.583166	1.0051788153119527	0.026654415980937016
1.593186	0.9951868860741525	0.02651468511310699
1.603206	0.9853337262884996	0.02634470245047594
1.613226	0.9756219423732625	0.02614603885845251
1.623246	0.9660540526324085	0.02592041032089663
1.633267	0.9566324958703966	0.025669683020652794
1.643287	0.9473596367488829	0.025395879215131683
1.653307	0.9382377682206581	0.025101183844747774
1.663327	0.9292691113742735	0.024787951762051803
1.673347	0.9204558130177485	0.024458715400108015
1.683367	0.9117999413219141	0.024116192605498743
1.693387	0.9033034798336123	0.023763294239599504
1.703407	0.8949683201565041	0.02340313099731834
1.713427	0.8867962535829161	0.023039018702884603
1.723447	0.8787889619443083	0.022674481118516852
1.733467	0.8709480079308263	0.022313249050957752
1.743487	0.8632748251123156	0.02195925427929026
1.753507	0.8557707078743622	0.0216166165846937
1.763527	0.8484368014636257	0.02128962198511627
1.773547	0.8412740923172193	0.020982690230052024
1.783567	0.8342833988313143	0.020700329773953776
1.793587	0.8274653627047865	0.020447078909715928
1.803607	0.8208204409746815	0.020227432582970335
1.813627	0.8143488988417932	0.02004575565964049
1.823647	0.8080508033668096	0.019906185042487878
1.833667	0.8019260181004588	0.019812524877365133
1.843687	0.7959741986949683	0.019768140885425518
1.853707	0.790194789529021	0.019775861237749708
1.863727	0.7845870213643505	0.019837891967660105
1.873747	0.7791499100391792	0.01995575440012632
1.883768	0.773882256191935	0.020130250382639218
1.893788	0.7687826459980895	0.02036145842119638
1.903808	0.7638494528935492	0.0206487606104788
1.913828	0.7590808402497745	0.020990897095208353
1.923848	0.7544747649587246	0.0213860422812539
1.933868	0.7500289818797137	0.02183189551890528
1.943888	0.7457410490953593	0.022325778627572988
1.953908	0.7416083339198828	0.022864733284149296
1.963928	0.7376280196000589	0.023445612647317635
1.973948	0.7337971126470395	0.024065163270299793
1.983968	0.7301124507360133	0.024720095038481767
1.993988	0.7265707111101435	0.025407138327215764
2.004008	0.7231684194253721	0.02612308869107526
2.014028	0.7199019589734377	0.02686484014481326
2.024048	0.7167675802216995	0.027629408516639555
2.034068	0.7137614106101101	0.02841394651579237
2.044088	0.7108794645477506	0.029215752135427556
2.054108	0.7081176535537939	0.03003227187765815
2.064128	0.7054717964904142	0.030861100094756014
2.074148	0.7029376298380583	0.03169997552802657
2.084168	0.7005108179665058	0.032546775918730196
2.094188	0.6981869633582822	0.03339951137786345
2.104208	0.6959616167441529	0.03425631704012142
2.114228	0.6938302871136355	0.03511544539342459
2.124248	0.6917884515666396	0.03597525856755065
2.134269	0.6898315649754755	0.03683422078068429
2.144289	0.6879550694295345	0.0376908910775666
2.154309	0.6861544034379105	0.0385439164438511
2.164329	0.6844250108680844	0.039392025345032736
2.174349	0.6827623496015325	0.04023402171211832
2.184369	0.6811618998897098	0.04106877937772123
2.194389	0.6796191723963183	0.04189523695362099
2.204409	0.678129715914085	0.04271239313252155
2.214429	0.6766891247464196	0.04351930239162838
2.224449	0.6752930457463502	0.044315071072839274
2.234469	0.6739371850069832	0.04509885381314583
2.244489	0.6726173141994606	0.04586985029875678
2.254509	0.6713292765559565	0.046627302317125904
2.264529	0.6700689924967017	0.04737049108220266
2.274549	0.6688324649013284	0.04809873480965135
2.284569	0.6676157840260214	0.048811386520353134
2.294589	0.6664151320690272	0.04950783205211679
2.304609	0.6652267873880362	0.05018748826113208
2.314629	0.6640471283738097	0.0508498013962376
2.324649	0.6628726369851946	0.05149424563054094
2.334669	0.6616999019513393	0.05212032173628827
2.344689	0.6605256216475252	0.05272755589014858
2.354709	0.659346606651555	0.053315498597231455
2.364729	0.6581597819880919	0.053883723723218584
2.374749	0.6569621890687418	0.054431827624954035
2.38477	0.655750987336019	0.05495942837071042
2.39479	0.6545234556196164	0.05546616504214747
2.40481	0.6532769932136637	0.055951697110699763
2.41483	0.6520091206838549	0.05641570388178253
2.42485	0.6507174804135027	0.05685788400080668
2.43487	0.6493998368977217	0.05727795501553282
2.44489	0.6480540767950463	0.05767565298979495
2.45491	0.6466782087458842	0.05805073216407851
2.46493	0.6452703629672627	0.05840296465886232
2.47495	0.6438287906333706	0.058732140217018725
2.48497	0.642351863051421	0.05903806598193463
2.49499	0.6408380706423658	0.05932056630835181
2.50501	0.6392860217359823	0.0595794826032484
2.51503	0.6376944411898302	0.059814673194384584
2.52505	0.636062168841532	0.06002601322442611
2.53507	0.6343881578037899	0.06021339456883715
2.54509	0.6326714726114748	0.06037672577600356
2.55511	0.6309112872300585	0.06051593202830812
2.56513	0.629106882934567	0.060630955123137514
2.57515	0.6272576460681378	0.0607217534730546
2.58517	0.6253630656891526	0.060788302124620296
2.59519	0.6234227311158002	0.06083059279560336
2.60521	0.6214363293767923	0.06084863393057341
2.61523	0.619403642576816	0.06084245077512484
2.625251	0.6173245451851567	0.060812085469252083
2.635271	0.6151990012557627	0.06075759716066258
2.645291	0.61302706158686	0.0606790621390973
2.655311	0.6108088608280365	0.06057657399302404
2.665331	0.6085446145425348	0.06045024379037096
2.675351	0.6062346162322928	0.06030020028529707
2.685371	0.6038792343330658	0.0601265901533318
2.695391	0.6014789091867497	0.05992957825758595
2.705411	0.5990341499978015	0.059709347949117815
2.715431	0.5965455317804319	0.059466101404961495
2.725451	0.5940136923029974	0.0592000600077631
2.735471	0.5914393290357892	0.058911464771462335
2.745491	0.5888231961081625	0.05860057681796873
2.755511	0.5861661012806952	0.058267677910357266
2.765531	0.5834689029378191	0.0579130710487103
2.775551	0.5807325071060924	0.05753708113540675
2.785571	0.5779578645030289	0.05714005571737723
2.795591	0.5751459676211339	0.056722365813629695
2.805611	0.5722978478515193	0.056284406837201435
2.815631	0.5694145726512163	0.05582659962161087
2.825651	0.5664972427580304	0.05534939156287849
2.835671	0.5635469894565097	0.05485325788924968
2.845691	0.5605649718983458	0.05433870307189423
2.855711	0.5575523744802494	0.053806262391062655
2.865731	0.5545104042820901	0.053256503673453304
2.875752	0.5514402885678289	0.052690029217855566
2.885772	0.548343272351521	0.05210747792747789
2.895792	0.5452206160304134	0.051509527668704695
2.905812	0.5420735930869253	0.050896897877306176
2.915832	0.5389034878610532	0.05027035243428872
2.925852	0.5357115933945173	0.04963070283453559
2.935872	0.532499209347742	0.04897881167202592
2.945892	0.5292676399905372	0.04831559646558627
2.955912	0.52601819226715	0.0476420338486137
2.965932	0.5227521739361412	0.04695916414476064
2.975952	0.5194708917853585	0.0462680963488462
2.985972	0.5161756499220845	0.04557001352784041
2.995992	0.5128677481382635	0.04486617865012817
3.006012	0.5095484803505462	0.04415794084174959
3.016032	0.5062191331147278	0.0434467420551536
3.026052	0.5028809842140045	0.0427341241182514
3.036072	0.4995353013203392	0.04202173610814995
3.046092	0.49618334072808207	0.0413113419636709
3.056112	0.49282634615888526	0.04060482821231786
3.066132	0.48946554763682154	0.03990421163946935
3.076152	0.48610216043251947	0.039211646669085345
3.086172	0.4827373840750324	0.03852943215535668
3.096192	0.479372401430061	0.037860017203429394
3.106212	0.4760083778430832	0.03720600554567496
3.116232	0.47264646034585966	0.036570157900787104
3.126253	0.4692877769247327	0.03595539164150006
3.136273	0.4659334358490692	0.03536477700140234
3.146293	0.4625845250581578	0.03480152897445617
3.156313	0.45924211160482464	0.034268994019006
3.166333	0.4559072411540022	0.03377063069189765
3.176353	0.452580937534455	0.03330998343133883
3.186373	0.4492642023418413	0.03289064890306126
3.196393	0.44595801459128814	0.03251623464287879
3.206413	0.4426633304176282	0.03219031017951915
3.216433	0.4393810828214575	0.03191635139719522
3.226453	0.4361121814591741	0.031697679566653626
3.236473	0.4328575124751477	0.03153739717760869
3.246493	0.42961793837420387	0.031438323359386934
3.256513	0.4263942979325984	0.03140293217751832
3.266533	0.42318740614569494	0.031433297338288015
3.276553	0.4199980542105635	0.03153104673888272
3.286573	0.41682700954175766	0.03169732983032315
3.296593	0.41367501581854227	0.03193279993749389
3.306613	0.41054279306189023	0.032237612593143165
3.316633	0.40743103773958145	0.03261143972979891
3.326653	0.40434042289779026	0.033053498398244105
3.336673	0.4012715983175695	0.03356259169690272
3.346693	0.3982251906946916	0.034137158916275986
3.356713	0.3952018038413381	0.03477533158033315
3.366733	0.392202018908173	0.03547499209418844
3.376754	0.38922639462538317	0.036233832025275255
3.386774	0.3862754675613033	0.03704940756369641
3.396794	0.38334975239729524	0.037919190328102134
3.406814	0.3804497422175901	0.038840612317781374
3.416834	0.3775759088128555	0.03981110439230002
3.426854	0.3747287029962815	0.04082812814492398
3.436874	0.3719085549310377	0.041889201406753736
3.446894	0.36911587446798877	0.0429919178750046
3.456914	0.36635105149260994	0.044133961513472486
3.466934	0.36361445628007927	0.045313116444605936
3.476954	0.36090643985757187	0.04652727306129221
3.486974	0.35822733437282944	0.047774431051764786
3.496994	0.35557745346810876	0.04905269996939743
3.507014	0.35295709265866965	0.050360297903468194
3.517034	0.35036652971499244	0.051695548726712386
3.527054	0.3478060250479651	0.05305687831704305
3.537074	0.34527582209631136	0.05444281007817777
3.547094	0.34277614771557424	0.05585196001919229
3.557114	0.34030721256801066	0.05728303159705629
3.567134	0.33786921151278015	0.05873481047896247
3.577154	0.3354623239958566	0.06020615934216657
3.587174	0.3330867144391188	0.061696012797284226
3.597194	0.33074253262811576	0.06320337249557391
3.607214	0.32842991409802796	0.064727302460719
3.617234	0.3261489805173843	0.06626692467009646
3.627255	0.3238998400691223	0.06782141489867022
3.637275	0.3216825878286025	0.06938999882977033
3.647295	0.31949730613822835	0.07097194843050694
3.657315	0.31734406497833767	0.07256657858491908
3.667335	0.31522292233406674	0.07417324397476098
3.677355	0.3131339245579066	0.07579133619574825
3.687375	0.31107710672769784	0.077420281095849
3.697395	0.30905249299983434	0.07905953632160771
3.707415	0.30706009695746633	0.0807085890583503
3.717435	0.3050999219535118	0.08236695395032359
3.727455	0.30317196144831055	0.08403417118725465
3.737475	0.3012761993417693	0.08570980474440673
3.747495	0.29941261029986393	0.08739344076390095
3.757515	0.2975811600753877	0.08908468606581706
3.767535	0.2957818058228434	0.09078316677835367
3.777555	0.29401449640739546	0.09248852707709783
3.787575	0.29227917270781445	0.09420042802420257
3.797595	0.29057576791335543	0.09591854649899448
3.807615	0.28890420781452797	0.09764257421221896
3.817635	0.2872644110877286	0.09937221679677764
3.827655	0.2856562895737124	0.10110719296841814
3.837675	0.28407974854989504	0.10284723375039687
3.847695	0.2825346869964882	0.10459208175665598
3.857715	0.28102099785647616	0.10634149052853392
3.867735	0.2795385682894521	0.10809522392046968
3.877756	0.2780872799193384	0.10985305553056314
3.887776	0.27666700907603153	0.11161476817222142
3.897796	0.27527762703100367	0.11338015338345915
3.907816	0.2739190002269133	0.11514901097072529
3.917836	0.27259099050127844	0.11692114858440864
3.927856	0.2712934553042658	0.11869638132342746
3.937876	0.2700262479106636	0.12047453136653978
3.947896	0.26878921762610625	0.12225542762822005
3.957916	0.2675822099876171	0.12403890543713832
3.967936	0.26640506695855365	0.12582480623544962
3.977956	0.26525762711802325	0.12761297729726076
3.987976	0.26413972584486123	0.12940327146478225
3.997996	0.26305119549625	0.13119554690080054
4.008016	0.261991865581066	0.13298966685622896
4.018036	0.260961562928049	0.13478549945159646
4.028056	0.2599601118488733	0.13658291747143253
4.038076	0.2589873342962242	0.13838179817059673
4.048096	0.25804305001696787	0.14018202309167702
4.058116	0.25712707670050816	0.1419834778926585
4.068136	0.25623923012242555	0.14378605218412666
4.078156	0.25537932428349597	0.14558963937533373
4.088176	0.2545471715441844	0.1473941365285047
4.098196	0.2537425827547085	0.14919944422082015
4.108216	0.2529653673807699	0.15100546641354773
4.118236	0.25221533362504667	0.15281211032784367
4.128257	0.25149228854454797	0.15461928632677988
4.138277	0.25079603816391993	0.15642690780318771
4.148297	0.2501263875848041	0.15823489107294175
4.158317	0.24948314109133665	0.16004315527333696
4.168337	0.24886610225188754	0.16185162226623317
4.178357	0.24827507401712945	0.1636602165456765
4.188377	0.24770985881452684	0.16546886514971676
4.198397	0.24717025863934144	0.16727749757616994
4.208417	0.246656075142239	0.16908604570208813
4.218437	0.24616710971358655	0.17089444370671922
4.228457	0.24570316356453312	0.1727026279977529
4.238477	0.24526403780495046	0.17451053714066458
4.248497	0.24484953351832972	0.17631811179098192
4.258517	0.24445945183371048	0.1781252946293121
4.268537	0.24409359399472533	0.17993203029897675
4.278557	0.2437517614258455	0.18173826534611384
4.288577	0.24343375579590049	0.18354394816211547
4.298597	0.2431393790789572	0.18534902892827812
4.308617	0.242868433612628	0.18715345956254975
4.318637	0.24262072215388758	0.18895719366826885
4.328657	0.24239604793247255	0.19076018648479287
4.338677	0.24219421470193198	0.19256239483992327
4.348697	0.24201502678840492	0.19436377710403985
4.358717	0.2418582891371905	0.19616429314586004
4.368737	0.24172380735717863	0.1979639042897484
4.378758	0.2416113877632087	0.19976257327450248
4.388778	0.24152083741642402	0.20156026421354525
4.398798	0.241451964162677	0.20335694255646383
4.408818	0.24140457666905452	0.2051525750518308
4.418838	0.24137848445858434	0.20694712971125304
4.428858	0.2413734979431714	0.20874057577459373
4.438878	0.24138942845483777	0.21053288367631792
4.448898	0.24142608827530387	0.21232402501291342
4.458918	0.2414832906639843	0.21411397251134123
4.468938	0.2415608498844345	0.2159026999984753
4.478958	0.24165858122931372	0.21769018237148893
4.488978	0.24177630104390527	0.2194763955691511
4.498998	0.24191382674825018	0.22126131654399667
4.509018	0.242070976857938	0.223044923235335
4.519038	0.2422475710036026	0.22482719454306682
4.529058	0.24244342994916862	0.22660811030227568
4.539078	0.24265837560889375	0.22838765125856741
4.549098	0.24289223106324676	0.23016579904412832
4.559118	0.2431448205736654	0.2319425361544758
4.569138	0.2434159695962376	0.23371784592587683
4.579158	0.2437055047943348	0.23549171251340956
4.589178	0.24401325405025137	0.23726412086964543
4.599198	0.24433904647587262	0.23903505672393124
4.609218	0.24468271242241635	0.24080450656224778
4.619238	0.24504408348927928	0.24257245760762744
4.629259	0.2454229925320253	0.24433889780111134
4.639279	0.24581927366954334	0.24610381578322746
4.649299	0.2462327622904151	0.2478672008759718
4.659319	0.24666329505851203	0.24962904306527794
4.669339	0.24711070991786435	0.2513893329839579
4.679359	0.24757484609682257	0.253148061895097
4.689379	0.24805554411154135	0.25490522167589336
4.699399	0.24855264576881644	0.2566608048019228
4.709419	0.2490659941682979	0.25841480433181857
4.719439	0.2495954337041046	0.2601672138923518
4.729459	0.2501408100658699	0.26191802766390165
4.739479	0.2507019702392355	0.263667240366302
4.749499	0.25127876250582326	0.2654148472450529
4.759519	0.2518710364427036	0.2671608440578873
4.769539	0.25247864292138233	0.26890522706168185
4.779559	0.25310143410633046	0.2706479929997008
4.789579	0.2537392634530722	0.27238913908916423
4.799599	0.25439198570585575	0.27412866300913
4.809619	0.2550594568949231	0.2758665628886825
4.819639	0.2557415343333987	0.2776028372954163
4.829659	0.25643807661381046	0.27933748522420865
4.839679	0.25714894360427054	0.2810705060862719
4.849699	0.2578739964443194	0.2828018996984778
4.859719	0.25861309754046025	0.2845316662729458
4.869739	0.25936611056139136	0.28625980640688914
4.87976	0.26013290043295745	0.2879863210727096
4.88978	0.26091333333283095	0.28971121160833696
4.8998	0.26170727668493565	0.29143447970780284
4.90982	0.2625145991536323	0.29315612741204566
4.91984	0.26333517063767137	0.2948761570999394
4.92986	0.26416886226393277	0.29659457147953927
4.93988	0.265015546380958	0.29831137357953935
4.9499	0.26587509655229163	0.3000265667409372
4.95992	0.26674738754964067	0.3017401546088985
4.96994	0.2676322953458617	0.3034521411248168
4.97996	0.2685296971077896	0.30516253051856396
4.98998	0.2694394711889138	0.3068713273009267
5.0	0.2703614971219154	0.30857853625622184
