0.0	0.0	0.0
0.01002	0.0010600453471190658	0.0004489838393704321
0.02004	0.002006667014264279	0.0008977955621173178
0.03006	0.0028434667661905695	0.0013426776646484958
0.04008	0.003575255180784326	0.0017787809239934195
0.0501	0.004208088684062477	0.0021999898819564444
0.06012	0.004749247844452885	0.002598755830845677
0.07014	0.005207134751767795	0.002965955708612656
0.08016	0.005591065860592947	0.00329080234801592
0.09018	0.005910938269288559	0.003560838915807932
0.1002	0.006176753810430957	0.003762056915512219
0.11022	0.006397998398167408	0.0038791810234376422
0.12024	0.0065828951869071495	0.0038961632297547268
0.130261	0.006737579278357211	0.003796922111992464
0.140281	0.006865276615799723	0.003566353884079746
0.150301	0.006965604705931808	0.003191650422083284
0.160321	0.007034138923326838	0.0026640820718793973
0.170341	0.007062394379498735	0.00198221654443843
0.180361	0.007038349805000531	0.001164867040520379
0.190381	0.0069475822649536	0.00046040235733122223
0.200401	0.006774995024863443	0.0011852330227555392
0.210421	0.006507021535955305	0.0024115141608220363
0.220441	0.006134099889517697	0.003763949038824233
0.230461	0.005653157810337683	0.005186987284442172
0.240481	0.0050698431533406285	0.006640458564280805
0.250501	0.0044002790970853614	0.00808551865223274
0.260521	0.0036722023925157155	0.009483873746321068
0.270541	0.0029254341739693218	0.010798562834239498
0.280561	0.0022117132039261526	0.011994844538321786
0.290581	0.001593975698008366	0.013040884272552178
0.300601	0.0011451893066808086	0.013908191424238799
0.310621	0.000946845921362463	0.014571843074210902
0.320641	0.0010871985937604997	0.015010563720128548
0.330661	0.0016593029721615625	0.015206737510347342
0.340681	0.002758902239964776	0.01514642330776395
0.350701	0.004482182141507934	0.014819433066186844
0.360721	0.006923421345604514	0.014219530621553015
0.370741	0.010172571334439882	0.01334482685595919
0.380762	0.014312816469535564	0.012198524704549301
0.390782	0.01941818500699661	0.010790411897783654
0.400802	0.025551301294664364	0.00914029459570845
0.410822	0.032761383985226135	0.00728754283285554
0.420842	0.041082601263494556	0.005324661874401593
0.430862	0.050532889316782105	0.0035500981226260367
0.440882	0.06111332354614495	0.0030170130938384303
0.450902	0.07280810399834023	0.004561715459424021
0.460922	0.08558517957625028	0.007085983385605115
0.470942	0.09939749357255877	0.009957329814883602
0.480962	0.1141847906660961	0.01298729772894791
0.490982	0.1298758875767165	0.016091303051535537
0.501002	0.14639128033002255	0.019212882837892676
0.511022	0.16364594350246295	0.022305626313322526
0.521042	0.18155217218923217	0.025327974808460735
0.531062	0.200022325295604	0.02824160961090754
0.541082	0.21897134711081184	0.03101100604194717
0.551102	0.2383189699474689	0.03360338678007884
0.561122	0.25799153041753153	0.03598879562877449
0.571142	0.2779233622656124	0.038140182843288205
0.581162	0.2980577567344969	0.040033460960932424
0.591182	0.3183475051532903	0.04164752020242618
0.601202	0.33875505667419326	0.042964206752296424
0.611222	0.3592523365318745	0.04396827392716964
0.621242	0.3798202772167751	0.04464731904149253
0.631263	0.4004481173459555	0.04499171954639838
0.641283	0.4211325218209002	0.04499458191356358
0.651303	0.4418765731696989	0.04465171667483418
0.661323	0.46268867878576264	0.04396165393034884
0.671343	0.4835814329343141	0.04292571669010746
0.681363	0.5045704665346625	0.04154817648076047
0.691383	0.5256733122673218	0.039836530061201546
0.701403	0.5469083077409436	0.03780196429546009
0.711423	0.5682935553731613	0.035460131440384436
0.721443	0.5898459542663849	0.032832467698988475
0.731463	0.6115803165934256	0.029948517545260744
0.741483	0.633508578705797	0.026850223327887557
0.751503	0.6556391151838085	0.023600255394069743
0.761523	0.6779761622150092	0.02029898590482985
0.771543	0.7005193548939719	0.017119920983632537
0.781563	0.7232633811946432	0.014378723135291215
0.791583	0.7461977534293254	0.012617433167629036
0.801603	0.7693066959690033	0.012489482957332262
0.811623	0.7925691458880971	0.01420699948799735
0.821643	0.8159588610728207	0.017335519548143757
0.831663	0.8394446282773294	0.021323796539000617
0.841683	0.862990561717576	0.025804405605525087
0.851703	0.88655648115161	0.030564934378935912
0.861723	0.9100983570894837	0.03547734249787367
0.871743	0.9335688098709538	0.04045642017426616
0.881764	0.9569176488857825	0.04543938938095621
0.891784	0.9800924382036221	0.050375999418282656
0.901804	1.0030390753146086	0.055223571752700755
0.911824	1.0257023705185453	0.05994443134472278
0.921844	1.0480266156793618	0.06450453514701213
0.931864	1.0699561325060398	0.06887272514382047
0.941884	1.0914357921459528	0.07302031777115241
0.951904	1.1124114995936834	0.07692087841045696
0.961924	1.1328306381433855	0.08055009853155123
0.971944	1.1526424707700935	0.08388572929379909
0.981964	1.1717984968517332	0.08690754527361842
0.991984	1.1902527639905625	0.08959732328181205
1.002004	1.2079621358276773	0.09193882786836573
1.012024	1.224886517649654	0.09391779911370429
1.022044	1.2409890422592562	0.09552194077156162
1.032064	1.2562362190311016	0.09674090837986359
1.042084	1.2705980493167606	0.09756629796156226
1.052104	1.2840481114274447	0.09799163663252951
1.062124	1.2965636183360156	0.09801237698381185
1.072144	1.3081254510358116	0.09762589764422651
1.082164	1.3187181702038986	0.09683151308417538
1.092184	1.3283300084717728	0.09563049663832764
1.102204	1.3369528452355717	0.09402612209481342
1.112224	1.344582165565253	0.09202373129856022
1.122244	1.351217004418965	0.08963083847274174
1.132265	1.356859877051462	0.08685728705880368
1.142285	1.361516696236587	0.08371548294246849
1.152305	1.3651966767118087	0.08022074088401324
1.162325	1.3679122271022361	0.07639180211441167
1.172345	1.3696788294938163	0.07225161621992342
1.182365	1.370514906798564	0.06782854001848343
1.192385	1.370441678084625	0.0631582088195232
1.202405	1.3694830021242226	0.05828651445646252
1.212425	1.3676652095351665	0.05327443580662289
1.222445	1.3650169240475032	0.04820599070370414
1.232465	1.3615688736061926	0.0432013558520632
1.242485	1.3573536922133782	0.038437890915449205
1.252505	1.3524057136097833	0.0341802882720719
1.262525	1.346760758084626	0.03080979425141159
1.272545	1.3404559138783607	0.02880799082349604
1.282565	1.3335293147949692	0.028615696099889447
1.292585	1.3260199157639858	0.030391041676854552
1.302605	1.3179672681820453	0.03391862784118897
1.312625	1.3094112969160627	0.038787238528970924
1.322645	1.3003920808632798	0.04460059405436774
1.332665	1.2909496389370954	0.05105909527593663
1.342685	1.2811237232828083	0.05795466472985767
1.352705	1.2709536214266361	0.06514403759855865
1.362725	1.2604779689280767	0.07252585719386374
1.372745	1.249734573944309	0.08002534713285639
1.382766	1.23876025493094	0.08758478212477443
1.392786	1.2275906925016034	0.09515765790979988
1.402806	1.2162602962553515	0.10270510016962905
1.412826	1.2048020871612803	0.11019361718102592
1.422846	1.1932475958698383	0.1175936663774056
1.432866	1.1816267771049032	0.12487872194863621
1.442886	1.169967940084619	0.13202465659036336
1.452906	1.1582976947260202	0.13900932382735792
1.462926	1.1466409132119486	0.145812270554657
1.472946	1.13502070634116	0.1524145353721752
1.482966	1.1234584139455743	0.15879850415332414
1.492986	1.1119736085433534	0.16494780418768662
1.503006	1.1005841113033565	0.1708472245348135
1.513026	1.0893060193251392	0.1764826543051976
1.523046	1.0781537431884203	0.18184103327138834
1.533066	1.067140053695528	0.1869103110090846
1.543086	1.0562761367182876	0.19167941198551486
1.553106	1.0455716550653218	0.19613820484633418
1.563126	1.035034816304801	0.2002774747281718
1.573146	1.0246724455093459	0.20408889782376796
1.583166	1.0144900619318802	0.20756501770474883
1.593186	1.004491958671829	0.21069922310015055
1.603206	0.9946812844481591	0.21348572696204166
1.613226	0.9850601266575988	0.21591954674057814
1.623246	0.9756295949613012	0.21799648585206985
1.633267	0.966389904709747	0.21971311636421673
1.643287	0.9573404595825783	0.22106676294928385
1.653307	0.9484799328861696	0.22205548817376825
1.663327	0.9398063470162434	0.22267807920604551
1.673347	0.9313171506549311	0.22293403603487566
1.683367	0.9230092933308786	0.22282356130431907
1.693387	0.9148792970268355	0.22234755188714783
1.703407	0.9069233245714412	0.22150759234184406
1.713427	0.8991372446004169	0.2203059504304697
1.723447	0.8915166929171089	0.21874557491914842
1.733467	0.8840571301232852	0.21683009594343422
1.743487	0.8767538954284018	0.2145638283019772
1.753507	0.8696022565793669	0.211951778149742
1.763527	0.8625974558833346	0.20899965370437243
1.773547	0.8557347523234702	0.20571388076661284
1.783567	0.8490094597921747	0.20210162410218227
1.793587	0.84241698148818	0.19817081605736203
1.803607	0.835952840543438	0.19393019421029528
1.813627	0.8296127069630778	0.18938935043119628
1.823647	0.8233924209770703	0.1845587944882186
1.833667	0.8172880129158309	0.17945003636299012
1.843687	0.8112957197339757	0.17407569283096047
1.853707	0.8054119983169473	0.1684496257583421
1.863727	0.7996335357144165	0.1625871221695419
1.873747	0.7939572564522979	0.15650512972910688
1.883768	0.788380327082024	0.15022256625666294
1.893788	0.7829001581314411	0.14376072880046734
1.903808	0.7775144036263905	0.1371438373726431
1.913828	0.7722209583557441	0.13039976163472378
1.923848	0.7670179530554346	0.12356099667007212
1.933868	0.7619037476888249	0.11666597730982378
1.943888	0.7568769230016804	0.10976084885370431
1.953908	0.7519362705299922	0.10290184115406976
1.963928	0.7470807812379979	0.09615840872521918
1.973948	0.742309632961967	0.08961726486751827
1.983968	0.7376221768326608	0.08338726906734197
1.993988	0.7330179228458856	0.07760465976946855
2.004008	0.72849652474623	0.07243710353921265
2.014028	0.7240577643839917	0.06808325615319213
2.024048	0.7197015356994355	0.06476244841781083
2.034068	0.7154278284820018	0.06268894896968562
2.044088	0.711236712044885	0.06203111611098719
2.054108	0.7071283189476644	0.06286863921861978
2.064128	0.7031028288913839	0.06517070204213488
2.074148	0.699160452901793	0.06880902832551127
2.084168	0.6953014179073999	0.0735966754613019
2.094188	0.6915259518096654	0.079330112774343
2.104208	0.68783426913314	0.08581855024224645
2.114228	0.6842265573337344	0.09289767745348537
2.124248	0.6807029638336587	0.10043242760465888
2.134269	0.6772635838419854	0.10831423516218024
2.144289	0.6739084490103349	0.11645644713897826
2.154309	0.6706375169639481	0.12478971601548476
2.164329	0.6674506617394452	0.1332580661945172
2.174349	0.6643476651519508	0.1418157726587
2.184369	0.661328209106046	0.15042497171200453
2.194389	0.6583918688572193	0.15905386310684178
2.204409	0.6555381072232153	0.16767536601635583
2.214429	0.6527662697378777	0.1762661146610157
2.224449	0.6500755807338805	0.18480570523697062
2.234469	0.6474651403350523	0.19327612808536346
2.244489	0.6449339223339122	0.20166133651877316
2.254509	0.642480772925499	0.2099469168182356
2.264529	0.6401044102646334	0.21811983351246078
2.274549	0.6378034248103486	0.22616823101232653
2.284569	0.6355762804183792	0.23408127770521622
2.294589	0.6334213161402772	0.2418490422526492
2.304609	0.6313367486858941	0.2494623944747893
2.314629	0.6293206755046219	0.25691292513002223
2.324649	0.6273710784398809	0.26419288030881877
2.334669	0.625485827910844	0.2712951072020516
2.344689	0.6236626875752623	0.278213008776872
2.354709	0.621899319427494	0.2849405054709114
2.364729	0.6201932892863496	0.29147200245012556
2.374749	0.6185420726281805	0.2978023613045025
2.38477	0.6169430607216758	0.30392687530629237
2.39479	0.6153935670220663	0.3098412475472325
2.40481	0.6138908337838632	0.3155415714188509
2.41483	0.6124320388528115	0.32102431301414547
2.42485	0.6110143025994031	0.3262862951176744
2.43487	0.6096346949580729	0.3313246825202825
2.44489	0.6082902425380015	0.3361369684488789
2.45491	0.6069779357733317	0.34072096194419016
2.46493	0.6056947360824756	0.34507477605288966
2.47495	0.6044375830080876	0.3491968167268809
2.48497	0.6032034013111509	0.35308577234336036
2.49499	0.6019891079944759	0.35674060377575667
2.50501	0.6007916192327217	0.3601605349586854
2.51503	0.599607857187825	0.3633450439003742
2.52505	0.5984347566904246	0.3662938541041997
2.53507	0.5972692717695367	0.3690069263674442
2.54509	0.5961083820143099	0.371484450930547
2.55511	0.5949490987532239	0.3737268399541926
2.56513	0.5937884710375373	0.37573472030486466
2.57515	0.5926235914171798	0.3775089266321102
2.58517	0.5914516014985864	0.3790504947228947
2.59519	0.5902696972752222	0.38036065512017675
2.60521	0.5890751342227079	0.3814408269943205
2.61523	0.5878652321515799	0.3822926122572115
2.625251	0.5866373798117498	0.38291778991009867
2.635271	0.5853890392437144	0.38331831061721794
2.645291	0.5841177498725098	0.38349629149823705
2.655311	0.5828211323412523	0.3834540111335734
2.665331	0.5814968920819535	0.3831939047776173
2.675351	0.5801428226220594	0.38271855977593866
2.685371	0.5787568086259048	0.38203071118366216
2.695391	0.5773368286709574	0.3811332375833793
2.705411	0.5758809577593835	0.3800291571022332
2.715431	0.5743873695660904	0.37872162362920636
2.725451	0.5728543384249762	0.3772139232351478
2.735471	0.5712802410556871	0.3755094707997208
2.745491	0.5696635580337016	0.37361180685125395
2.755511	0.5680028750070669	0.37152459462745935
2.765531	0.5662968836635967	0.3692516173671063
2.775551	0.5645443824527866	0.36679677584512643
2.785571	0.5627442770671444	0.36416408616620527
2.795591	0.5608955806880446	0.36135767783473066
2.805611	0.5589974140016053	0.3583817921221184
2.815631	0.5570490049904635	0.3552407807559268
2.825651	0.5550496885076794	0.35193910495895775
2.835671	0.5529989056393272	0.34848133487069427
2.845691	0.550896202862651	0.3448721493880098
2.855711	0.5487412310069609	0.3411163364671425
2.865731	0.5465337440247088	0.33721879393454685
2.875752	0.544273597580448	0.33318453086042127
2.885772	0.5419607474656131	0.32901866955557274
2.895792	0.5395952478472583	0.32472644825989433
2.905812	0.5371772493591002	0.32031322459912337
2.915832	0.5347069970433576	0.31578447989584313
2.925852	0.5321848281520446	0.31114582443092864
2.935872	0.529611169816486	0.30640300376289414
2.945892	0.5269865365939176	0.3015619062249257
2.955912	0.5243115279001201	0.2966285717327586
2.965932	0.5215868253370729	0.29160920205105
2.975952	0.5188131899246476	0.28651017268130224
2.985972	0.5159914592453569	0.2813380465506163
2.995992	0.5131225445111538	0.27609958969727866
3.006012	0.5102074275612273	0.27080178916582515
3.016032	0.5072471577996717	0.26545187334016895
3.026052	0.5042428490818052	0.2600573349573436
3.036072	0.5011956765578056	0.25462595705493124
3.046092	0.4981068734821786	0.2491658421100366
3.056112	0.49497772799742484	0.24368544462357172
3.066132	0.4918095799000805	0.2381936073865648
3.076152	0.48860381739710496	0.23269960162942407
3.086172	0.4853618738603758	0.2272131711932175
3.096192	0.48208522458679975	0.22174458076434195
3.106212	0.47877538357130717	0.21630466806806645
3.116232	0.4754339002997165	0.21090489970689466
3.126253	0.47206235656818063	0.20555743003757343
3.136273	0.46866236333562317	0.2002751620837288
3.146293	0.4652355576152722	0.19507180895471107
3.156313	0.461783599411077	0.18996195355950718
3.166333	0.4583081687044767	0.18496110354430975
3.176353	0.4548109624966505	0.18008573732862523
3.186373	0.4512936919110472	0.17535333587022128
3.196393	0.44775807936065726	0.17078239338712564
3.206413	0.44420585578413835	0.1663923987870868
3.216433	0.4406387579545705	0.16220377815246848
3.226453	0.4370585258642808	0.1582377875429093
3.236473	0.4334669001888189	0.15451634495483862
3.246493	0.42986561983285304	0.15106179096093383
3.256513	0.42625641956040206	0.14789656984876315
3.266533	0.42264102771151024	0.14504282746026764
3.276553	0.41902116400713724	0.1425219286950085
3.286573	0.41539853744373545	0.1403539066908433
3.296593	0.41177484427867284	0.13855686636047218
3.306613	0.4081517661073774	0.13714637585660236
3.316633	0.40453096803278	0.13613488863549733
3.326653	0.40091409692737406	0.1355312437595579
3.336673	0.39730277978793554	0.13534029089995395
3.346693	0.39369862218270807	0.1355626781708211
3.356713	0.3901032067906112	0.13619482603074723
3.366733	0.3865180920318077	0.13722909129545868
3.376754	0.38294481078875786	0.1386541052864765
3.386774	0.3793848692166804	0.14045525300896308
3.396794	0.37583974564216177	0.14261524891639715
3.406814	0.372310889548477	0.14511476064510404
3.416834	0.3687997206460345	0.14793303474260242
3.426854	0.36530762802619643	0.15104848619708366
3.436874	0.3618359693966076	0.15443922419133593
3.446894	0.35838607039603465	0.15808349770084087
3.456914	0.35495922398661794	0.16196005461462687
3.466934	0.35155668992133526	0.16604841598222753
3.476954	0.34817969428439605	0.17032907245397758
3.486974	0.3448294291022177	0.1747836131439363
3.496994	0.34150705202256265	0.17939479843521605
3.507014	0.3382136860593786	0.18414658818762222
3.517034	0.3349504194008339	0.18902413588958958
3.527054	0.3317183052780198	0.1940137579221386
3.537074	0.3285183618917613	0.1991028855650113
3.547094	0.3253515723949725	0.2042800058663028
3.557114	0.32221888492799305	0.20953459612767253
3.567134	0.3191212127043378	0.21485705557957596
3.577154	0.3160594341443118	0.22023863684798758
3.587174	0.31303439305395986	0.22567137903574797
3.597194	0.3100468988468467	0.23114804363587102
3.607214	0.30709772680619146	0.23666205403428764
3.617234	0.3041876183849229	0.24220743901874384
3.627255	0.30131728154126297	0.2477787804644374
3.637275	0.298487391107485	0.2533711651942637
3.647295	0.2956985891895585	0.25898014089467564
3.657315	0.29295148559542983	0.2646016758929867
3.667335	0.29024665828976126	0.2702321225572924
3.677355	0.2875846538729978	0.2758681840574688
3.687375	0.28496598808270013	0.2815068842183429
3.697395	0.2823911463151493	0.2871455401992628
3.707415	0.27986058416528853	0.29278173774427135
3.717435	0.27737472798313706	0.29841330876132754
3.727455	0.274933975444883	0.3040383110055887
3.737475	0.27253869613692666	0.3096550096594083
3.747495	0.27018923215121526	0.31526186061947076
3.757515	0.26788589869028673	0.3208574953188039
3.767535	0.2656289846804989	0.3264407069278965
3.777555	0.2634187533919992	0.3320104377945692
3.787575	0.26125544306405396	0.33756576799652527
3.797595	0.25913926753442373	0.34310590489355475
3.807615	0.2570704168715414	0.3486301735782496
3.817635	0.2550490580083165	0.3541380081348116
3.827655	0.2530753353764481	0.3596289436252057
3.837675	0.25114937154019795	0.36510260873056544
3.847695	0.24927126782863743	0.3705587189835115
3.857715	0.24744110496544108	0.3759970705339563
3.867735	0.2456589436953579	0.38141753439714277
3.877756	0.24392482540654772	0.3868200511381422
3.887776	0.2422387727480376	0.3922046259519202
3.897796	0.2406007902415857	0.3975713241024259
3.907816	0.2390108648873129	0.40292026668800596
3.917836	0.23746896676250379	0.4082516267038787
3.927856	0.23597504961302232	0.4135656253754454
3.937876	0.2345290514368463	0.41886252873892477
3.947896	0.2331308950592618	0.4241426444482012
3.957916	0.23178048869929838	0.42940631878892244
3.967936	0.23047772652704016	0.43465393388277773
3.977956	0.22922248921146868	0.4398859050666002
3.987976	0.22801464445854996	0.4451026784324344
3.997996	0.22685404753930066	0.45030472851606146
4.008016	0.2257405418076048	0.4554925561226886
4.018036	0.22467395920759395	0.4606666862795663
4.028056	0.22365412077041374	0.46582766630627354
4.038076	0.22268083710025494	0.4709760639942601
4.048096	0.22175390884953416	0.4761124658880103
4.058116	0.2208731271831425	0.48123747566088027
4.068136	0.22003827423170294	0.48635171257928034
4.078156	0.21924912353380388	0.4914558100494338
4.088176	0.21850544046719358	0.49655041424142804
4.098196	0.21780698266893941	0.5016361827857512
4.108216	0.2171535004445778	0.5067137835378823
4.118236	0.21654473716629377	0.5117838934068906
4.128257	0.21598042966019274	0.5168471972443146
4.138277	0.21546030858272874	0.5219043867899006
4.148297	0.2149840987863841	0.526956159671039
4.158317	0.21455151967468958	0.5320032184529919
4.168337	0.2141622855467032	0.5370462697372109
4.178357	0.21381610593106362	0.542086023305263
4.188377	0.2135126859097472	0.5471231913060489
4.198397	0.21325172643167284	0.5521584874841702
4.208417	0.21303292461629675	0.5571926264474517
4.218437	0.21285597404734982	0.5622263229717603
4.228457	0.21272056505688566	0.5672602913413894
4.238477	0.2126263849997911	0.5722952447233862
4.248497	0.21257311851894478	0.5773318945743101
4.258517	0.2125604478011875	0.5823709500780007
4.268537	0.21258805282428486	0.5874131176130202
4.278557	0.21265561159506807	0.592459100248518
4.288577	0.21276280037892817	0.5975095972673352
4.298597	0.21290929392085936	0.602565303715235
4.308617	0.21309476565822807	0.6076269099752033
4.318637	0.2133188879254622	0.6126951013658269
4.328657	0.2135813321508501	0.6177705577628003
4.338677	0.2138817690456317	0.6228539532426652
4.348697	0.21421986878557853	0.6279459557479282
4.358717	0.21459530118524553	0.633047226772745
4.368737	0.2150077358650828	0.6381584210683938
4.378758	0.21545684241159596	0.6432801863678003
4.388778	0.2159422905307421	0.6484131631283967
4.398798	0.21646375019473688	0.6535579842926471
4.408818	0.21702089178246328	0.6587152750655795
4.418838	0.2176133862136621	0.663885652708697
4.428858	0.21824090507707045	0.6690697263496734
4.438878	0.2189031207527035	0.6742680968072423
4.448898	0.21959970652843017	0.6794813564307322
4.458918	0.2203303367110356	0.6847100889536902
4.468938	0.22109468673191876	0.6899548693610924
4.478958	0.22189243324760524	0.6952162637696175
4.488978	0.22272325423522726	0.7004948293205053
4.498998	0.22358682908313768	0.7057911140845194
4.509018	0.22448283867680957	0.7111056569785579
4.519038	0.22541096548017608	0.7164389876934628
4.529058	0.22637089361256074	0.7217916266325942
4.539078	0.227362308921347	0.7271640848607474
4.549098	0.22838489905052672	0.7325568640630036
4.559118	0.22943835350527125	0.7379704565131129
4.569138	0.23052236371266624	0.7434053450510215
4.579158	0.23163662307873117	0.7488620030691643
4.589178	0.23278082704187422	0.7543408945071527
4.599198	0.23395467312289184	0.7598424738545024
4.609218	0.2351578609716489	0.7653671861610427
4.619238	0.23639009241055636	0.7709154670546734
4.629259	0.23765107147496808	0.7764877427661337
4.639279	0.23894050445060588	0.7820844301604555
4.649299	0.2402580999081353	0.7877059367747897
4.659319	0.24160356873498595	0.793352660862292
4.669339	0.24297662416453997	0.7990249914417745
4.679359	0.24437698180277803	0.8047233083528186
4.689379	0.2458043596524882	0.8104479823160773
4.699399	0.24725847813513688	0.8161993749984806
4.709419	0.2487390601104926	0.8219778390830739
4.719439	0.2502458308940943	0.8277837183432288
4.729459	0.2517785182726574	0.8336173477209684
4.739479	0.2533368525174973	0.8394790534091598
4.749499	0.25492056639605937	0.8453691529373247
4.759519	0.2565293951816337	0.8512879552608439
4.769539	0.2581630766613314	0.8572357608533165
4.779559	0.2598213511424035	0.8632128618018594
4.789579	0.2615039614569688	0.8692195419051268
4.799599	0.26321065296522855	0.8752560767738433
4.809619	0.2649411735572318	0.8813227339336492
4.819639	0.26669527365326184	0.8874197729300609
4.829659	0.26847270620289937	0.8935474454353564
4.839679	0.2702732266828405	0.8997059953572049
4.849699	0.27209659309351103	0.9058956589488629
4.859719	0.27394256595454913	0.9121166649207657
4.869739	0.2758109082992032	0.9183692345533493
4.87976	0.2777013856677045	0.9246535818109446
4.88978	0.27961376609966576	0.9309699134565943
4.8998	0.2815478201255488	0.937318429167637
4.90982	0.283503320757263	0.9436993216519285
4.91984	0.2854800434779273	0.9501127767645562
4.92986	0.28747776623085153	0.9565589736249207
4.93988	0.2894962694077718	0.9630380847340597
4.9499	0.29153533583638874	0.9695502760920923
4.95992	0.2935947507672448	0.9760957073156779
4.96994	0.2956743018599772	0.9826745317553662
4.97996	0.2977737791689907	0.9892868966127529
4.98998	0.2998929751285781	0.9959329430573282
5.0	0.3020316845375283	1.00261280634293
