0.0	0.0
0.01002	0.015264354738697002
0.02004	0.02179548675299027
0.03006	0.02186317484098747
0.04008	0.018313401040157794
0.0501	0.01377271319980323
0.06012	0.010167333003811202
0.07014	0.008547482359688946
0.08016	0.009145350846081987
0.09018	0.011575183316521104
0.1002	0.015090321023133672
0.11022	0.01883181806128685
0.12024	0.02202721505209002
0.130261	0.02412032869961277
0.140281	0.02483044432348128
0.150301	0.0241510500740941
0.160321	0.022304515318298756
0.170341	0.01967090223912526
0.180361	0.016707697659227798
0.190381	0.013873932300228237
0.200401	0.011567999042677985
0.210421	0.010084307167671239
0.220441	0.009590257404969897
0.230461	0.010122188218641675
0.240481	0.011597026122144985
0.250501	0.013835330224808009
0.260521	0.0165911237158666
0.270541	0.019584178550132295
0.280561	0.022531079871238344
0.290581	0.025172272398256812
0.300601	0.02729323790982924
0.310621	0.028738860505401722
0.320641	0.029420828463937645
0.330661	0.029318553902025896
0.340681	0.028474546326216415
0.350701	0.02698545643931336
0.360721	0.024990129541585863
0.370741	0.02265599981473415
0.380762	0.020165048137038087
0.390782	0.017700367813679056
0.400802	0.015434163532458417
0.410822	0.013517773922834556
0.420842	0.012074077470396063
0.430862	0.011192430312390537
0.440882	0.010926102816147594
0.450902	0.011292035635347393
0.460922	0.012272627261223428
0.470942	0.01381919311607
0.480962	0.01585669799223392
0.490982	0.018289354694298335
0.501002	0.02100669685279782
0.511022	0.0238897675067192
0.521042	0.026817111773422022
0.531062	0.02967031672227951
0.541082	0.03233890003397669
0.551102	0.03472440747323169
0.561122	0.03674363470415858
0.571142	0.03833093936155461
0.581162	0.03943965308538859
0.591182	0.040042639579687275
0.601202	0.040132073350609254
0.611222	0.03971853472214145
0.621242	0.03882953046421803
0.631263	0.03750755657966021
0.641283	0.03580782132239289
0.651303	0.03379574328405244
0.661323	0.03154433233884731
0.671343	0.029131551304871762
0.681363	0.02663774423380196
0.691383	0.024143204066963544
0.701403	0.0217259386823142
0.711423	0.01945968068521153
0.721443	0.017412173138555555
0.731463	0.015643751152145387
0.741483	0.014206228125377373
0.751503	0.013142085640966816
0.761523	0.012483957641080701
0.771543	0.012254392615318391
0.781563	0.012465872071640446
0.791583	0.013121059482334685
0.801603	0.014213251100186449
0.811623	0.015726998404610577
0.821643	0.017638871328149383
0.831663	0.019918331687359226
0.841683	0.022528687254011782
0.851703	0.02542809851130668
0.861723	0.028570612211044125
0.871743	0.03190719825687439
0.881764	0.03538676907298763
0.891784	0.03895716337698115
0.901804	0.04256607907360343
0.911824	0.0461619427495107
0.921844	0.04969470591799816
0.931864	0.0531165606891203
0.941884	0.056382569888331846
0.951904	0.05945120878971086
0.961924	0.06228481755108857
0.971944	0.06484996512908424
0.981964	0.0671177269099947
0.991984	0.06906387952122614
1.002004	0.07066901729555713
1.012024	0.0719185956586408
1.022044	0.07280290731312555
1.032064	0.07331699751681323
1.042084	0.07346052501478235
1.052104	0.07323757530437768
1.062124	0.07265643290548487
1.072144	0.07172931919433481
1.082164	0.07047210215432863
1.092184	0.06890398411825546
1.102204	0.06704717323791339
1.112224	0.06492654403345247
1.122244	0.06256929195834739
1.132265	0.06000458647806764
1.142285	0.05726322671119025
1.152305	0.054377303229555765
1.162325	0.051379869166484474
1.172345	0.048304623345271906
1.182365	0.04518560771925428
1.192385	0.04205692101377241
1.202405	0.03895245008250426
1.212425	0.03590562013820599
1.222445	0.03294916469247729
1.232465	0.03011491574166493
1.242485	0.027433614466821372
1.252505	0.024934742474612512
1.262525	0.022646373392725478
1.272545	0.020595044446804996
1.282565	0.01880564748515606
1.292585	0.017301338781066027
1.302605	0.016103466829170694
1.312625	0.01523151726023623
1.322645	0.014703073926422335
1.332665	0.014533795154862273
1.342685	0.014737404129569656
1.352705	0.015325692338616264
1.362725	0.01630853501361013
1.372745	0.01769391749019338
1.382766	0.019487971430098568
1.392786	0.021695019865852674
1.402806	0.02431763005719546
1.412826	0.0273566731824608
1.422846	0.030811389927438995
1.432866	0.03467946107756385
1.442886	0.038957082265712664
1.452906	0.04363904207663718
1.462926	0.048718802759289276
1.472946	0.05418858284941583
1.482966	0.06003944105616284
1.492986	0.06626136081756002
1.503006	0.07284333498018512
1.513026	0.07977345010768497
1.523046	0.08703896997081198
1.533066	0.09462641781798727
1.543086	0.1025216570698985
1.553106	0.11070997012411767
1.563126	0.11917613499607659
1.573146	0.12790449956084746
1.583166	0.13687905319602708
1.593186	0.14608349565954706
1.603206	0.15550130306747192
1.613226	0.16511579086577816
1.623246	0.17491017371680298
1.633267	0.18486762224554712
1.643287	0.19497131661336872
1.653307	0.2052044969069219
1.663327	0.21555051034851105
1.673347	0.22599285535049232
1.683367	0.23651522245099652
1.693387	0.24710153218122433
1.703407	0.25773596992591985
1.713427	0.2684030178485147
1.723447	0.27908748396089816
1.733467	0.28977452842495444
1.743487	0.30044968717897896
1.753507	0.31109889298694193
1.763527	0.3217084940124192
1.773547	0.33226527002190565
1.783567	0.3427564463242973
1.793587	0.35316970555459926
1.803607	0.3634931974105207
1.813627	0.3737155464505716
1.823647	0.38382585806169367
1.833667	0.3938137227033642
1.843687	0.4036692185335939
1.853707	0.4133829125203413
1.863727	0.42294586013962554
1.873747	0.4323496037591215
1.883768	0.4415861698032558
1.893788	0.4506480647928882
1.903808	0.4595282703495395
1.913828	0.46822023725090467
1.923848	0.47671787862104054
1.933868	0.4850155623352288
1.943888	0.49310810271605376
1.953908	0.5009907515937723
1.963928	0.5086591888005795
1.973948	0.5161095121649114
1.983968	0.5233382270685074
1.993988	0.5303422356255677
2.004008	0.5371188255400204
2.014028	0.5436656586936541
2.024048	0.5499807595146902
2.034068	0.5560625031732732
2.044088	0.5619096036473475
2.054108	0.5675211016994722
2.064128	0.5728963528023182
2.074148	0.578035015047868
2.084168	0.5829370370727381
2.094188	0.5876026460295274
2.104208	0.5920323356317093
2.114228	0.5962268542972788
2.124248	0.6001871934141875
2.134269	0.6039145757485077
2.144289	0.607410444014296
2.154309	0.6106764496222399
2.164329	0.6137144416223956
2.174349	0.6165264558546455
2.184369	0.6191147043189125
2.194389	0.6214815647756802
2.204409	0.6236295705859558
2.214429	0.6255614007985028
2.224449	0.6272798704909284
2.234469	0.6287879213700635
2.244489	0.6300886126359894
2.254509	0.6311851121130707
2.264529	0.6320806876504182
2.274549	0.6327786987933434
2.284569	0.633282588726571
2.294589	0.6335958764892379
2.304609	0.6337221494610312
2.314629	0.6336650561181975
2.324649	0.633428299057587
2.334669	0.6330156282863829
2.344689	0.6324308347746913
2.354709	0.6316777442677475
2.364729	0.6307602113541112
2.374749	0.629682113785881
2.38477	0.6284473470466535
2.39479	0.6270598191626864
2.40481	0.6255234457524854
2.41483	0.6238421453098334
2.42485	0.6220198347151016
2.43487	0.6200604249695348
2.44489	0.6179678171470804
2.45491	0.6157458985582257
2.46493	0.6133985391202376
2.47495	0.6109295879281295
2.48497	0.6083428700206504
2.49499	0.6056421833355609
2.50501	0.6028312958484568
2.51503	0.5999139428894092
2.52505	0.5968938246317051
2.53507	0.5937746037470149
2.54509	0.5905599032213436
2.55511	0.5872533043261887
2.56513	0.5838583447393817
2.57515	0.5803785168101635
2.58517	0.5768172659631232
2.59519	0.5731779892357104
2.60521	0.5694640339441261
2.61523	0.5656786964724858
2.625251	0.5618252211802539
2.635271	0.5579067994230469
2.645291	0.5539265686820132
2.655311	0.5498876117971006
2.665331	0.5457929562996406
2.675351	0.5416455738397845
2.685371	0.5374483797044467
2.695391	0.5332042324215197
2.705411	0.5289159334462457
2.715431	0.5245862269257439
2.725451	0.5202177995378064
2.735471	0.5158132804001953
2.745491	0.511375241046783
2.755511	0.5069061954670012
2.765531	0.5024086002051633
2.775551	0.49788485451635284
2.785571	0.4933373005756664
2.795591	0.48876822373772355
2.805611	0.48417985284344933
2.815631	0.47957436057125075
2.825651	0.4749538638298123
2.835671	0.4703204241898303
2.845691	0.46567604835211535
2.855711	0.46102268864958323
2.865731	0.4563622435807568
2.875752	0.4516965583724882
2.885772	0.44702742556970937
2.895792	0.4423565856501028
2.905812	0.4376857276616777
2.915832	0.43301648988131386
2.925852	0.4283504604924249
2.935872	0.42368917827997205
2.945892	0.4190341333411329
2.955912	0.4143867678100125
2.965932	0.40974847659485164
2.975952	0.40512060812626494
2.985972	0.4005044651151033
2.995992	0.39590130531860895
3.006012	0.3913123423135924
3.016032	0.3867387462754265
3.026052	0.38218164476170874
3.036072	0.3776421234995067
3.046092	0.3731212271751575
3.056112	0.36861996022564164
3.066132	0.3641392876306125
3.076152	0.3596801357042055
3.086172	0.35524339288580886
3.096192	0.3508299105290146
3.106212	0.34644050368802326
3.116232	0.3420759519008138
3.126253	0.33773699996843576
3.136273	0.3334243587298169
3.146293	0.3291387058315221
3.156313	0.32488068649193624
3.166333	0.32065091425937586
3.176353	0.31644997176367307
3.186373	0.31227841146080415
3.196393	0.30813675637017174
3.206413	0.30402550080417223
3.216433	0.2999451110897144
3.226453	0.29589602628138356
3.236473	0.2918786588659646
3.246493	0.28789339545807097
3.256513	0.28394059748664385
3.266533	0.2800206018721144
3.276553	0.27613372169403677
3.286573	0.2722802468490268
3.296593	0.2684604446988568
3.306613	0.2646745607085788
3.316633	0.26092281907456133
3.326653	0.25720542334234725
3.336673	0.2535225570142546
3.346693	0.2498743841466534
3.356713	0.24626104993687245
3.366733	0.242682681299698
3.376754	0.23913938743344382
3.386774	0.23563126037557922
3.396794	0.23215837554791793
3.406814	0.22872079229137754
3.416834	0.22531855439033352
3.426854	0.22195169058659645
3.436874	0.21862021508305363
3.446894	0.21532412803702508
3.456914	0.21206341604338771
3.466934	0.2088380526075338
3.476954	0.2056479986082323
3.486974	0.20249320275047314
3.496994	0.1993736020083738
3.507014	0.19628912205823965
3.517034	0.1932396777018695
3.527054	0.19022517328020738
3.537074	0.18724550307744028
3.547094	0.1843005517156498
3.557114	0.1813901945401295
3.567134	0.1785142979954787
3.577154	0.17567271999259146
3.587174	0.17286531026665916
3.597194	0.17009191072630933
3.607214	0.16735235579400343
3.617234	0.16464647273782038
3.627255	0.16197408199475247
3.637275	0.15933499748564453
3.647295	0.15672902692190369
3.657315	0.15415597210411297
3.667335	0.1516156292126808
3.677355	0.14910778909065772
3.687375	0.1466322375188547
3.697395	0.14418875548339546
3.707415	0.1417771194358383
3.717435	0.13939710154599821
3.727455	0.13704846994760556
3.737475	0.13473098897693217
3.747495	0.13244441940452006
3.757515	0.13018851866014292
3.767535	0.12796304105113307
3.777555	0.12576773797420596
3.787575	0.12360235812091024
3.797595	0.12146664767683472
3.807615	0.1193603505146994
3.817635	0.11728320838145911
3.827655	0.11523496107954484
3.837675	0.11321534664236857
3.847695	0.11122410150421504
3.857715	0.10926096066464408
3.867735	0.10732565784752324
3.877756	0.10541792565481137
3.887776	0.10353749571521237
3.897796	0.10168409882781451
3.907816	0.0998574651008321
3.917836	0.09805732408556267
3.927856	0.09628340490567326
3.937876	0.09453543638192503
3.947896	0.09281314715244691
3.957916	0.09111626578866487
3.967936	0.08944452090699402
3.977956	0.08779764127639668
3.987976	0.0861753559219096
3.997996	0.0845773942242422
4.008016	0.08300348601554383
4.018036	0.08145336167143857
4.028056	0.07992675219942413
4.038076	0.07842338932372789
4.048096	0.07694300556671402
4.058116	0.07548533432693208
4.068136	0.07405010995389687
4.078156	0.07263706781968636
4.088176	0.0712459443874458
4.098196	0.06987647727687973
4.108216	0.06852840532681685
4.118236	0.06720146865492788
4.128257	0.06589540871467632
4.138277	0.0646099683495801
4.148297	0.06334489184486035
4.158317	0.062099924976551764
4.168337	0.060874815058149366
4.178357	0.059669310984861085
4.188377	0.058483163275538215
4.198397	0.0573161241123516
4.208417	0.056167947378281055
4.218437	0.05503838869248365
4.228457	0.05392720544360481
4.238477	0.052834156821096406
4.248497	0.051759003844601296
4.258517	0.05070150939146599
4.268537	0.049661438222439416
4.278557	0.04863855700561528
4.288577	0.047632634338673985
4.298597	0.04664344076947846
4.308617	0.04567074881507841
4.318637	0.044714332979173425
4.328657	0.043773969768087125
4.338677	0.04284943770530146
4.348697	0.04194051734459958
4.358717	0.04104699128186463
4.368737	0.04016864416558043
4.378758	0.03930526270607868
4.388778	0.038456635683577475
4.398798	0.03762255395505223
4.408818	0.036802810459981905
4.418838	0.035997200225010455
4.428858	0.03520552036756299
4.438878	0.03442757009845532
4.448898	0.033663150723533694
4.458918	0.032912065644382364
4.468938	0.03217412035813294
4.478958	0.031449122456411134
4.488978	0.030736881623454046
4.498998	0.030037209633430765
4.509018	0.029349920346998053
4.519038	0.028674829707121704
4.529058	0.02801175573419452
4.539078	0.027360518520478862
4.549098	0.026720940223903134
4.559118	0.02609284506123938
4.569138	0.025476059300688816
4.579158	0.024870411253901433
4.589178	0.024275731267454876
4.599198	0.023691851713816933
4.609218	0.02311860698181619
4.619238	0.022555833466642933
4.629259	0.022003369559403546
4.639279	0.021461055636249848
4.649299	0.020928734047104526
4.659319	0.020406249104003224
4.669339	0.019893447069072805
4.679359	0.01939017614216578
4.689379	0.018896286448168622
4.699399	0.018411630024002652
4.709419	0.017936060805334865
4.719439	0.017469434613015537
4.729459	0.017011609139259174
4.739479	0.01656244393358442
4.749499	0.01612180038852885
4.759519	0.01568954172515279
4.769539	0.01526553297834711
4.779559	0.014849640981958661
4.789579	0.014441734353746852
4.799599	0.014041683480184367
4.809619	0.013649360501114594
4.819639	0.013264639294277705
4.829659	0.012887395459717618
4.839679	0.01251750630408042
4.849699	0.012154850824815738
4.859719	0.011799309694291311
4.869739	0.011450765243830993
4.87976	0.01110910144768598
4.88978	0.010774203906948518
4.8998	0.010445959833417617
4.90982	0.01012425803342494
4.91984	0.009808988891629707
4.92986	0.009500044354790566
4.93988	0.009197317915522245
4.9499	0.008900704596044506
4.95992	0.008610100931930445
4.96994	0.008325404955861452
4.97996	0.008046516181394955
4.98998	0.00777333558675171
5.0	0.007505765598628597
