0.0	0.01858197546135629	0.006378332402030534
0.01002	0.01345908998221738	0.006003938142862057
0.02004	0.010614732682062412	0.004849407849562255
0.03006	0.009912780845591183	0.002723754960981584
0.04008	0.010490875561029105	0.0006074558698779223
0.0501	0.011108529697162585	0.0037064516077826384
0.06012	0.010895469205445348	0.006719229083855058
0.07014	0.009781389302477007	0.008947596482774824
0.08016	0.008311047680793977	0.01018657794253707
0.09018	0.00722007160923307	0.01044115255461358
0.1002	0.007132317399402674	0.009809331883292737
0.11022	0.008431610647745292	0.008422063249204331
0.12024	0.011231417680366547	0.00644276379844312
0.130261	0.01538645836114113	0.004152561727564464
0.140281	0.020531471518774564	0.002528839893115931
0.150301	0.02614912793958199	0.003766516270920843
0.160321	0.03166392753012261	0.006426148708202465
0.170341	0.03654534843910604	0.00914031151261817
0.180361	0.04039497267794429	0.011535683585238881
0.190381	0.04299622663905796	0.01343593910837744
0.200401	0.044319493271520564	0.014745631901244999
0.210421	0.04449071917895888	0.015426073008380985
0.220441	0.043740273655099395	0.015482292328676118
0.230461	0.04234881900329363	0.014952536683374975
0.240481	0.04060156807215612	0.01390104971037943
0.250501	0.03875592421688761	0.01241630916149667
0.260521	0.03702281201096711	0.010618710589882134
0.270541	0.03555959967572962	0.00868828495643166
0.280561	0.034471783236734915	0.0069385634345762405
0.290581	0.03382070786301496	0.005935318299365697
0.300601	0.03363495105215649	0.006285128728834032
0.310621	0.03392332541456337	0.007858889405501869
0.320641	0.034687747202375815	0.010041499516992946
0.330661	0.03593452587434017	0.012401758961711487
0.340681	0.03768301632188779	0.01471271964348423
0.350701	0.03997103822692907	0.016847674178292915
0.360721	0.04285695030901794	0.018729821456408623
0.370741	0.04641869133510695	0.0203122143476494
0.380762	0.05075039889067294	0.021569116961020644
0.390782	0.055957362698793915	0.022491621274323016
0.400802	0.062150073919620574	0.023085021776987708
0.410822	0.06943803526122572	0.023367097268163193
0.420842	0.07792384787711305	0.0233670353362212
0.430862	0.08769793258038566	0.023124925157896933
0.440882	0.09883410316060161	0.022691758498538744
0.450902	0.11138610149662925	0.02212977025199097
0.460922	0.12538512876651398	0.02151269674390672
0.470942	0.14083835844694445	0.02092509783557422
0.480962	0.15772838652021384	0.0204593577999287
0.490982	0.17601355442903807	0.020208779729115195
0.501002	0.19562906500376853	0.020256205322115927
0.511022	0.2164887975479514	0.020660417480463787
0.521042	0.23848771450191117	0.02144574092169322
0.531062	0.2615047392506356	0.022600156280670726
0.541082	0.28540597424674086	0.024082585261630943
0.551102	0.31004812244594854	0.025834910673416655
0.561122	0.3352819745473181	0.027793307574963975
0.571142	0.360955830475174	0.02989600616919047
0.581162	0.38691873590339215	0.032087353715443634
0.591182	0.41302343259021845	0.03431928834923225
0.601202	0.43912894342683956	0.03655138966972312
0.611222	0.4651027375925034	0.03875029850941531
0.621242	0.49082244613351833	0.0408889372388286
0.631263	0.5161771218633772	0.04294572803787758
0.641283	0.5410680582657494	0.04490388211868129
0.651303	0.5654091990615134	0.04675077566225173
0.661323	0.5891271827420168	0.04847740597142304
0.671343	0.612161074585375	0.05007791518729635
0.681363	0.6344618427404044	0.051549169237665275
0.691383	0.6559916354279681	0.052890382027142344
0.701403	0.6767229138724904	0.054102777388601024
0.711423	0.6966374909950834	0.055189283357423714
0.721443	0.715725519910017	0.056154254789534466
0.731463	0.7339844695257607	0.05700322130381419
0.741483	0.7514181176066473	0.05774265812439269
0.751503	0.7680355849226218	0.05837977775753146
0.761523	0.7838504279008969	0.058922340664488995
0.771543	0.7988798016823103	0.05937848325989105
0.781563	0.8131437007718224	0.05975656172276331
0.791583	0.8266642805795571	0.06006501028167475
0.801603	0.8394652600461179	0.0603122128375387
0.811623	0.8515714031686243	0.060506387016943684
0.821643	0.8630080755068021	0.06065547999650682
0.831663	0.8738008705574086	0.06076707569017675
0.841683	0.8839753001457219	0.06084831312893887
0.851703	0.8935565426054038	0.0609058160672206
0.861723	0.9025692424220343	0.06094563400460543
0.871743	0.9110373551307028	0.06097319490036199
0.881764	0.9189840315248679	0.06099326987163709
0.891784	0.9264315356034473	0.06100995010006408
0.901804	0.9334011911167831	0.061026636029297046
0.911824	0.939913352039282	0.06104603872822143
0.921844	0.9459873927741465	0.06107019303852692
0.931864	0.9516417143667316	0.06110048184313361
0.941884	0.9568937634557978	0.06113767050842393
0.951904	0.961760061118269	0.06118195029303084
0.961924	0.966256239158187	0.06123298930090964
0.971944	0.9703970817517846	0.0612899894033168
0.981964	0.9741965706871486	0.06135174747327277
0.991984	0.9776679327292229	0.0614167192700151
1.002004	0.9808236879001316	0.06148308437601193
1.012024	0.9836756976928319	0.061548810715786294
1.022044	0.9862352124350704	0.06161171736066589
1.032064	0.9885129171928605	0.06166953453111751
1.042084	0.9905189757506028	0.06171995993280078
1.052104	0.9922630723309196	0.061760710789376505
1.062124	0.993754450823543	0.06178957115220276
1.072144	0.9950019513813543	0.06180443426499992
1.082164	0.9960140443149748	0.061803339934041815
1.092184	0.9967988612770048	0.06178450699792812
1.102204	0.9973642237748725	0.0617463611044438
1.112224	0.9977176690888188	0.06168755808624517
1.122244	0.9978664737002882	0.06160700328424927
1.132265	0.9978176743571736	0.06150386720063185
1.142285	0.9975780869171382	0.061377597875578796
1.152305	0.9971543231196746	0.06122793037673793
1.162325	0.9965528054425025	0.06105489377084318
1.172345	0.9957797801992553	0.060858815915997115
1.182365	0.9948413290337647	0.06064032637292918
1.192385	0.9937433789623321	0.06040035768609207
1.202405	0.992491711109636	0.06014014523215475
1.212425	0.9910919682768617	0.05986122577544972
1.222445	0.9895496614726363	0.05956543480807222
1.232465	0.9878701755287159	0.05925490268743639
1.242485	0.9860587739134069	0.058932049516938374
1.252505	0.9841206028466007	0.05859957864702478
1.262525	0.9820606948112722	0.05826046860583624
1.272545	0.9798839715474496	0.05791796320272279
1.282565	0.9775952466061542	0.05757555948712869
1.292585	0.9751992275326793	0.05723699319337318
1.302605	0.9727005177409158	0.056906221263522135
1.312625	0.9701036181332654	0.05658740102169159
1.322645	0.9674129285140269	0.056284865580453806
1.332665	0.964632748838031	0.05600309510071312
1.342685	0.9617672803306921	0.05574668360744268
1.352705	0.9588206265105755	0.05552030119080767
1.362725	0.9557967941409885	0.055328651598768534
1.372745	0.952699694133001	0.05517642545263228
1.382766	0.9495331424186367	0.055068249585223425
1.392786	0.9463008608097344	0.05500863329981433
1.402806	0.943006477855128	0.055001912657084887
1.412826	0.9396535297062928	0.05505219419107639
1.422846	0.9362454609994416	0.055163299702625
1.432866	0.9327856257601769	0.0553387139480586
1.442886	0.9292772883352	0.05558153710304835
1.452906	0.9257236243542192	0.055894443815481684
1.462926	0.9221277217240356	0.0562796504586478
1.472946	0.9184925816558325	0.056738891863992204
1.482966	0.9148211197258959	0.05727340837442246
1.492986	0.9111161669693386	0.05788394355174482
1.503006	0.9073804710058865	0.05857075234149395
1.513026	0.9036166971963627	0.05933361899391407
1.523046	0.8998274298281959	0.06017188360545614
1.533066	0.8960151733280308	0.06108447581476505
1.543086	0.8921823534993585	0.06206995398041163
1.553106	0.8883313187829616	0.0631265480888195
1.563126	0.8844643415379088	0.06425220468025236
1.573146	0.8805836193408083	0.06544463221800731
1.583166	0.876691276301027	0.06670134553451014
1.593186	0.8727893643896212	0.06801970823935459
1.603206	0.8688798647797706	0.06939697224180966
1.613226	0.8649646891965744	0.07083031380169123
1.623246	0.8610456812741458	0.07231686576120952
1.633267	0.8571246179180269	0.07385374581589686
1.643287	0.8532032106710393	0.07543808084982653
1.653307	0.8492831070807757	0.07706702748827615
1.663327	0.845365892067039	0.07873778911215609
1.673347	0.8414530892876277	0.08044762963731376
1.683367	0.8375461625009643	0.0821938843936223
1.693387	0.8336465169241513	0.08397396844921325
1.703407	0.829755500585137	0.08578538271963855
1.713427	0.825874405667752	0.08762571818488736
1.723447	0.8220044698484649	0.0894926585129979
1.733467	0.8181468776237868	0.09138398136066199
1.743487	0.8143027616273248	0.0932975585911466
1.753507	0.8104732039355604	0.0952313556198128
1.763527	0.8066592373614951	0.09718343006871681
1.773547	0.8028618467353712	0.0991519298849923
1.783567	0.7990819701717319	0.10113509105339706
1.793587	0.7953205003221512	0.10313123501171484
1.803607	0.7915782856130046	0.10513876585868452
1.813627	0.7878561314677179	0.10715616742764274
1.823647	0.7841548015129651	0.10918200028495909
1.833667	0.7804750187683419	0.11121489870038596
1.843687	0.7768174668190796	0.1132535676263997
1.853707	0.7731827909714056	0.11529677971525289
1.863727	0.7695715993901941	0.11734337239555039
1.873747	0.7659844642185893	0.11939224502450889
1.883768	0.7624219226793166	0.1214423561274619
1.893788	0.7588844781574284	0.1234927207324728
1.903808	0.7553726012642671	0.1255424078049584
1.913828	0.7518867308824524	0.12759053778489485
1.923848	0.7484272751917327	0.12963628022734777
1.933868	0.7449946126755639	0.13167885154566883
1.943888	0.7415890931083096	0.13371751285563033
1.953908	0.738211038522977	0.13575156791799162
1.963928	0.7348607441594289	0.13778036117641673
1.973948	0.7315384793930361	0.1398032758872831
1.983968	0.7282444886437522	0.14181973233767067
1.993988	0.724978992265622	0.14382918614768705
2.004008	0.7217421874167425	0.14583112665323036
2.014028	0.718534248909728	0.1478250753653118
2.024048	0.7153553300427401	0.14981058450211743
2.034068	0.7122055634111644	0.15178723559009563
2.044088	0.7090850617000304	0.15375463813047857
2.054108	0.7059939184572944	0.1557124283277918
2.064128	0.702932208848107	0.1576602678770609
2.074148	0.699899990390216	0.15959784280658462
2.084168	0.6968973036706584	0.16152486237330985
2.094188	0.6939241730439151	0.16344105800799938
2.104208	0.6909806073117101	0.16534618230755296
2.114228	0.6880666003846486	0.16724000807198727
2.124248	0.6851821319259018	0.16912232738373362
2.134269	0.6823271679771533	0.17099295072705614
2.144289	0.679501661567032	0.17285170614552198
2.154309	0.6767055533022671	0.17469843843559252
2.164329	0.673938771941809	0.17653300837451305
2.174349	0.6712012349541633	0.17835529198080338
2.184369	0.6684928490581977	0.18016517980574856
2.194389	0.6658135107476849	0.18196257625439363
2.204409	0.6631631067998502	0.18374739893463526
2.214429	0.6605415147681983	0.18551957803309055
2.224449	0.6579486034598989	0.18727905571650502
2.234469	0.6553842333980122	0.18902578555753258
2.244489	0.6528482572688431	0.19075973198379065
2.254509	0.6503405203547112	0.19248086974916104
2.264529	0.6478608609524285	0.19418918342636274
2.274549	0.6454091107777787	0.19588466691987802
2.284569	0.6429850953562933	0.1975673229983682
2.294589	0.6405886344006182	0.19923716284575976
2.304609	0.6382195421747692	0.20089420563022709
2.314629	0.635877627845572	0.20253847809033798
2.324649	0.6335626958215819	0.20417001413766855
2.334669	0.6312745460797796	0.20578885447522666
2.344689	0.6290129744803364	0.2073950462310599
2.354709	0.6267777730697427	0.20898864260644842
2.364729	0.6245687303725892	0.21056970253812174
2.374749	0.6223856316722917	0.21213829037395338
2.38477	0.6202282592810451	0.21369447556162288
2.39479	0.6180963927992911	0.21523833234975093
2.40481	0.6159898093649808	0.2167699395010387
2.41483	0.6139082838929096	0.21828938001696324
2.42485	0.6118515893044025	0.2197967408735957
2.43487	0.609819496747616	0.221292112768135
2.44489	0.6078117758087302	0.22277558987575888
2.45491	0.6058281947142898	0.22424726961641445
2.46493	0.6038685205249587	0.22570725243118553
2.47495	0.6019325193209396	0.22715564156788648
2.48497	0.6000199563793148	0.22859254287554814
2.49499	0.598130596343551	0.23001806460747085
2.50501	0.5962642033854147	0.23143231723253743
2.51503	0.5944205413595338	0.23283541325448354
2.52505	0.5925993739508407	0.2342274670388402
2.53507	0.5908004648151259	0.23560859464726897
2.54509	0.5890235777129255	0.23697891367902416
2.55511	0.5872684766369626	0.23833854311928285
2.56513	0.5855349259333587	0.23968760319409457
2.57515	0.5838226904168232	0.2410262152317106
2.58517	0.582131535480028	0.24235450153006127
2.59519	0.5804612271973664	0.2436725852301583
2.60521	0.5788115324232925	0.24498059019520438
2.61523	0.5771822188854332	0.24627864089520443
2.625251	0.5755730552726567	0.24756686229687513
2.635271	0.5739838113182809	0.24884537975865936
2.645291	0.5724142578785978	0.2501143189306564
2.655311	0.5708641670068856	0.25137380565928846
2.665331	0.569333312023077	0.25262396589652647
2.675351	0.567821467579246	0.2538649256135067
2.685371	0.5663284097210717	0.25509681071837353
2.695391	0.564853915945433	0.25631974697819165
2.705411	0.563397765254285	0.2575338599447733
2.715431	0.5619597382049605	0.2587392748842741
2.725451	0.5605396169570392	0.2599361167104132
2.735471	0.559137185315921	0.2611245099211825
2.745491	0.5577522287732355	0.2623045785389082
2.755511	0.5563845345442173	0.2634764460535384
2.765531	0.5550338916021724	0.26464023536903264
2.775551	0.553700090710154	0.26579606875273004
2.785571	0.5523829244499676	0.26694406778758467
2.795591	0.551082187248617	0.2680843533271516
2.805611	0.549797675402302	0.26921704545321773
2.815631	0.5485291870980717	0.27034226343597345
2.825651	0.5472765224332399	0.27146012569662076
2.835671	0.5460394834326561	0.27257074977232487
2.845691	0.5448178740639339	0.27367425228341136
2.855711	0.5436115002507254	0.27477074890271985
2.865731	0.5424201698841314	0.2758603543270265
2.875752	0.5412436928323362	0.27694318225044934
2.885772	0.5400818809485461	0.2780193453397571
2.895792	0.5389345480773167	0.2790889552114998
2.905812	0.5378015100593421	0.28015212241088727
2.915832	0.5366825847347834	0.28120895639234145
2.925852	0.5355775919452079	0.28225956550165193
2.935872	0.5344863535342075	0.2833040569596657
2.945892	0.5334086933467639	0.2843425368474464
2.955912	0.5323444372274246	0.28537511009284006
2.965932	0.531293413017352	0.2864018804583831
2.975952	0.530255450550304	0.28742295053049843
2.985972	0.5292303816476049	0.28843842170991885
2.995992	0.528218040112161	0.2894483942032846
3.006012	0.5272182617215722	0.2904529670158634
3.016032	0.5262308842203941	0.2914522379453397
3.026052	0.5252557473115963	0.2924463035766266
3.036072	0.5242926926472643	0.29343525927765224
3.046092	0.5233415638185922	0.2944191991960752
3.056112	0.5224022063452058	0.2953982162568862
3.066132	0.5214744676638617	0.29637240216085303
3.076152	0.520558197116558	0.2973418473837688
3.086172	0.5196532459380986	0.29830664117646505
3.096192	0.5187594672431439	0.2992668715655513
3.106212	0.5178767160127871	0.30022262535484606
3.116232	0.5170048490806843	0.3011739881274644
3.126253	0.5161437251187763	0.3021210442485279
3.136273	0.5152932046226281	0.303063876868467
3.146293	0.5144531498964174	0.3040025679268828
3.156313	0.5136234250376016	0.30493719815694015
3.166333	0.5128038959212857	0.3058678470902635
3.176353	0.5119944301843229	0.3067945930623079
3.186373	0.5111948972091659	0.30771751321817886
3.196393	0.5104051681074978	0.30863668351887596
3.206413	0.5096251157036612	0.3095521787479373
3.216433	0.5088546145179083	0.3104640725184593
3.226453	0.5080935407494916	0.3113724372804717
3.236473	0.5073417722596166	0.31227734432864485
3.246493	0.5065991885542703	0.3131788638103104
3.256513	0.5058656707669483	0.3140770647337742
3.266533	0.5051411016412937	0.3149720149769033
3.276553	0.5044253655136645	0.3158637812959692
3.286573	0.5037183482956449	0.3167524293347297
3.296593	0.5030199374565146	0.31763802363373245
3.306613	0.5023300220056895	0.3185206276398252
3.316633	0.5016484924751464	0.31940030371585654
3.326653	0.5009752409018442	0.3202771131505534
3.336673	0.5003101608101541	0.32115111616856024
3.346693	0.49965314719430726	0.32202237194062816
3.356713	0.49900409650087285	0.32289093859393947
3.366733	0.4983629066112743	0.32375687322255675
3.376754	0.4977294768243543	0.32462023189798384
3.386774	0.49710370783899666	0.3254810696798281
3.396794	0.4964855017368125	0.3263394406265527
3.406814	0.4958747619649002	0.32719539780631
3.416834	0.4952713933186847	0.32804899330784426
3.426854	0.4946753019248436	0.3289002782514559
3.436874	0.4940863952243265	0.329749302800018
3.446894	0.49350458195547375	0.3305961161700363
3.456914	0.4929297721372392	0.33144076664274497
3.466934	0.4923618770525236	0.3322833015752299
3.476954	0.49180080923162184	0.33312376741157296
3.486974	0.49124648243579055	0.3339622096940092
3.496994	0.4906988116409383	0.3347986730740913
3.507014	0.4901577130214434	0.33563320132385377
3.517034	0.4896231039341025	0.33646583734697294
3.527054	0.48909490290221397	0.3372966231899131
3.537074	0.4885730295997977	0.33812560005305886
3.547094	0.48805740483595533	0.33895280830182273
3.557114	0.48754795053937355	0.3397782874777272
3.567134	0.4870445897429713	0.340602076309455
3.577154	0.4865472465686948	0.3414242127238628
3.587174	0.48605584621246084	0.3422447338569549
3.597194	0.48557031492925085	0.3430636760648129
3.607214	0.4850905800183571	0.34388107493447617
3.617234	0.48461656980878165	0.3446969652947724
3.627255	0.48414821364479016	0.3455113812270918
3.637275	0.48368544187162094	0.3463243560761037
3.647295	0.48322818582135	0.3471359224604119
3.657315	0.48277637779891314	0.34794611228314615
3.667335	0.482329951068285	0.34875495674248685
3.677355	0.48188883983881636	0.3495624863421209
3.687375	0.4814529792517287	0.35036873090162557
3.697395	0.4810223053667674	0.3511737195667797
3.707415	0.48059675514901273	0.3519774808197979
3.717435	0.480176266455849	0.3527800424894888
3.727455	0.4797607780240913	0.35358143176133244
3.737475	0.47935022945727007	0.3543816751874774
3.747495	0.4789445612130728	0.3551807986966556
3.757515	0.47854371459094186	0.3559788276040122
3.767535	0.4781476317198295	0.35677578662085146
3.777555	0.47775625554610723	0.35757169986429516
3.787575	0.47736952982163133	0.3583665908668537
3.797595	0.47698739909196114	0.35916048258590866
3.807615	0.4766098086847317	0.3599533974131064
3.817635	0.4762367046981781	0.3607453571836596
3.827655	0.4758680339898119	0.36153638318556003
3.837675	0.4755037441652477	0.3623264961686976
3.847695	0.4751437835671791	0.3631157163538884
3.857715	0.47478810126450344	0.3639040634418087
3.867735	0.4744366470415937	0.36469155662183694
3.877756	0.47408937138771634	0.3654782145808007
3.887776	0.47374622548659473	0.36626405551163094
3.897796	0.4734071612061155	0.36704909712192074
3.907816	0.47307213108817825	0.3678333566423908
3.917836	0.472741088338686	0.36861685083525914
3.927856	0.47241398681767577	0.3693995960025174
3.937876	0.4720907810295878	0.3701816079941114
3.947896	0.47177142611367223	0.37096290221602707
3.957916	0.4714558778345314	0.37174349363828274
3.967936	0.4711440925727971	0.3725233968028256
3.977956	0.4708360273159407	0.37330262583133456
3.987976	0.4705316396492154	0.3740811944329286
3.997996	0.47023088774672867	0.3748591159117815
4.008016	0.4699337303626436	0.3756364031746418
4.018036	0.4696401268225081	0.3764130687382609
4.028056	0.4693500370147099	0.3771891247367268
4.038076	0.46906342138205626	0.37796458292870494
4.048096	0.4687802409134773	0.37873945470458825
4.058116	0.46850045713585053	0.37951375109355306
4.068136	0.4682240321059461	0.380287482770525
4.078156	0.46795092840249086	0.3810606600630535
4.088176	0.46768110911834987	0.38183329295809487
4.098196	0.467414537852824	0.38260539110870656
4.108216	0.4671511787040619	0.38337696384065106
4.118236	0.4668909962615851	0.3841480201589106
4.128257	0.4666339555989251	0.38491856875411384
4.138277	0.46638002226637043	0.38568861800887483
4.148297	0.46612916228382256	0.3864581760040439
4.158317	0.46588134213375937	0.38722725052487283
4.168337	0.4656365287543044	0.3879958490670929
4.178357	0.4653946895324012	0.3887639788429087
4.188377	0.46515579229709003	0.3895316467869059
4.198397	0.4649198053128874	0.39029885956187643
4.208417	0.46468669727326506	0.3910656235645588
4.218437	0.4644564372942289	0.3918319449312963
4.228457	0.46422899490799496	0.39259782954361366
4.238477	0.4640043400567622	0.3933632830337108
4.248497	0.46378244308657995	0.3941283107898781
4.258517	0.4635632747413096	0.3948929179618298
4.268537	0.4633468061566778	0.39565710946595933
4.278557	0.4631330088544218	0.3964208899905157
4.288577	0.46292185473652375	0.3971842640007023
4.298597	0.46271331607953375	0.3979472357436987
4.308617	0.4625073655289805	0.398709809253606
4.318637	0.4623039760938672	0.399471988356317
4.328657	0.4621031211412532	0.4002337766743108
4.338677	0.46190477439091787	0.400995177631375
4.348697	0.4617089099101082	0.4017561944572524
4.358717	0.4615155021083662	0.40251683019221735
4.368737	0.4613245257324372	0.4032770876915784
4.378758	0.46113595586125605	0.40403696963011193
4.388778	0.46094976790101155	0.40479647850642336
4.398798	0.460765937580287	0.40555561664724105
4.408818	0.4605844409452758	0.4063143862116394
4.418838	0.4604052543550717	0.4070727891951957
4.428858	0.4602283544770315	0.40783082743407856
4.438878	0.46005371828221026	0.4085885026090706
4.448898	0.4598813230408669	0.40934581624952515
4.458918	0.45971114631803967	0.41010276973725773
4.468938	0.45954316596919076	0.41085936431037334
4.478958	0.45937736013591784	0.41161560106703143
4.488978	0.45921370724173294	0.412371480969146
4.498998	0.45905218598790654	0.4131270048460256
4.509018	0.45889277534937634	0.4138821733979514
4.519038	0.45873545457071996	0.4146369871996946
4.529058	0.4585802031621898	0.41539144670397393
4.539078	0.45842700089581	0.4161455522448548
4.549098	0.45827582780153403	0.41689930404108905
4.559118	0.45812666416346176	0.417652702199399
4.569138	0.457979490516116	0.4184057467177017
4.579158	0.4578342876407764	0.41915843748827974
4.589178	0.4576910365618709	0.41991077430089546
4.599198	0.45754971854342286	0.42066275684584986
4.609218	0.457410315085554	0.42141438471698855
4.619238	0.4572728079210413	0.4221656574146536
4.629259	0.45713717901192774	0.4229165743485832
4.639279	0.45700341054618576	0.42366713484075874
4.649299	0.4568714849344325	0.42441733812820104
4.659319	0.45674138480669646	0.42516718336571613
4.669339	0.4566130930092337	0.4259166696285905
4.679359	0.4564865926013947	0.42666579591523746
4.689379	0.45636186685253877	0.42741456114979454
4.699399	0.4562388992389972	0.42816296418467364
4.709419	0.45611767344108334	0.428911003803063
4.719439	0.4559981733401489	0.42965867872138275
4.729459	0.45588038301568656	0.43040598759169507
4.739479	0.45576428674247677	0.43115292900406793
4.749499	0.4556498689877796	0.4318995014888947
4.759519	0.45553711440856975	0.43264570351916953
4.769539	0.4554260078488144	0.433391533512719
4.779559	0.4553165343367933	0.43413698983439114
4.789579	0.4552086790824608	0.43488207079820185
4.799599	0.45510242747484825	0.4356267746694397
4.809619	0.4549977650795066	0.43637109966672977
4.819639	0.454894677635989	0.43711504396405687
4.829659	0.454793151055372	0.43785860569274837
4.839679	0.4546931714178153	0.43860178294341867
4.849699	0.454594724970159	0.43934457376787367
4.859719	0.4544977981235582	0.44008697618097825
4.869739	0.45440237745115386	0.44082898816248467
4.87976	0.45430844968577977	0.44157060765882516
4.88978	0.45421600171770493	0.4423118325848675
4.8998	0.45412502059241056	0.4430526608256341
4.90982	0.4540354935084016	0.44379309023798574
4.91984	0.45394740781505155	0.44453311865227124
4.92986	0.4538607510104808	0.4452727438739416
4.93988	0.4537755107394675	0.44601196368513074
4.9499	0.4536916747913902	0.4467507758462027
4.95992	0.45360923109820295	0.44748917809726607
4.96994	0.45352816773244026	0.44822716815965596
4.97996	0.45344847290525386	0.4489647437373839
4.98998	0.45337013496447853	0.4497019025185567
5.0	0.4532931423927284	0.4504386421767642
