0.0	0.0	0.0
0.01002	0.00023792259220255853	0.00032766613654288713
0.02004	0.0003499101068834408	0.0006178167722769231
0.03006	0.0003793198489072415	0.0008080266957316445
0.04008	0.0003795721486559411	0.0008004432731002952
0.0501	0.00039622723943370417	0.000489002797999485
0.06012	0.0004418721434380046	0.00018630091878029173
0.07014	0.0004922227733540442	0.0010837629806413705
0.08016	0.0005238823822758656	0.0019936717296404668
0.09018	0.0005596897645507431	0.002631809468364709
0.1002	0.0006708225328823718	0.0027856510905933485
0.11022	0.0009356803898329784	0.0023459702157505166
0.12024	0.0013899349083086663	0.001326103754387838
0.130261	0.0019963116027955376	0.0005585094387137885
0.140281	0.0026498836345972654	0.0022277460760924957
0.150301	0.003219061228220775	0.004081116596613482
0.160321	0.0036009144882339548	0.005665729640447031
0.170341	0.0037595056765727477	0.006720993450735912
0.180361	0.0037301519176951865	0.0070779564510752985
0.190381	0.0035960310824189744	0.006662004062907844
0.200401	0.0034550303158869394	0.005490066839063259
0.210421	0.003391626947500357	0.0036898263096948446
0.220441	0.003460785238784763	0.0017809701122676247
0.230461	0.0036850814408513006	0.002516751423389258
0.240481	0.004062876121867716	0.005171508993237945
0.250501	0.004582919504865393	0.007890389286664358
0.260521	0.005239261817110183	0.010251467014473213
0.270541	0.006040696466570391	0.012005124479298617
0.280561	0.007011432028106736	0.012979134187355548
0.290581	0.008183148744694677	0.013075526368379073
0.300601	0.009581447141629028	0.012274232399724024
0.310621	0.011211039127778074	0.010643038126641028
0.320641	0.01304394209430531	0.008378151207719233
0.330661	0.015013940022421051	0.005987079333367917
0.340681	0.017019103927460474	0.004932419573862308
0.350701	0.018932442630515228	0.006778429831174977
0.360721	0.02061899280475355	0.01022198242644248
0.370741	0.02195620189781396	0.013998417272124189
0.380762	0.022853728403102104	0.01758069192801383
0.390782	0.023269041884071508	0.02067624900460991
0.400802	0.023216360207032778	0.023087959470928416
0.410822	0.02276808602370892	0.024683288749505716
0.420842	0.022049447572691293	0.025386498108654964
0.430862	0.021228095355402186	0.025176275005591362
0.440882	0.02050081813641459	0.024086068359659433
0.450902	0.020079429424472658	0.022209263639271552
0.460922	0.02017746703705953	0.019715754924236332
0.470942	0.020998857306161644	0.016895075722799087
0.480962	0.022729250997998284	0.014252860589347719
0.490982	0.025530379861025413	0.012633297854827433
0.501002	0.029537494986971943	0.012973304457919391
0.511022	0.034859700026877716	0.015383918269272033
0.521042	0.04158276636435238	0.01910486721699068
0.531062	0.04977381956816229	0.02337690356081031
0.541082	0.0594871403559859	0.027712976284445665
0.551102	0.07077025594145472	0.0318090255882552
0.561122	0.08366952534289299	0.03546275155048852
0.571142	0.09823454237682341	0.03853496433821672
0.581162	0.1145208711121079	0.04093283908170044
0.591182	0.13259085696453074	0.04260254225889519
0.601202	0.15251248656378863	0.04352590474586424
0.611222	0.1743564715287664	0.04371911032488637
0.621242	0.1981918868823364	0.04323278284899766
0.631263	0.22408079705896777	0.04215346479460404
0.641283	0.2520723532374762	0.04060665037363615
0.651303	0.28219685208746265	0.03876119724944444
0.661323	0.31446021664428603	0.03683358096302392
0.671343	0.348839303130562	0.03508717742737283
0.681363	0.38527836006984933	0.03381648812635975
0.691383	0.4236868739224695	0.03330384449008155
0.701403	0.4639389343269668	0.033749491614886634
0.711423	0.5058741477804217	0.035208309834520335
0.721443	0.5493000277172873	0.03758015966255307
0.731463	0.5939956982231689	0.040659928835468866
0.741483	0.639716674442459	0.04420557929709389
0.751503	0.6862004302623274	0.047986401352943554
0.761523	0.7331724362036062	0.051804580908686386
0.771543	0.7803523482166126	0.055499838296717015
0.781563	0.8274600492619519	0.05894697234758671
0.791583	0.8742212859120094	0.06205164394917814
0.801603	0.9203726959656595	0.06474645498096149
0.811623	0.9656660838014486	0.06698783779331943
0.821643	1.0098718616979092	0.06875371896037542
0.831663	1.052781632352003	0.0700417847459003
0.841683	1.0942099364482494	0.07086817565342107
0.851703	1.1339952270646643	0.07126646154165542
0.861723	1.1720001591414262	0.07128675674547257
0.871743	1.2081112976315551	0.07099481290789442
0.881764	1.2422383536514312	0.07047087287176079
0.891784	1.2743130558398228	0.06980798833454273
0.901804	1.3042877563064597	0.06910942008751347
0.911824	1.3321338590324172	0.06848470385907088
0.921844	1.3578401451613675	0.06804406130448289
0.931864	1.3814110557385246	0.06789115756079167
0.941884	1.4028649791839451	0.06811478133803325
0.951904	1.422232578840863	0.06878070729653088
0.961924	1.4395551857161875	0.06992544698130426
0.971944	1.454883273176037	0.07155342417445566
0.981964	1.4682750238332596	0.0736382382660751
0.991984	1.4797949939997432	0.07612748970088756
1.002004	1.4895128776334898	0.07894974761618333
1.012024	1.497502369416918	0.08202201902292632
1.022044	1.5038401251868458	0.0852564537440662
1.032064	1.5086048171473063	0.08856563651172054
1.042084	1.511876280918426	0.0918663552928885
1.052104	1.5137347513337396	0.09508205486412072
1.062124	1.514260183862926	0.09814430234772516
1.072144	1.5135316585161567	0.10099358333185782
1.082164	1.511626863024321	0.10357968512206907
1.092184	1.5086216519601316	0.10586185229158795
1.102204	1.5045896782649169	0.10780883919009308
1.112224	1.4996020933867993	0.10939893967787122
1.122244	1.493727311940079	0.11062004438001978
1.132265	1.4870308364892915	0.11146975621802757
1.142285	1.479575137771776	0.11195558165706693
1.152305	1.4714195854238064	0.11209520415741685
1.162325	1.4626204240870004	0.11191683419309892
1.172345	1.4532307896580436	0.11145961340763941
1.182365	1.4433007604132064	0.11077402544022623
1.192385	1.432877437792274	0.10992222930937152
1.202405	1.4220050517612317	0.10897818097431715
1.212425	1.4107250858825613	0.10802734667956504
1.222445	1.3990764174964394	0.10716574791902347
1.232465	1.3870954687436037	0.10649803563865477
1.242485	1.3748163645285896	0.1061343100526017
1.252505	1.3622710939174032	0.1061855311159883
1.262525	1.3494896718744596	0.10675763744075548
1.272545	1.3365002986583678	0.10794488598925864
1.282565	1.323329514605285	0.10982332687031066
1.292585	1.310002348423716	0.11244554682230748
1.302605	1.2965424574993325	0.11583768282134695
1.312625	1.2829722590575758	0.11999920829041431
1.322645	1.2693130513519795	0.12490531671825437
1.332665	1.2555851243351954	0.13051115986430836
1.342685	1.2418078595265056	0.13675694749285716
1.352705	1.227999819014152	0.14357300186702593
1.362725	1.2141788237237905	0.15088415190650592
1.372745	1.2003620212470814	0.15861318316793313
1.382766	1.186565943658546	0.1666833192652434
1.392786	1.17280655585651	0.1750198620356802
1.402806	1.1590992950472225	0.18355117666624576
1.412826	1.145459102052663	0.19220920744587555
1.422846	1.1319004451642027	0.2009296804937348
1.432866	1.1184373372886427	0.20965211229030523
1.442886	1.105083347142329	0.21831970793191263
1.452906	1.0918516052451743	0.22687920492916328
1.462926	1.0787548054514502	0.23528069762966045
1.472946	1.0658052027300244	0.24347746293903272
1.482966	1.053014607874947	0.2514257984773313
1.492986	1.0403943797894724	0.2590848782646276
1.503006	1.0279554159442201	0.2664166273753978
1.513026	1.0157081415643316	0.2733856149208748
1.523046	1.003662498052462	0.279958963641881
1.533066	0.9918279311050945	0.2861062739379741
1.543086	0.9802133789299629	0.291799560071176
1.553106	0.9688272609230056	0.2970131964044607
1.563126	0.9576774671149137	0.30172387176761334
1.573146	0.9467713486505498	0.3059105503265977
1.583166	0.9361157095197105	0.30955443763321916
1.593186	0.9257167997152917	0.312638950831642
1.603206	0.9155803099551544	0.31514969228932815
1.613226	0.9057113680670984	0.31707442620071
1.623246	0.8961145371024836	0.318403057984953
1.633267	0.8867938152132654	0.3191276165700162
1.643287	0.8777526372995905	0.3192422399315928
1.653307	0.8689938784105697	0.3187431645474424
1.663327	0.8605198588594186	0.31762871974753953
1.673347	0.8523323509956593	0.31589932830398887
1.683367	0.844432587561461	0.3135575150315632
1.693387	0.8368212715462697	0.3106079256852969
1.703407	0.8294985874434986	0.30705735907882664
1.713427	0.8224642138050133	0.30291481614924815
1.723447	0.8157173369833205	0.2981915707183169
1.733467	0.8092566659474675	0.29290126802191413
1.743487	0.8030804480565981	0.2870600588008586
1.753507	0.7971864856745946	0.280686779001099
1.763527	0.791572153510133	0.27380318809794546
1.773547	0.7862344165685946	0.26643428296980404
1.783567	0.7811698486054102	0.2586087093988947
1.793587	0.7763746509744325	0.25035930003390405
1.803607	0.7718446717696477	0.24172377642560872
1.813627	0.7675754251638268	0.23274566393353638
1.823647	0.763562110853438	0.22347548208661325
1.833667	0.7597996335251616	0.2139722889198027
1.843687	0.7562826222655991	0.20430567391703924
1.853707	0.7530054498420831	0.19455830510660027
1.863727	0.7499622517888719	0.18482912935648102
1.873747	0.7471469452393035	0.1752372758508262
1.883768	0.7445532474506734	0.16592657388391402
1.893788	0.7421746939746254	0.15707028872117768
1.903808	0.740004656431639	0.14887509622351688
1.913828	0.738036359853751	0.14158237571839455
1.923848	0.7362628995649374	0.13546371554963565
1.933868	0.7346772575735452	0.1308067437504243
1.943888	0.7332723184558461	0.12788847348337806
1.953908	0.7320408847141222	0.12693794252827337
1.963928	0.7309756915967204	0.12809750536726897
1.973948	0.7300694213712039	0.1313976171448688
1.983968	0.7293147170451153	0.13675658736775498
1.993988	0.7287041955319173	0.1440047224082364
2.004008	0.7282304602624361	0.15292093800200937
2.014028	0.7278861132445982	0.16326774456064122
2.024048	0.727663766576419	0.17481626486437507
2.034068	0.7275560534191328	0.187359933126346
2.044088	0.7275556384389866	0.20071948430502665
2.054108	0.7276552277276648	0.2147426783493126
2.064128	0.7278475782124906	0.22930148351544175
2.074148	0.7281255065685527	0.24428841383514946
2.084168	0.7284818976457011	0.25961290597074765
2.094188	0.7289097124239837	0.2751981159393052
2.104208	0.7294019955115572	0.2909782449571954
2.114228	0.7299518821994293	0.3068963762960409
2.124248	0.7305526050875761	0.3229027556798718
2.134269	0.7311975002970483	0.33895343652626375
2.144289	0.7318800132826502	0.3550092166305094
2.154309	0.7325937042606483	0.3710348039272544
2.164329	0.7333322532657611	0.38699816079850924
2.174349	0.7340894648514079	0.4028699870382888
2.184369	0.7348592724468621	0.4186233104339857
2.194389	0.7356357423845672	0.4342331609905846
2.204409	0.7364130776104609	0.44967631033919964
2.214429	0.7371856210896857	0.4649310621228595
2.224449	0.7379478589195941	0.47997708240823156
2.234469	0.7386944231614603	0.49479526165881177
2.244489	0.7394200944017958	0.5093676017042206
2.254509	0.7401198040536647	0.5236771225928714
2.264529	0.7407886364078746	0.5377077853292446
2.274549	0.7414218304434153	0.5514444273542648
2.284569	0.7420147814060211	0.5648727082895505
2.294589	0.7425630421632475	0.5779790639800525
2.304609	0.7430623243439831	0.5907506672699792
2.314629	0.7435084992698667	0.6031753942602354
2.324649	0.7438975986856593	0.6152417950419865
2.334669	0.744225815295206	0.6269390680955306
2.344689	0.7444895031092493	0.6382570376980186
2.354709	0.7446851776110008	0.6491861338065157
2.364729	0.7448095157450509	0.6597173739813016
2.374749	0.7448593557348971	0.6698423469933488
2.38477	0.7448316967341059	0.6795531978236624
2.39479	0.7447236983158733	0.6888426138138551
2.40481	0.7445326798055432	0.6977038117692838
2.41483	0.7442561194604519	0.7061305258503787
2.42485	0.7438916535013071	0.7141169961159142
2.43487	0.7434370749991827	0.7216579576050463
2.44489	0.7428903326220953	0.7287486298641125
2.45491	0.7422495292450528	0.735384706839993
2.46493	0.7415129204273988	0.7415623470751046
2.47495	0.740678912761241	0.7472781641501459
2.48497	0.7397460620947343	0.7525292173300708
2.49499	0.7387130716339867	0.7573130023766778
2.50501	0.7375787899273736	0.761627442497961
2.51503	0.7363422087360796	0.7654708794101723
2.52505	0.7350024607947319	0.7688420644936037
2.53507	0.7335588174660472	0.7717401500274846
2.54509	0.7320106862934804	0.7741646804933418
2.55511	0.7303576084559411	0.776115583939634
2.56513	0.7285992561287248	0.7775931634036986
2.57515	0.7267354297548939	0.7785980883899662
2.58517	0.7247660552314338	0.7791313864061751
2.59519	0.7226911810145996	0.7791944345619363
2.60521	0.7205109751489642	0.7787889512365819
2.61523	0.7182257222247641	0.7779169878257222
2.625251	0.7158358202682314	0.7765809205785187
2.635271	0.7133417775696788	0.7747834425402814
2.645291	0.7107442094541849	0.7725275556176893
2.655311	0.7080438349997958	0.7698165627868555
2.665331	0.7052414737082215	0.7666540604675234
2.675351	0.702338042133059	0.7630439310900418
2.685371	0.6993345504706211	0.7589903358854826
2.695391	0.6962320991184784	0.7544977079333981
2.705411	0.6930318752068462	0.7495707455063279
2.715431	0.6897351491079629	0.7442144057554543
2.725451	0.6863432709285973	0.7384338987877974
2.735471	0.6828576669908147	0.7322346821922558
2.745491	0.6792798363061038	0.7256224560798048
2.755511	0.6756113470479231	0.7186031587125037
2.765531	0.671853833027682	0.7111829628068087
2.775551	0.6680089901790963	0.703368272609561
2.785571	0.6640785730557903	0.6951657218601324
2.795591	0.6600643913469229	0.6865821727701232
2.805611	0.6559683064155136	0.6776247161734275
2.815631	0.6517922278640333	0.6683006730249447
2.825651	0.6475381101317012	0.6586175974568765
2.835671	0.6432079491277902	0.6485832816383913
2.845691	0.6388037789051048	0.6382057627290012
2.855711	0.6343276683776353	0.6274933322699988
2.865731	0.6297817180862372	0.616454548424106
2.875752	0.6251680570160051	0.6050982515538011
2.885772	0.6204888394688436	0.5934335837273442
2.895792	0.6157462419945436	0.5814700128628204
2.905812	0.610942460383494	0.5692173623703912
2.915832	0.6060797067239536	0.5566858473388244
2.925852	0.6011602065266207	0.5438861185438032
2.935872	0.5961861959190313	0.5308293158447501
2.945892	0.591159918912114	0.5175271328996891
2.955912	0.5860836247410282	0.5039918955843475
2.965932	0.580959565282203	0.4902366570786425
2.975952	0.5757899925482978	0.4762753133146534
2.985972	0.5705771562625854	0.4621227434089602
2.995992	0.5653233015140766	0.4477949808848767
3.006012	0.5600306664944851	0.43330942299778047
3.016032	0.554701480317952	0.4186850873993607
3.026052	0.5493379609242391	0.4039429278240744
3.036072	0.5439423130659239	0.3891062235846515
3.046092	0.5385167263799335	0.37420106156880545
3.056112	0.5330633735435847	0.3592569342791762
3.066132	0.5275844085151132	0.34430748334987976
3.076152	0.5220819648585125	0.3293914248649494
3.086172	0.5165581541523429	0.31455370033640473
3.096192	0.5110150644820054	0.29984690434732314
3.106212	0.5054547590148407	0.2853330443085382
3.116232	0.4998792746572583	0.27108568481134254
3.126253	0.4942906207929811	0.25719250982140707
3.136273	0.48869077810134914	0.2437582848618853
3.146293	0.4830816974545207	0.23090809310143823
3.156313	0.47746529889228834	0.21879051766753316
3.166333	0.4718434706731312	0.207580106768637
3.176353	0.4662180684000245	0.19747796986152744
3.186373	0.4605909142194382	0.1887087818967216
3.196393	0.4549637960918872	0.18151208678749972
3.206413	0.4493384671323052	0.17612614510011884
3.216433	0.4437166450184637	0.17276435685902955
3.226453	0.4381000114655992	0.17158768281519246
3.236473	0.4324902117653466	0.1726801850632279
3.246493	0.4268888543870532	0.17603602608543156
3.256513	0.4212975106394938	0.1815629106258879
3.266533	0.4157177143909906	0.18910039368102272
3.276553	0.4101509618459049	0.19844602773511316
3.286573	0.40459871137546094	0.20938121035108487
3.296593	0.3990623834008403	0.22169129026659554
3.306613	0.39354336032649134	0.23517822373820726
3.316633	0.3880429865215796	0.24966669484318005
3.326653	0.38256256834752705	0.2650056405029564
3.336673	0.3771033742295824	0.28106706883573007
3.346693	0.37166663477038686	0.2977435733808531
3.356713	0.36625354290351336	0.3149454258760678
3.366733	0.3608652540849755	0.33259773171339785
3.376754	0.355502886520737	0.35063787378278843
3.386774	0.3501675214282669	0.36901332125243713
3.396794	0.34486020333022904	0.3876798024711903
3.406814	0.33958194037841993	0.4065998062627714
3.416834	0.334333704706116	0.4257413640474412
3.426854	0.3291164328070149	0.445077064892928
3.436874	0.32393102593901213	0.4645832603105565
3.446894	0.31877835055108583	0.4842394220031026
3.456914	0.31365923873161566	0.5040276222059338
3.466934	0.3085744886765002	0.5239321120434224
3.476954	0.30352486517548777	0.5439389782239327
3.486974	0.29851110011518744	0.5640358624190225
3.496994	0.29353389299726546	0.5842117309102113
3.507014	0.2885939114703928	0.6044566846627297
3.517034	0.28369179187455196	0.6247618020218212
3.527054	0.27882813979636745	0.6451190078310239
3.537074	0.2740035306341671	0.6655209640338094
3.547094	0.2692185101715354	0.685960977813114
3.557114	0.26447359515817614	0.7064329241061283
3.567134	0.2597692738969374	0.7269311799500958
3.577154	0.2551060068359151	0.747450568604627
3.587174	0.2504842271645914	0.767986311785226
3.597194	0.2459043414130184	0.7885339886529414
3.607214	0.24136673005309775	0.8090895004533002
3.617234	0.23687174810106204	0.8296490398969495
3.627255	0.2324197257203056	0.8502090645350733
3.637275	0.22801096882375255	0.8707662735125586
3.647295	0.22364575967500663	0.8913175871873944
3.657315	0.219324357487555	0.9118601291907266
3.667335	0.2150469990213555	0.9323912105722826
3.677355	0.2108138991761636	0.9529083157335949
3.687375	0.20662525158100406	0.9734090898989359
3.697395	0.20248122917922928	0.9938913279131619
3.707415	0.19838198480864352	1.014352964188183
3.717435	0.19432765177620337	1.0347920636468897
3.727455	0.1903183444268499	1.0552068135359203
3.737475	0.18635415870605254	1.0755955159975743
3.747495	0.18243517271568072	1.0959565813070438
3.757515	0.17856144726285406	1.1162885216944942
3.767535	0.17473302640144506	1.1365899456827986
3.777555	0.1709499379659442	1.1568595528812662
3.787575	0.16721219409742036	1.1770961291838342
3.797595	0.16351979176133757	1.1972985423270457
3.807615	0.15987271325701446	1.2174657377690496
3.817635	0.15627092671854123	1.2375967348558483
3.827655	0.1527143866069829	1.2576906232453682
3.837675	0.14920303419372713	1.2777465595635826
3.847695	0.14573679803485567	1.297763764270141
3.857715	0.14231559443643557	1.3177415187136612
3.867735	0.13893932791064575	1.3376791623592628
3.877756	0.13560789162267053	1.3575760901729395
3.887776	0.13232116782832024	1.377431750149156
3.897796	0.12907902830233423	1.397245640969636
3.907816	0.12588133475735608	1.4170173097826124
3.917836	0.12272793925357739	1.436746350093032
3.927856	0.11961868459905378	1.4564323997552049
3.937876	0.11655340474072197	1.476075139060314
3.947896	0.1135319251461503	1.4956742889119796
3.957916	0.11055406317606244	1.5152296090837691
3.967936	0.1076196284476991	1.534740896553153
3.977956	0.10472842318907045	1.554207983906959
3.987976	0.10188024258418191	1.5736307378138388
3.997996	0.09907487510931136	1.593009057559679
4.008016	0.09631210286042362	1.6123428736422827
4.018036	0.09359170187182553	1.6316321464219543
4.028056	0.09091344242615203	1.650876864824924
4.038076	0.08827708935580243	1.6700770450968165
4.048096	0.08568240233593437	1.6892327296035832
4.058116	0.08312913616913283	1.7083439856775446
4.068136	0.08061704106187602	1.72741090450636
4.078156	0.0781458628929248	1.7464336000629257
4.088176	0.07571534347376677	1.7654122080743135
4.098196	0.07332522080124139	1.7843468850280553
4.108216	0.0709752293024854	1.8032378072141473
4.118236	0.0686651000723312	1.8220851698012779
4.128257	0.06639456110330212	1.8408891859458794
4.138277	0.06416333750833719	1.8596500859327
4.148297	0.06197115173639461	1.8783681163456487
4.158317	0.0598177237810671	1.8970435392677814
4.168337	0.05770277138236145	1.9156766315092983
4.178357	0.05562601022177745	1.9342676838625619
4.188377	0.053587154110831675	1.9528170003831382
4.198397	0.0515859151731728	1.9713248976959372
4.208417	0.04962200402042687	1.9897917043255793
4.218437	0.04769512992191505	2.008217760050152
4.228457	0.045805000968391206	2.026603415277562
4.238477	0.04395132422993053	2.044949030443708
4.248497	0.0421338059081198	2.063254975431778
4.258517	0.04035215148268069	2.0815216290119483
4.268537	0.03860606585266476	2.0997493783008263
4.278557	0.03689525347236104	2.1179386182400095
4.288577	0.03521941848204342	2.136089751093129
4.298597	0.0335782648336995	2.154203185960811
4.308617	0.03197149641186475	2.1722793383129506
4.318637	0.030398817149695525	2.1903186295378
4.328657	0.028859931140410758	2.2083214865073
4.338677	0.027354542744222568	2.226288341158175
4.348697	0.02588235669088672	2.244219630088282
4.358717	0.0244430781779904	2.2621157941677525
4.368737	0.023036412965098008	2.279977278164452
4.378758	0.021662067463873703	2.2978045303833405
4.388778	0.020319748824301362	2.3155980023192604
4.398798	0.01900916501710423	2.333358148322785
4.408818	0.017730024912486424	2.3510854252786912
4.418838	0.016482038355305335	2.3687802922966714
4.428858	0.01526491623677081	2.3864432104139195
4.438878	0.014078370562795406	2.4040746423092028
4.448898	0.012922114519076142	2.4216750520280894
4.458918	0.011795862533032043	2.439244904718948
4.468938	0.010699330332674251	2.4567846663794306
4.478958	0.009632235002521621	2.474294803613072
4.488978	0.008594295036645199	2.4917757833957164
4.498998	0.007585230388941064	2.509228072851447
4.509018	0.006604762520716699	2.5266521390377332
4.519038	0.005652614445679697	2.5440484487395003
4.529058	0.004728510772416015	2.561417468271833
4.539078	0.0038321777444406263	2.578759663291056
4.549098	0.002963343277900035	2.5960754986139136
4.559118	0.0021217369970084714	2.6133654380445934
4.569138	0.001307090267298152	2.6306299442093453
4.579158	0.0005191362267474743	2.647869478398453
4.589178	-0.00024239018512171108	2.6650845004153165
4.599198	-0.000977752200123447	2.682275468432426
4.609218	-0.001687211196182232	2.69944283885399
4.619238	-0.002371026673941482	2.716587066185016
4.629259	-0.0030294562351349252	2.7337086029066193
4.639279	-0.0036627555626632755	2.7508078993573686
4.649299	-0.004271178402304405	2.7678854036204585
4.659319	-0.004854976546009786	2.7849415614165207
4.669339	-0.005414399816713798	2.8019768160018956
4.679359	-0.0059496960546078495	2.818991608072153
4.689379	-0.006461111104823399	2.835986375670727
4.699399	-0.006948888806464799	2.8529615541024573
4.709419	-0.007413270982944156	2.869917575851891
4.719439	-0.007854497433567243	2.886854870506177
4.729459	-0.008272805926316807	2.9037738646823836
4.739479	-0.008668432191792487	2.9206749819591256
4.749499	-0.009041609918252912	2.93755864281229
4.759519	-0.00939257074772152	2.9544252645547804
4.769539	-0.009721544273110758	2.9712752612800997
4.779559	-0.010028758036318985	2.9881090438096516
4.789579	-0.010314437527265238	3.0049270196436266
4.799599	-0.01057880618381603	3.0217295929153436
4.809619	-0.010822085392570494	3.0385171643489226
4.819639	-0.011044494490462922	3.055290131220181
4.829659	-0.011246250767153855	3.0720488873206064
4.839679	-0.011427569468161354	3.0887938229243357
4.849699	-0.011588663798715244	3.1055253247579926
4.859719	-0.011729744928288266	3.1222437759733004
4.869739	-0.011851021995781665	3.1389495561223577
4.87976	-0.011952702115328477	3.15564304113548
4.88978	-0.012034990382688215	3.172324603301511
4.8998	-0.012098089882206611	3.1889946112505054
4.90982	-0.012142201694306111	3.2056534299386974
4.91984	-0.012167524903488627	3.222301420635667
4.92986	-0.012174256606817745	3.2389389409136133
4.93988	-0.012162591922862027	3.2555663446386576
4.9499	-0.012132724001069512	3.27218398196409
4.95992	-0.01208484403155495	3.2887921993254987
4.96994	-0.012019141255275773	3.30539133943767
4.97996	-0.011935802974573723	3.321981741293235
4.98998	-0.01183501456406551	3.3385637401629533
5.0	-0.01171695948185746	3.355137667597584
