0.0	0.07110690541708004
0.004008	0.06661465821326966
0.008016	0.06326141721976203
0.012024	0.060872094683662954
0.016032	0.05930476088360149
0.02004	0.058443924970587854
0.024048	0.058194942054523
0.028056	0.058479398241919694
0.032064	0.05923134030259504
0.036072	0.060394230626495696
0.04008	0.06191852111743651
0.044088	0.06375975166538815
0.048096	0.06587708986290015
0.052104	0.06823223871423727
0.056112	0.07078864826549026
0.06012	0.07351097540362203
0.064128	0.07636474357939023
0.068136	0.07931616095311154
0.072144	0.0823320614943423
0.076152	0.0853799389380955
0.08016	0.0884280482620314
0.084168	0.0914455535508558
0.088176	0.09440270480400226
0.092184	0.09727102946662665
0.096192	0.10002352726578748
0.1002	0.10263485935474598
0.104208	0.10508152484734429
0.108216	0.10734201959752959
0.112224	0.10939697357977679
0.116232	0.11122926448531778
0.12024	0.11282410619507481
0.124248	0.11416911164894215
0.128257	0.11525433032615072
0.132265	0.11607226110425731
0.136273	0.11661784169410684
0.140281	0.11688841617224896
0.144289	0.11688368236625614
0.148297	0.11660562100600576
0.152305	0.11605840864751349
0.156313	0.11524831641617303
0.160321	0.1141835966127924
0.164329	0.11287435918695841
0.168337	0.11133244001526936
0.172345	0.10957126283313923
0.176353	0.10760569656361056
0.180361	0.105451909669547
0.184369	0.10312722303064456
0.188377	0.100649962717215
0.192385	0.09803931390141649
0.196393	0.09531517701581661
0.200401	0.09249802714072569
0.204409	0.08960877747711478
0.208417	0.08666864764230074
0.212425	0.08369903741181894
0.216433	0.08072140642366189
0.220441	0.07775716026078061
0.224449	0.0748275432346941
0.228457	0.07195353810735805
0.232465	0.0691557729101103
0.236473	0.06645443494744648
0.240481	0.06386919200941064
0.244489	0.061419120759276934
0.248497	0.059122642212663806
0.252505	0.05699746417994152
0.256513	0.05506053050541568
0.260521	0.053327976903931824
0.264529	0.051815093167871
0.268537	0.050536291494615644
0.272545	0.049505080666082175
0.276553	0.048734045797470205
0.280561	0.04823483336160632
0.284569	0.04801814118781475
0.288577	0.04809371312979197
0.292585	0.04847033809517979
0.296593	0.04915585313011851
0.300601	0.05015715025473623
0.304609	0.05148018675002447
0.308617	0.05312999860261835
0.312625	0.055110716821410985
0.316633	0.0574255863484759
0.320641	0.06007698729625356
0.324649	0.06306645825320163
0.328657	0.0663947214109523
0.332665	0.07006170927731759
0.336673	0.07406659275110532
0.340681	0.07840781034653553
0.344689	0.08308309836697528
0.348697	0.08808952183965038
0.352705	0.09342350603485734
0.356713	0.09908086840492555
0.360721	0.10505685078970167
0.364729	0.11134615174659575
0.368737	0.11794295887419824
0.372745	0.12484098100911044
0.376754	0.13203348018590114
0.380762	0.13951330325998254
0.38477	0.1472729131026734
0.388778	0.15530441928677235
0.392786	0.1635996081895887
0.396794	0.17214997244857405
0.400802	0.18094673971245093
0.40481	0.18998090063806208
0.408818	0.19924323609005534
0.412826	0.20872434350699104
0.416834	0.21841466240351387
0.420842	0.2283044989838813
0.42485	0.23838404984739717
0.428858	0.2486434247711735
0.432866	0.25907266856014993
0.436874	0.2696617819584514
0.440882	0.28040074161997824
0.44489	0.29127951913960476
0.448898	0.30228809914954613
0.452906	0.31341649648832703
0.456914	0.3246547724523914
0.460922	0.3359930501427282
0.46493	0.3474215289209727
0.468938	0.3589304979912967
0.472946	0.37051034912602643
0.476954	0.38215158855435316
0.480962	0.39384484803472725
0.48497	0.4055808951325738
0.488978	0.4173506427258487
0.492986	0.42914515776167683
0.496994	0.44095566928788893
0.501002	0.452773575783727
0.50501	0.4645904518143016
0.509018	0.4763980540336008
0.513026	0.4881883265609544
0.517034	0.4999534057558704
0.521042	0.51168562441609
0.52505	0.5233775154235546
0.529058	0.5350218148627628
0.533066	0.5466114646357112
0.537074	0.5581396145972769
0.541082	0.5695996242345123
0.54509	0.5809850639128954
0.549098	0.5922897157121065
0.553106	0.6035075738734065
0.557114	0.61463284488016
0.561122	0.6256599471924955
0.56513	0.6365835106565219
0.569138	0.6473983756079368
0.573146	0.6580995916892524
0.577154	0.6686824163992682
0.581162	0.6791423133927932
0.58517	0.6894749505480056
0.589178	0.6996761978182167
0.593186	0.7097421248841842
0.597194	0.7196689986225043
0.601202	0.729453280404999
0.60521	0.7390916232434068
0.609218	0.7485808687930889
0.613226	0.7579180442288699
0.617234	0.7671003590055542
0.621242	0.7761252015150871
0.625251	0.7849901356517751
0.629259	0.7936928972964313
0.633267	0.8022313907297822
0.637275	0.8106036849849512
0.641283	0.8188080101483306
0.645291	0.8268427536176637
0.649299	0.8347064563256795
0.653307	0.8423978089371644
0.657315	0.8499156480269074
0.661323	0.8572589522455224
0.665331	0.8644268384797346
0.669339	0.8714185580133169
0.673347	0.8782334926944747
0.677355	0.8848711511150984
0.681363	0.891331164806956
0.685371	0.8976132844595416
0.689379	0.9037173761639736
0.693387	0.9096434176870133
0.697395	0.9153914947789766
0.701403	0.9209617975190193
0.705411	0.9263546167009955
0.709419	0.9315703402628311
0.713427	0.936609449762096
0.717435	0.9414725169002199
0.721443	0.946160200097568
0.725451	0.9506732411213753
0.729459	0.9550124617683303
0.733467	0.9591787606034031
0.737475	0.9631731097563263
0.741483	0.9669965517769631
0.745491	0.9706501965506266
0.749499	0.9741352182742599
0.753507	0.9774528524942366
0.757515	0.9806043932064011
0.761523	0.9835911900188361
0.765531	0.9864146453777222
0.769539	0.9890762118565356
0.773547	0.9915773895087221
0.777555	0.9939197232838831
0.781563	0.9961048005074136
0.785571	0.9981342484234434
0.789579	1.0000097318008487
0.793587	1.0017329506020232
0.797595	1.003305637714031
0.801603	1.0047295567416883
0.805611	1.0060064998620684
0.809619	1.007138285739863
0.813627	1.0081267575029813
0.817635	1.0089737807777213
0.821643	1.0096812417828058
0.825651	1.0102510454815317
0.829659	1.0106851137912505
0.833667	1.0109853838493623
0.837675	1.0111538063349768
0.841683	1.0111923438453694
0.845691	1.0111029693263398
0.849699	1.010887664555557
0.853707	1.0105484186779574
0.857715	1.010087226792253
0.861723	1.0095060885875864
0.865731	1.008807007029366
0.869739	1.0079919870933016
0.873747	1.0070630345466585
0.877756	1.006022154775739
0.881764	1.0048713516586036
0.885772	1.003612626482037
0.88978	1.0022479769017683
0.893788	1.0007793959449556
0.897796	0.9992088710539492
0.901804	0.9975383831703483
0.905812	0.9957699058583763
0.90982	0.9939054044666048
0.913828	0.9919468353270597
0.917836	0.9898961449907595
0.921844	0.9877552694987352
0.925852	0.9855261336875996
0.92986	0.9832106505287381
0.933868	0.9808107205002086
0.937876	0.9783282309904456
0.941884	0.9757650557328815
0.945892	0.9731230542706031
0.9499	0.9704040714501814
0.953908	0.9676099369438232
0.957916	0.9647424647990052
0.961924	0.9618034530147666
0.965932	0.9587946831438537
0.96994	0.9557179199199178
0.973948	0.9525749109089863
0.977956	0.949367386184443
0.981964	0.9460970580247641
0.985972	0.9427656206332741
0.98998	0.9393747498792006
0.993988	0.9359261030593211
0.997996	0.9324213186795087
1.002004	0.9288620162555028
1.006012	0.9252497961322388
1.01002	0.9215862393210936
1.014028	0.9178729073544117
1.018036	0.9141113421566944
1.022044	0.9103030659318496
1.026052	0.9064495810659123
1.03006	0.9025523700446622
1.034068	0.8986128953855748
1.038076	0.8946325995835647
1.042084	0.890612905069982
1.046092	0.8865552141843477
1.0501	0.8824609091583187
1.054108	0.8783313521113926
1.058116	0.8741678850578717
1.062124	0.869971829924619
1.066132	0.8657444885791538
1.07014	0.8614871428676452
1.074148	0.8572010546623732
1.078156	0.8528874659182433
1.082164	0.8485475987379456
1.086172	0.8441826554453689
1.09018	0.8397938186668847
1.094188	0.8353822514201329
1.098196	0.8309490972099467
1.102204	0.8264954801310702
1.106212	0.8220225049773286
1.11022	0.8175312573569241
1.114228	0.8130228038135376
1.118236	0.8084981919529317
1.122244	0.8039584505747519
1.126253	0.7994045898092417
1.130261	0.7948376012585885
1.134269	0.7902584581426317
1.138277	0.7856681154486718
1.142285	0.7810675100851244
1.146293	0.7764575610387786
1.150301	0.7718391695354196
1.154309	0.7672132192035906
1.158317	0.7625805762412702
1.162325	0.7579420895852553
1.166333	0.7532985910830428
1.170341	0.7486508956670104
1.174349	0.7439998015307097
1.178357	0.7393460903070825
1.182365	0.7346905272484261
1.186373	0.7300338614079354
1.190381	0.7253768258226576
1.194389	0.7207201376977012
1.198397	0.7160644985915453
1.202405	0.7114105946023066
1.206413	0.706759096554818
1.210421	0.7021106601883876
1.214429	0.6974659263451073
1.218437	0.6928255211585839
1.222445	0.6881900562429764
1.226453	0.683560128882223
1.230461	0.6789363222193471
1.234469	0.6743192054457394
1.238477	0.669709333990313
1.242485	0.6651072497084353
1.246493	0.6605134810705469
1.250501	0.6559285433503759
1.254509	0.6513529388126658
1.258517	0.6467871569003363
1.262525	0.6422316744209994
1.266533	0.6376869557327601
1.270541	0.6331534529292294
1.274549	0.6286316060236865
1.278557	0.6241218431323244
1.282565	0.6196245806565231
1.286573	0.61514022346409
1.290581	0.6106691650694167
1.294589	0.6062117878125006
1.298597	0.6017684630367838
1.302605	0.597339551265763
1.306613	0.5929254023783298
1.310621	0.5885263557827998
1.314629	0.5841427405895931
1.318637	0.579774875782532
1.322645	0.5754230703887204
1.326653	0.571087623646978
1.330661	0.5667688251747958
1.334669	0.5624669551337903
1.338677	0.5581822843936285
1.342685	0.5539150746944035
1.346693	0.5496655788074375
1.350701	0.5454340406944934
1.354709	0.5412206956653781
1.358717	0.5370257705339203
1.362725	0.53284948377231
1.366733	0.5286920456637839
1.370741	0.5245536584536485
1.374749	0.520434516498628
1.378758	0.5163348064145294
1.382766	0.5122547072222174
1.386774	0.5081943904918919
1.390782	0.5041540204856633
1.39479	0.5001337542984222
1.398798	0.4961337419969996
1.402806	0.49215412675761533
1.406814	0.48819504500161565
1.410822	0.4842566265294977
1.41483	0.4803389946532232
1.418838	0.47644226632682285
1.422846	0.4725665522752932
1.426854	0.468711957121791
1.430862	0.4648785795131272
1.43487	0.4610665122435672
1.438878	0.45727584237694174
1.442886	0.45350665136707485
1.446894	0.44975901517653644
1.450902	0.4460330043937254
1.45491	0.44232868434829276
1.458918	0.4386461152249123
1.462926	0.43498535217540824
1.466934	0.4313464454292487
1.470942	0.42772944040241606
1.47495	0.42413437780466323
1.478958	0.4205612937451675
1.482966	0.4170102198365928
1.486974	0.41348118329757166
1.490982	0.40997420705361887
1.49499	0.40648930983648907
1.498998	0.40302650628199055
1.503006	0.39958580702626784
1.507014	0.39616721880056627
1.511022	0.39277074452449146
1.51503	0.3893963833977775
1.519038	0.3860441309905771
1.523046	0.3827139793322874
1.527054	0.379405916998926
1.531062	0.3761199291990706
1.53507	0.3728559978583773
1.539078	0.3696141017026913
1.543086	0.36639421633976427
1.547094	0.3631963143395948
1.551102	0.36002036531340437
1.55511	0.3568663359912645
1.559118	0.3537341902983907
1.563126	0.3506238894301172
1.567134	0.3475353919255677
1.571142	0.3444686537400372
1.57515	0.3414236283161
1.579158	0.3384002666534586
1.583166	0.3353985173775492
1.587174	0.33241832680691824
1.591182	0.32945963901938496
1.59519	0.32652239591700605
1.599198	0.3236065372898561
1.603206	0.3207120008786396
1.607214	0.3178387224361494
1.611222	0.3149866357875864
1.61523	0.3121556728897554
1.619238	0.3093457638891517
1.623246	0.306556837178954
1.627255	0.3037888194549372
1.631263	0.30104163577032045
1.635271	0.29831520958956503
1.639279	0.29560946284113626
1.643287	0.29292431596924373
1.647295	0.2902596879845748
1.651303	0.2876154965140349
1.655311	0.2849916578495092
1.659319	0.2823880869956596
1.663327	0.2798046977167707
1.667335	0.2772414025826594
1.671343	0.27469811301366054
1.675351	0.2721747393247038
1.679359	0.26967119076849416
1.683367	0.26718737557780964
1.687375	0.26472320100693014
1.691383	0.26227857337220994
1.695391	0.2598533980918072
1.699399	0.2574475797245833
1.703407	0.2550610220081853
1.707415	0.2526936278963231
1.711423	0.25034529959525553
1.715431	0.2480159385994965
1.719439	0.2457054457267538
1.723447	0.2434137211521134
1.727455	0.24114066444148077
1.731463	0.23888617458429098
1.735471	0.23665015002550027
1.739479	0.2344324886968698
1.743487	0.2322330880475539
1.747495	0.23005184507400395
1.751503	0.2278886563491986
1.755511	0.22574341805121365
1.759519	0.2236160259911394
1.763527	0.22150637564035924
1.767535	0.2194143621571988
1.771543	0.2173398804129568
1.775551	0.21528282501732768
1.779559	0.21324309034322747
1.783567	0.2112205705510318
1.787575	0.20921515961223708
1.791583	0.20722675133255486
1.795591	0.2052552393744488
1.799599	0.20330051727912446
1.803607	0.2013624784879811
1.807615	0.1994410163635357
1.811623	0.1975360242098276
1.815631	0.19564739529231412
1.819639	0.19377502285726528
1.823647	0.1919188001506674
1.827655	0.190078620436644
1.831663	0.18825437701540304
1.835671	0.18644596324071894
1.839679	0.18465327253695804
1.843687	0.18287619841565586
1.847695	0.18111463449165438
1.851703	0.17936847449880783
1.855711	0.17763761230526431
1.859719	0.17592194192833224
1.863727	0.17422135754893828
1.867735	0.1725357535256855
1.871743	0.1708650244085186
1.875752	0.16920906495200405
1.87976	0.16756777012823248
1.883768	0.1659410351393505
1.887776	0.164328755429729
1.891784	0.1627308266977754
1.895792	0.16114714490739615
1.8998	0.1595776062991168
1.903808	0.15802210740086622
1.907816	0.15648054503843156
1.911824	0.15495281634559036
1.915832	0.1534388187739264
1.91984	0.15193845010233578
1.923848	0.1504516084462287
1.927856	0.14897819226643416
1.931864	0.1475181003778124
1.935872	0.14607123195758218
1.93988	0.1446374865533677
1.943888	0.14321676409097156
1.947896	0.1418089648818792
1.951904	0.14041398963050036
1.955912	0.13903173944115257
1.95992	0.1376621158247935
1.963928	0.1363050207055053
1.967936	0.13496035642673793
1.971944	0.13362802575731572
1.975952	0.13230793189721246
1.97996	0.13099997848309963
1.983968	0.1297040695936732
1.987976	0.12842010975476315
1.991984	0.12714800394423081
1.995992	0.12588765759665865
2.0	0.12463897660783657
