0.0	0.6033283821609479	0.02399133156548829
0.004008	0.5849498476829044	0.023986177349076522
0.008016	0.5707404423480044	0.023638880914776953
0.012024	0.5616887249481678	0.022887658057497512
0.016032	0.5587815386710421	0.021674983560950618
0.02004	0.5629331376096518	0.019953182084182168
0.024048	0.5749008121420928	0.017690855968580384
0.028056	0.595195866131806	0.014879779819063013
0.032064	0.6240030158084915	0.011542734263518477
0.036072	0.6611234242126147	0.007749240774393347
0.04008	0.7059551108587504	0.003722578836680421
0.044088	0.7575188060494229	0.002303336938905461
0.048096	0.8145284823422712	0.00648002262543904
0.052104	0.8754963360100679	0.01127824621926445
0.056112	0.9388549883107419	0.016105080379248345
0.06012	1.0030773442926526	0.020794112691354633
0.064128	1.0667772464978797	0.02522958397491887
0.068136	1.1287803058178925	0.029322204927636646
0.072144	1.1881616491112266	0.03300543650274475
0.076152	1.24425356974367	0.036233448967037424
0.08016	1.2966299506916	0.038978548974343157
0.084168	1.3450756905889845	0.0412280879028586
0.088176	1.3895487882883202	0.042981225183856685
0.092184	1.4301410861140524	0.044245888533799786
0.096192	1.4670416962577029	0.04503615240132503
0.1002	1.500505339821478	0.04537013691558082
0.104208	1.5308264495617019	0.04526844068711048
0.108216	1.5583189679955365	0.04475306622839569
0.112224	1.5833012481737623	0.04384677119840275
0.116232	1.6060852320304935	0.042572774454935604
0.12024	1.6269690393032552	0.040954756619876444
0.124248	1.646232166895786	0.03901711719687876
0.128257	1.6641326165178048	0.036785485296456887
0.132265	1.680905400875845	0.034287536490312104
0.136273	1.6967620048822079	0.03155426428957006
0.140281	1.7118904882838937	0.028622037304769022
0.144289	1.726456006360585	0.025536147800218165
0.148297	1.7406015961311074	0.022357366784396718
0.152305	1.7544491288495379	0.01917479354045216
0.156313	1.7681003681378706	0.016131838651408492
0.160321	1.7816380996315302	0.013475954619275822
0.164329	1.7951273150349685	0.011623249598862894
0.168337	1.8086164432142258	0.011101577244197938
0.172345	1.8221386252888303	0.012151537560506596
0.176353	1.8357130312307834	0.014457923529409921
0.180361	1.8493462135782563	0.017524050669532876
0.184369	1.86303349063865	0.020991200458902966
0.188377	1.8767603478885826	0.024648133308020913
0.192385	1.8905038428725478	0.02836972665953476
0.196393	1.9042339962573085	0.03207601080861623
0.200401	1.9179151501294	0.035711308667056164
0.204409	1.931507274271218	0.03923398498782486
0.208417	1.9449672020104438	0.042611279297928004
0.212425	1.9582497791808124	0.04581658762001546
0.216433	1.9713089125447207	0.048827960288153435
0.220441	1.9840985074431374	0.05162722365208707
0.224449	1.9965732881705527	0.054199430435174924
0.228457	2.008689498348338	0.05653248637865419
0.232465	2.0204054821490294	0.05861687247816332
0.236473	2.0316821504162106	0.0604454195437019
0.240481	2.0424833383964613	0.062013112037317554
0.244489	2.0527760638753185	0.0633169093514427
0.248497	2.062530695965405	0.06435557898663911
0.252505	2.071721045652993	0.06512953961521957
0.256513	2.080324389524103	0.06564071394795945
0.260521	2.0883214379402153	0.06589239232339575
0.264529	2.095696258406409	0.0658891084122173
0.268537	2.1024361640641254	0.06563652862305669
0.272545	2.1085315762361603	0.06514135687609371
0.276553	2.1139758688336627	0.0644112564952701
0.280561	2.118765201273122	0.06345479115193398
0.284569	2.12289834540184	0.06228138715800718
0.288577	2.126376510836505	0.06090132004735835
0.292585	2.1292031721121183	0.05932572941343225
0.296593	2.1313839001379025	0.057566667541983564
0.300601	2.1329261996737947	0.055637189704150075
0.304609	2.133839353879331	0.05355149736123593
0.308617	2.134134276443946	0.051325150405306275
0.312625	2.133823371377744	0.04897537149550675
0.316633	2.132920400215486	0.04652147526277564
0.320641	2.1314403561530995	0.04398546835059728
0.324649	2.1293993444837853	0.04139288311086684
0.328657	2.1268144686178396	0.0387739264375354
0.332665	2.123703720945025	0.03616503805739926
0.336673	2.120085877819658	0.033610937476630985
0.340681	2.1159803980062346	0.031167141553597056
0.344689	2.1114073240080637	0.028902642397315572
0.348697	2.1063871858046292	0.026901766465992207
0.352705	2.1009409066378195	0.025263063935030642
0.356713	2.0950897106063495	0.02409184392802919
0.360721	2.088855031946147	0.02348356777896058
0.364729	2.0822584259875896	0.023500534990946936
0.368737	2.0753214818845263	0.02415275109581311
0.372745	2.0680657373021396	0.025395726039740073
0.376754	2.0605125953286163	0.027146691199152577
0.380762	2.0526832439380125	0.029307817485604782
0.38477	2.0445985783776783	0.031784424839200714
0.388778	2.036279126883062	0.03449418771444472
0.392786	2.0277449801358833	0.03736943194227731
0.396794	2.019015724879409	0.04035590803022237
0.400802	2.0101103820880195	0.04341039513159065
0.40481	2.001047350058955	0.046498285675161635
0.408818	1.991844352753786	0.04959155993280506
0.412826	1.9825183936677195	0.052667216640730125
0.416834	1.9730857154482941	0.05570610113090929
0.420842	1.9635617654234008	0.058692044320194196
0.42485	1.9539611671338961	0.06161123307522079
0.428858	1.9442976979002207	0.06445174883915036
0.432866	1.934584272387211	0.06720322742173662
0.436874	1.9248329320682627	0.06985660581450973
0.440882	1.915054840430555	0.07240393160681774
0.44489	1.9052602837083354	0.07483821760506568
0.448898	1.8954586768822097	0.07715332925827671
0.452906	1.885658574639663	0.07934389603074642
0.456914	1.8758676869561157	0.08140524036465863
0.460922	1.8660928989268921	0.08333331965074328
0.46493	1.8563402944586267	0.08512467789095149
0.468938	1.8466151834136597	0.08677640464524645
0.472946	1.836922131792629	0.08828609951026563
0.476954	1.8272649945382746	0.08965184085396966
0.480962	1.8176469505469801	0.0908721578785841
0.48497	1.8080705394831147	0.09194600534003762
0.488978	1.7985377000042446	0.09287274044113238
0.492986	1.7890498090220517	0.09365210155598956
0.496994	1.7796077216436568	0.09428418854794757
0.501002	1.770211811460398	0.09476944452162996
0.50501	1.7608620108752717	0.09510863890931878
0.509018	1.7515578511856882	0.09530285183736656
0.513026	1.742298502164344	0.09535345975412912
0.517034	1.7330828109074257	0.09526212232990461
0.521042	1.7239093397456	0.0950307706641142
0.52505	1.7147764030389574	0.09466159685745781
0.529058	1.7056821027019613	0.09415704502882195
0.533066	1.6966243623282602	0.09351980387984785
0.537074	1.6876009598077848	0.09275280093585549
0.541082	1.6786095583496765	0.09185919862176394
0.54509	1.6696477358442599	0.09084239236745408
0.549098	1.6607130125153493	0.0897060109805016
0.553106	1.651802876830706	0.08845391957753508
0.557114	1.6429148096533959	0.08709022543116067
0.561122	1.6340463066302204	0.08561928717044164
0.56513	1.6251948988253127	0.08404572787294014
0.569138	1.6163581716175033	0.08237445270954785
0.573146	1.6075337818892421	0.08061067195475569
0.577154	1.59871947354278	0.07875993036021062
0.581162	1.5899130913860937	0.07682814411444122
0.58517	1.5811125934367432	0.07482164688227314
0.589178	1.5723160616965952	0.0727472467380051
0.593186	1.5635217114542153	0.07061229617727788
0.597194	1.5547278991748106	0.06842477780576886
0.601202	1.5459331290400025	0.06619340873438784
0.60521	1.5371360582014573	0.06392776710743957
0.609218	1.5283355008136366	0.06163844444840384
0.613226	1.5195304309116646	0.059337227438771935
0.617234	1.5107199842006371	0.05703731202274587
0.621242	1.5019034588226698	0.054753550817410616
0.625251	1.4930803151676284	0.052502730862904745
0.629259	1.4842501747928876	0.05030387153617182
0.633267	1.4754128185166149	0.048178520335453154
0.637275	1.4665681837480504	0.046151005405096854
0.641283	1.4577163611170485	0.04424857690736892
0.645291	1.4488575904638077	0.04250133587597019
0.649299	1.4399922562482537	0.040941815832305835
0.653307	1.4311208824369688	0.039604065658016815
0.657315	1.422244126923909	0.03852210984327176
0.661323	1.4133627755394151	0.03772776636834679
0.665331	1.4044777357002287	0.037247996195358235
0.669339	1.3955900297513615	0.03710220060197258
0.673347	1.3867007880487616	0.03730006158044483
0.677355	1.3778112418297754	0.03784049955617979
0.681363	1.368922715916402	0.03871204751730518
0.685371	1.360036621294327	0.039894517848811865
0.689379	1.3511544476086648	0.0413614811252943
0.693387	1.342277755615269	0.043082948197454236
0.697395	1.3334081696243723	0.04502775470212017
0.701403	1.3245473699712194	0.047165374591559873
0.705411	1.3156970855462307	0.04946710710371863
0.709419	1.306859086415122	0.05190672089400895
0.713427	1.2980351765572817	0.054460694894440276
0.717435	1.2892271867485965	0.05710819486184957
0.721443	1.280436967612816	0.05983089761339839
0.725451	1.271666382863459	0.0626127421448796
0.729459	1.2629173027562104	0.06543965825515871
0.733467	1.2541915977697242	0.06829930205231331
0.737475	1.2454911325307467	0.07118081343190552
0.741483	1.2368177599975305	0.07407460173551864
0.745491	1.2281733159135888	0.07697216066890682
0.749499	1.2195596135419915	0.07986591085081386
0.753507	1.2109784386885993	0.08274906712596722
0.757515	1.2024315450209004	0.08561552738203093
0.761523	1.1939206496874302	0.08845977966858963
0.765531	1.1854474292411739	0.09127682469252588
0.769539	1.177013515868806	0.09406211112481211
0.773547	1.1686204939261822	0.09681148152655183
0.777555	1.1602698967791365	0.09952112705103948
0.781563	1.1519632039473355	0.10218754938827357
0.785571	1.1437018385477613	0.10480752868457673
0.789579	1.135487165033263	0.10737809639429917
0.793587	1.1273204872206046	0.10989651220719057
0.797595	1.1192030466014833	0.11236024434894823
0.801603	1.1111360209291485	0.11476695267874966
0.805611	1.10312052307248	0.11711447411090507
0.809619	1.095157600128698	0.11940080997213712
0.813627	1.0872482327852875	0.12162411497488756
0.817635	1.079393334921187	0.12378268754329602
0.821643	1.071593753436864	0.12587496127448367
0.825651	1.0638502683025295	0.1278994973554036
0.829659	1.0561635928134514	0.1298549777863757
0.833667	1.0485343740411126	0.1317401992877726
0.837675	1.0409631934687948	0.13355406778717885
0.841683	1.0334505678000871	0.1352955934015417
0.845691	1.0259969499287753	0.13696388584306288
0.849699	1.018602730058598	0.13855815018933573
0.853707	1.0112682369614243	0.14007768296800913
0.857715	1.0039937393625242	0.1415218685143778
0.861723	0.9967794474417762	0.14289017556705727
0.865731	0.9896255144398465	0.14418215407254223
0.869739	0.9825320383586228	0.14539743217416354
0.873747	0.9754990637454459	0.1465357133648945
0.877756	0.9685265835509851	0.1475967737867639
0.881764	0.9616145410509244	0.14858045966240277
0.885772	0.9547628318219631	0.1494866848465763
0.88978	0.9479713057630009	0.15031542848750734
0.893788	0.9412397691527469	0.1510667327894448
0.897796	0.9345679867353783	0.15174070086931457
0.901804	0.9279556838262707	0.15233749470145952
0.905812	0.9214025484302165	0.15285733314546834
0.90982	0.914908233364958	0.1533004900529231
0.913828	0.9084723583832616	0.15366729244961477
0.917836	0.9020945122871655	0.15395811879038038
0.921844	0.8957742550284354	0.15417339728423535
0.925852	0.8895111197896584	0.15431360428793334
0.92986	0.8833046150407978	0.15437926276647246
0.933868	0.8771542265664168	0.15437094081942426
0.937876	0.8710594194591522	0.15428925027227192
0.941884	0.865019640075389	0.15413484533223587
0.945892	0.8590343179494411	0.15390842130833493
0.9499	0.8531028676628893	0.15361071339569135
0.953908	0.8472246906660632	0.15324249552434485
0.957916	0.8413991770489704	0.15280457927309596
0.961924	0.8356257072592924	0.1522978128491663
0.965932	0.8299036537653571	0.15172308013473812
0.96994	0.8242323826622836	0.1510812998017341
0.973948	0.8186112552197652	0.15037342449651586
0.977956	0.8130396293702136	0.14960044009652934
0.981964	0.8075168611362303	0.1487633650413087
0.985972	0.8020423059966042	0.14786324974067683
0.98998	0.796615320190249	0.14690117606345166
0.993988	0.7912352619577062	0.1458782569104984
0.997996	0.7859014927200236	0.14479563587656
1.002004	0.780613378195011	0.14365448700595693
1.006012	0.7753702894510337	0.14245601464800503
1.01002	0.7701716038986718	0.141201453418829
1.014028	0.7650167062207139	0.13989206827720246
1.018036	0.7599049892410933	0.13852915472311386
1.022044	0.7548358547334993	0.13711403912895767
1.026052	0.7498087141705155	0.1356480792146142
1.03006	0.744822989414238	0.13413266467921847
1.034068	0.73987811334943	0.13256921800415358
1.038076	0.7349735304603561	0.13095919544376725
1.042084	0.7301086973525164	0.1293040882225361
1.046092	0.7252830832205803	0.12760542395990385
1.0501	0.7204961702638799	0.12586476834686575
1.054108	0.7157474540508807	0.12408372710157176
1.058116	0.7110364438341025	0.12226394823484311
1.062124	0.7063626628170042	0.12040712466057704
1.066132	0.701725648374386	0.11851499719060445
1.07014	0.6971249522278951	0.11658935795872336
1.074148	0.6925601405782503	0.11463205432440239
1.078156	0.6880307941958189	0.11264499331307838
1.082164	0.6835365084711992	0.11063014665710881
1.086172	0.6790768934274751	0.10858955650928563
1.09018	0.6746515736958161	0.1065253419093804
1.094188	0.6702601884560976	0.10443970609341632
1.098196	0.6659023913442247	0.1023349447451176
1.102204	0.6615778503278278	0.10021345529908782
1.106212	0.6572862475520027	0.09807774741533637
1.11022	0.6530272791567491	0.09593045475428007
1.114228	0.6488006550677546	0.09377434818946125
1.118236	0.6446060987621512	0.0916123506007771
1.122244	0.6404433470108548	0.08944755339227327
1.126253	0.6363121495990772	0.08728323487316526
1.130261	0.6322122690265775	0.08512288062540939
1.134269	0.6281434801891886	0.08297020595139583
1.138277	0.6241055700431415	0.08082918044524771
1.142285	0.6200983372536595	0.07870405465298287
1.146293	0.6161215918292849	0.07659938867050854
1.150301	0.612175154743353	0.0745200823616708
1.154309	0.6082588575440031	0.07247140664657302
1.158317	0.6043725419540752	0.07045903499625528
1.162325	0.6005160594622095	0.06848907385599533
1.166333	0.5966892709064247	0.066568090190186
1.170341	0.5928920460514134	0.06470313368762515
1.174349	0.589124263160757	0.06290175039160999
1.178357	0.5853858085652134	0.061171983653571696
1.182365	0.581676576228205	0.05952235742010762
1.186373	0.5779964673095751	0.05796183607452848
1.190381	0.5743453897286548	0.056499754558908315
1.194389	0.5707232577276311	0.055145712570320526
1.198397	0.5671299914361686	0.053909427585034544
1.202405	0.5635655164381921	0.05280054365590333
1.206413	0.5600297633416976	0.051828396601410406
1.210421	0.5565226673524148	0.05100174137850951
1.214429	0.5530441678521014	0.05032845373335215
1.218437	0.5495942079822091	0.049815224781521346
1.222445	0.5461727342336166	0.04946727263917726
1.226453	0.5427796960430854	0.04928809804050935
1.230461	0.5394150453970514	0.049279309701375805
1.234469	0.5360787364433236	0.049440539467071914
1.238477	0.5327707251112241	0.0497694576206161
1.242485	0.5294909687406592	0.05026188689321282
1.246493	0.5262394257205755	0.0509120021648246
1.250501	0.5230160551372155	0.05171259393835845
1.254509	0.5198208164325492	0.052655368961906784
1.258517	0.5166536690732189	0.05373126120190053
1.262525	0.513514572230305	0.054930729964963565
1.266533	0.5104034844701769	0.05624402788677299
1.270541	0.5073203634566643	0.057661428187156166
1.274549	0.5042651656647492	0.05917340676649788
1.278557	0.501237846105947	0.06077077962225557
1.282565	0.49823835806551214	0.062444799420080056
1.286573	0.49526665285157573	0.0641872169479582
1.290581	0.4923226795562919	0.06599031390033124
1.294589	0.48940638482904164	0.06784691333210033
1.298597	0.4865177126617162	0.06975037351447394
1.302605	0.4836566041860769	0.07169457007264667
1.306613	0.4808229974831609	0.07367387036887495
1.310621	0.47801682740468293	0.0756831032245407
1.314629	0.4752380254063566	0.0777175263095775
1.318637	0.47248651939304004	0.07977279288944109
1.322645	0.46976223357558955	0.08184491910868699
1.326653	0.4670650883392861	0.0839302525942187
1.330661	0.46439500012368207	0.08602544286326404
1.334669	0.4617518813136977	0.08812741380295681
1.338677	0.4591356401417823	0.09023333833312085
1.342685	0.4565461806009415	0.09234061525681649
1.346693	0.45398340236841483	0.09444684823232737
1.350701	0.45144720073978	0.09654982675589141
1.354709	0.44893746657324646	0.0986475090191457
1.358717	0.4464540862438903	0.10073800649327858
1.362725	0.4439969416075746	0.10281957008902884
1.366733	0.44156590997429074	0.1048905777448446
1.370741	0.4391608640906472	0.10694952330247513
1.374749	0.43678167213122854	0.10899500653842732
1.378758	0.43442819769853996	0.11102572422998461
1.382766	0.43210029983124776	0.11304046214510234
1.386774	0.42979783302042446	0.11503808785597004
1.390782	0.4275206472335014	0.11701754428606215
1.39479	0.42526858794563194	0.1189778439098942
1.398798	0.4230414961781648	0.12091806353337645
1.402806	0.420839208543927	0.12283733959056695
1.406814	0.41866155729901733	0.12473486389978611
1.410822	0.41650837040080757	0.12660987982848992
1.41483	0.4143794715718547	0.12846167882204823
1.418838	0.41227468036942533	0.13028959725670528
1.422846	0.4101938122603378	0.13209301358154826
1.426854	0.40813667870082754	0.1338713457183473
1.430862	0.40610308722114985	0.13562404869169578
1.43487	0.40409284151462915	0.13735061246504082
1.438878	0.40210574153087714	0.139050559960973
1.442886	0.4001415835729003	0.140723445246605
1.446894	0.3982001603978232	0.14236885186704007
1.450902	0.3962812613209619	0.14398639131183932
1.45491	0.3943846723229829	0.14557570160109085
1.458918	0.3925101761598918	0.14713644597916825
1.462926	0.3906575524755999	0.1486683117055882
1.466934	0.38882657791682473	0.15017100893353097
1.470942	0.3870170262500844	0.1516442696676223
1.47495	0.38522866848055326	0.15308784679347945
1.478958	0.38346127297255533	0.15450151317232727
1.482966	0.3817146055714718	0.155885060794707
1.486974	0.3799884297268537	0.15723829998792552
1.490982	0.37828250661653284	0.15856105867245665
1.49499	0.3765965952715307	0.1598531816630019
1.498998	0.37493045270157493	0.16111453001035872
1.503006	0.3732838340210369	0.16234498038063783
1.507014	0.3716564925751128	0.1635444244687199
1.511022	0.37004818006607665	0.16471276844315377
1.51503	0.3684586466794403	0.16584993241997398
1.519038	0.3668876412098627	0.16695584996316618
1.523046	0.36533491118665795	0.16803046760972565
1.527054	0.363800202998757	0.16907374441745537
1.531062	0.362283262018986	0.1700856515338243
1.53507	0.36078383272753034	0.171066171784365
1.539078	0.3593016588344579	0.17201529927923404
1.543086	0.3578364834011857	0.17293303903667948
1.547094	0.35638804896077586	0.1738194066222816
1.551102	0.35495609763695546	0.17467442780292824
1.55511	0.3535403712617603	0.17549813821458263
1.559118	0.35214061149170856	0.17629058304298176
1.563126	0.3507565599224147	0.17705181671647982
1.567134	0.3493879582015621	0.1777819026103174
1.571142	0.3480345481401564	0.17848091276165526
1.57515	0.3466960718219874	0.1791489275947709
1.579158	0.34537227171123164	0.17978603565586282
1.583166	0.3440628907581352	0.18039233335694912
1.587174	0.34276767250271806	0.18096792472839449
1.591182	0.34148636117644904	0.18151292117962767
1.59519	0.34021870180184155	0.1820274412676523
1.599198	0.3389644402899279	0.18251161047297895
1.603206	0.3377233235355732	0.18296556098263486
1.607214	0.3364950995105917	0.18338943147993478
1.611222	0.33527951735463696	0.18378336694071443
1.61523	0.33407632746383614	0.18414751843575378
1.619238	0.33288528157714614	0.18448204293913303
1.623246	0.3317061328604101	0.18478710314228095
1.627255	0.3305386359880992	0.18506286727349305
1.631263	0.32938254722272275	0.18530950892271167
1.635271	0.32823762449190075	0.1855272068713686
1.639279	0.3271036274630863	0.18571614492711055
1.643287	0.3259803176159367	0.18587651176323253
1.647295	0.3248674583123294	0.1860085007626575
1.651303	0.3237648148640238	0.1861123098663098
1.655311	0.32267215459797133	0.1861881414257399
1.659319	0.32158924691927987	0.18623620205986235
1.663327	0.32051586337183924	0.18625670251568258
1.667335	0.3194517776966171	0.18624985753288933
1.671343	0.3183967658876379	0.1862158857122009
1.675351	0.31735060624565703	0.1861550093873559
1.679359	0.3163130794295458	0.18606745450065026
1.683367	0.31528396850540463	0.18595345048192008
1.687375	0.31426305899342183	0.18581323013088485
1.691383	0.3132501389124983	0.18564702950276202
1.695391	0.3122449988226606	0.18545508779707418
1.699399	0.3112474318652821	0.18523764724957356
1.703407	0.31025723380113956	0.18499495302721009
1.707415	0.30927420304632713	0.18472725312607977
1.711423	0.30829814070605555	0.18443479827228648
1.715431	0.30732885060636317	0.1841178418256614
1.719439	0.30636613932376566	0.18377663968628505
1.723447	0.3054098162128746	0.18341145020375918
1.727455	0.304459693432014	0.18302253408918276
1.731463	0.3035155859668644	0.1826101543297892
1.735471	0.3025773116521661	0.18217457610620402
1.739479	0.3016446911915129	0.18171606671228718
1.743487	0.300717548175268	0.18123489547752838
1.747495	0.2997957090966357	0.1807313336919656
1.751503	0.2988790033659193	0.18020565453360285
1.755511	0.29796726332300266	0.17965813299830455
1.759519	0.2970603242480846	0.17908904583214963
1.763527	0.29615802437070354	0.1784986714662305
1.767535	0.29526020487708526	0.17788728995388645
1.771543	0.2943667099158474	0.1772551829103666
1.775551	0.29347738660209766	0.17660263345491567
1.779559	0.2925920850199584	0.17592992615528816
1.783567	0.29171065822355324	0.17523734697469295
1.787575	0.2908329622364909	0.17452518322117852
1.791583	0.2899588560498817	0.17379372349947123
1.795591	0.2890882016189198	0.17304325766528647
1.799599	0.28822086385806933	0.17227407678213102
1.803607	0.28735671063488655	0.17148647308062628
1.807615	0.2864956127625146	0.17068073992038213
1.811623	0.2856374439908854	0.16985717175445725
1.815631	0.2847820809966636	0.16901606409644696
1.819639	0.2839294033719659	0.16815771349024622
1.823647	0.2830792936118932	0.1672824174825361
1.827655	0.28223163710090626	0.16639047459805495
1.831663	0.28138632209808206	0.1654821843177139
1.835671	0.28054323972128314	0.16455784705962812
1.839679	0.2797022839302741	0.1636177641631374
1.843687	0.2788633515088187	0.1626622378759012
1.847695	0.2780263420457915	0.16169157134415346
1.851703	0.2771911579153359	0.16070606860621722
1.855711	0.27635770425610173	0.159706034589381
1.859719	0.27552588894959595	0.1586917751102506
1.863727	0.2746956225976767	0.15766359687869544
1.867735	0.27386681849922406	0.1566218075055221
1.871743	0.2730393926260186	0.15556671551400952
1.875752	0.27221326359785863	0.15449863035545994
1.87976	0.27138835265694744	0.153417862428921
1.883768	0.2705645836415812	0.15232472310525103
1.887776	0.26974188295916685	0.15121952475571027
1.891784	0.2689201795586012	0.15010258078526956
1.895792	0.2680994049020394	0.14897420567084665
1.8998	0.26727949293608255	0.1478347150046885
1.903808	0.2664603800624134	0.14668442554313557
1.907816	0.2656420051079074	0.14552365526101854
1.911824	0.264824309294249	0.14435272341195182
1.915832	0.2640072362070779	0.14317195059481036
1.91984	0.26319073176469576	0.14198165882668606
1.923848	0.26237474418635726	0.14078217162264697
1.927856	0.26155922396017345	0.13957381408263672
1.931864	0.26074412381065293	0.13835691298587388
1.935872	0.25992939866590586	0.13713179689313473
1.93988	0.2591150056245373	0.13589879625732137
1.943888	0.25830090392225247	0.13465824354274672
1.947896	0.2574870548982001	0.13341047335358772
1.951904	0.2566734219610766	0.13215582257198827
1.955912	0.25585997055501464	0.13089463050631853
1.95992	0.25504666812527943	0.12962723905012627
1.963928	0.2542334840837945	0.12835399285234664
1.967936	0.2534203897745199	0.12707523949936422
1.971944	0.25260735843870386	0.1257913297095565
1.975952	0.25179436518002923	0.12450261754097618
1.97996	0.25098138692967514	0.12320946061286661
1.983968	0.25016840241131544	0.12191222034173196
1.987976	0.2493553921060716	0.12061126219272467
1.991984	0.2485423382174419	0.11930695594713646
1.995992	0.24772922463622368	0.11799967598682116
2.0	0.24691603690544908	0.11668980159639968
