0.0	0.6742103741096376	0.001975620297076908
0.004008	0.6608931679984148	0.0020117463602744765
0.008016	0.6507072670402269	0.0020273543168831034
0.012024	0.6442111597198629	0.0020191945712952812
0.016032	0.641950869646179	0.0019842746994833205
0.02004	0.6444319653071022	0.0019201040686726806
0.024048	0.6520882401531125	0.0018249999993874006
0.028056	0.665249454293542	0.0016984812542347014
0.032064	0.6841113016220951	0.0015418229269537193
0.036072	0.7087111845783208	0.0013589784585863235
0.04008	0.7389132447382405	0.0011584294681132278
0.044088	0.7744053086527865	0.0009574173029472645
0.048096	0.814709020039127	0.0007911737207238528
0.052104	0.8592026716146695	0.0007216763571511426
0.056112	0.9071544809477524	0.0008019417701245084
0.06012	0.9577626599094711	0.001010806235250254
0.064128	1.0101978994413416	0.0012923491383116546
0.068136	1.0636439429582245	0.0016080628395040715
0.072144	1.117332663978653	0.001936813672295098
0.076152	1.1705712551717309	0.0022662870581491522
0.08016	1.2227604741449358	0.002588545338689883
0.084168	1.2734041042424908	0.0028981184292716563
0.088176	1.3221106970025862	0.003191140320190105
0.092184	1.3685891977397686	0.0034649038642590333
0.096192	1.412640240656149	0.0037175905289508243
0.1002	1.4541448153732397	0.003948080001867519
0.104208	1.4930517529911136	0.004155801892615983
0.108216	1.5293651492008065	0.004340614364136981
0.112224	1.5631325047496014	0.004502703364393112
0.116232	1.5944340638066066	0.004642499406652788
0.12024	1.623373589793403	0.004760609907512855
0.124248	1.6500706407092547	0.004857765338197205
0.128257	1.674654286409243	0.004934777457702108
0.132265	1.6972581383094019	0.004992507899209659
0.136273	1.7180165259547684	0.005031845441462421
0.140281	1.7370616440164224	0.00505369041840398
0.144289	1.754521498659121	0.0050589448854845565
0.148297	1.7705184970287222	0.005048507348249919
0.152305	1.7851685429892858	0.005023271050420281
0.156313	1.7985805229515626	0.0049841250022527135
0.160321	1.8108560856730067	0.004931957098246242
0.164329	1.8220896381595448	0.004867658822677656
0.168337	1.8323684957497042	0.004792131171056295
0.172345	1.841773137986536	0.004706291525708163
0.176353	1.850377533084686	0.004611081314952577
0.180361	1.858249502902524	0.004507474357755565
0.184369	1.8654511076070441	0.004396485847782759
0.188377	1.872039034955	0.004279181958333037
0.192385	1.8780649835739593	0.004156690044784403
0.196393	1.883576033049762	0.004030209370650091
0.200401	1.8886149962176313	0.003901022166914148
0.204409	1.8932207509853582	0.003770504623507278
0.208417	1.897428550430846	0.0036401370704543376
0.212425	1.9012703109283042	0.0035115120952809555
0.216433	1.904774878760272	0.003386338634682091
0.220441	1.9079682761401613	0.0032664391848883662
0.224449	1.9108739278603342	0.0031537363019031274
0.228457	1.9135128699395094	0.0030502237800313823
0.232465	1.9159039417061143	0.0029579178069066387
0.236473	1.9180639627486358	0.002878784718223958
0.240481	1.9200078961113687	0.0028146454499122435
0.244489	1.9217489990304808	0.00276706264861852
0.248497	1.9232989624033825	0.0027372236970856466
0.252505	1.9246680400732772	0.0027258390950340218
0.256513	1.9258651688973214	0.002733077244564989
0.260521	1.9268980804559626	0.002758551312182314
0.264529	1.9277734051561823	0.002801362283418251
0.268537	1.9284967693847694	0.002860188935836767
0.272545	1.929072886280715	0.0029334057408759466
0.276553	1.9295056406189468	0.003019206981200509
0.280561	1.9297981682309586	0.0031157191796905683
0.284569	1.929952930331102	0.0032210911733927088
0.288577	1.929971783069742	0.003333558428725857
0.292585	1.929856042595324	0.003451483417005061
0.296593	1.9296065458756997	0.0035733765748746874
0.300601	1.929223707503824	0.0036979030784306836
0.304609	1.9287075726931677	0.003823880175587862
0.308617	1.928057866652929	0.0039502688385572885
0.312625	1.927274040521478	0.0040761624523759955
0.316633	1.9263553140276013	0.004200774356817471
0.320641	1.9253007150423471	0.004323425372562685
0.324649	1.9241091161789434	0.004443531958126625
0.328657	1.9227792685938903	0.004560595322750662
0.332665	1.9213098331384846	0.0046741916190101976
0.336673	1.9196994090063861	0.004783963219970746
0.340681	1.9179465600191536	0.004889611020914845
0.344689	1.9160498386877682	0.004990887674791127
0.348697	1.9140078081839587	0.005087591659974571
0.352705	1.9118190623505271	0.005179562079864443
0.356713	1.9094822438749093	0.005266674100747567
0.360721	1.9069960607448293	0.005348834943894475
0.364729	1.904359301099248	0.005425980358089621
0.368737	1.901570846581841	0.005498071508693802
0.372745	1.8986296842981263	0.005565092228365498
0.376754	1.8955349174710863	0.005627046582533542
0.380762	1.892285774883864	0.005683956709584729
0.38477	1.8888816191918365	0.005735860901586083
0.388778	1.8853219541802482	0.005782811896281224
0.392786	1.881606431037601	0.005824875355241394
0.396794	1.8777348537092684	0.005862128506505215
0.400802	1.8737071833903298	0.005894658932927633
0.40481	1.8695235422114844	0.005922563489873438
0.408818	1.8651842161670926	0.00594594733791326
0.412826	1.8606896573299734	0.00596492307788619
0.416834	1.856040485393532	0.0059796099771236835
0.420842	1.8512374885781349	0.0059901332768585855
0.42485	1.8462816239353874	0.0059966235718759316
0.428858	1.8411740170810855	0.005999216254359141
0.432866	1.8359159613851084	0.005998051014652436
0.436874	1.8305089166443818	0.005993271392327532
0.440882	1.8249545072632363	0.005985024371516463
0.44489	1.8192545199640147	0.005973460014983281
0.448898	1.8134109010496073	0.00595873113184028
0.452906	1.8074257532386908	0.005940992974206283
0.456914	1.8013013320938038	0.005920402958438062
0.460922	1.795040042061957	0.005897120406861496
0.46493	1.7886444321472548	0.005871306306192094
0.468938	1.7821171912349352	0.005843123079054851
0.472946	1.7754611430863245	0.005812734365219892
0.476954	1.7686792410243894	0.005780304809338942
0.480962	1.7617745623298737	0.005745999852130206
0.48497	1.7547503023683433	0.00570998552209542
0.488978	1.7476097684688812	0.0056724282249887605
0.492986	1.7403563735755816	0.005633494528378064
0.496994	1.7329936296934272	0.005593350938770112
0.501002	1.725525141150536	0.005552163668902006
0.50501	1.7179545976991437	0.005510098392945496
0.509018	1.7102857674780152	0.005467319987538107
0.513026	1.7025224898592457	0.005423992256748125
0.517034	1.6946686682026086	0.005380277639308777
0.521042	1.6867282625407192	0.0053363368967213045
0.52505	1.6787052822183102	0.005292328781159462
0.529058	1.6706037785088426	0.0052484096824712435
0.533066	1.662427837231496	0.005204733254017541
0.537074	1.6541815713913282	0.005161450017594788
0.541082	1.6458691138649866	0.005118706948246796
0.54509	1.637494610153904	0.005076647040415064
0.549098	1.6290622112263011	0.005035408857562451
0.553106	1.6205760664686548	0.004995126068142455
0.557114	1.612040316766508	0.0049559269715638175
0.561122	1.6034590877336297	0.004917934018582
0.56513	1.5948364831075934	0.0048812633313203265
0.569138	1.586176578328813	0.0048460242288606275
0.573146	1.577483414318988	0.004812318764994184
0.577154	1.5687609914737564	0.0047802412852780505
0.581162	1.560013263883155	0.0047498780109349135
0.58517	1.5512441337922422	0.004721306657363459
0.589178	1.5424574463129646	0.0046945960950305005
0.593186	1.533656984397045	0.004669806060293618
0.597194	1.5248464640783648	0.004646986923227677
0.601202	1.5160295299919857	0.0046261795187982555
0.60521	1.5072097511756488	0.004607415046756686
0.609218	1.498390617158285	0.004590715044424616
0.613226	1.4895755343387849	0.004576091435163556
0.617234	1.480767822657029	0.004563546653786031
0.621242	1.4719707125579564	0.004553073848560805
0.625251	1.4631873422482677	0.00454465715782547
0.629259	1.4544207552442432	0.004538272057623225
0.633267	1.4456738982080555	0.004533885775298624
0.637275	1.4369496190689595	0.004531457762646647
0.641283	1.4282506654247644	0.004530940221108791
0.645291	1.419579683218107	0.0045322786706272124
0.649299	1.4109392156812084	0.004535412553183295
0.653307	1.4023317025420452	0.00454027586172368
0.657315	1.3937594794841635	0.004546797785142712
0.661323	1.385224777851751	0.004554903360207871
0.665331	1.3767297245910328	0.004564514121763014
0.669339	1.3682763424185689	0.004575548743196667
0.673347	1.3598665502066283	0.004587923659951766
0.677355	1.3515021635754674	0.004601553669772387
0.681363	1.34318489568206	0.00461635250435654
0.685371	1.3349163581946197	0.0046322333680893935
0.689379	1.3266980624420932	0.004649109440529224
0.693387	1.318531420727717	0.00466689434027715
0.697395	1.3104177477956869	0.004685502548755087
0.701403	1.3023582624399983	0.004704849793229536
0.705411	1.2943540892445904	0.004724853389140811
0.709419	1.286406260444018	0.004745432542412747
0.713427	1.2785157178940358	0.00476650861293952
0.717435	1.2706833151416623	0.004788005340861989
0.721443	1.262909819584513	0.004809849037568097
0.725451	1.2551959147094467	0.004831968743591799
0.729459	1.2475422024008465	0.004854296355736966
0.733467	1.239949205309165	0.004876766725850628
0.737475	1.232417369270689	0.004899317733689314
0.741483	1.2249470657698185	0.004921890336319163
0.745491	1.217538594435518	0.00494442859641758
0.749499	1.2101921855639617	0.004966879691772104
0.753507	1.202908002659783	0.004989193908147758
0.757515	1.1956861449887093	0.005011324617574817
0.761523	1.1885266501347629	0.005033228243968756
0.765531	1.181429496555598	0.005054864217847186
0.769539	1.1743946061299282	0.005076194921767627
0.773547	1.1674218466913884	0.005097185627961274
0.777555	1.160511034543566	0.005117804429496294
0.781563	1.1536619369512982	0.005138022166175171
0.785571	1.1468742746037186	0.005157812346232791
0.789579	1.1401477240448883	0.005177151064788036
0.793587	1.1334819200682031	0.00519601691989018
0.797595	1.1268764580711093	0.005214390926887442
0.801603	1.1203308963669911	0.005232256431767542
0.805611	1.1138447584514155	0.005249599024012752
0.809619	1.107417535220218	0.005266406449453264
0.813627	1.1010486871372207	0.005282668523516296
0.817635	1.094737646349637	0.005298377045213696
0.821643	1.088483818749502	0.005313525712152278
0.825651	1.0822865859797086	0.00532811003680002
0.829659	1.076145307383474	0.005342127264196686
0.833667	1.0700593218962915	0.005355576291259803
0.837675	1.0640279498796295	0.005368457587801772
0.841683	1.0580504948958434	0.005380773119343398
0.845691	1.052126245423955	0.005392526271783655
0.849699	1.0462544765161228	0.005403721777966208
0.853707	1.0404344513947954	0.005414365646156342
0.857715	1.0346654229906869	0.00542446509043641
0.861723	1.0289466354218493	0.005434028463003081
0.865731	1.0232773254142524	0.005443065188347614
0.869739	1.0176567236643892	0.005451585699283827
0.873747	1.0120840561445346	0.005459601374785559
0.877756	1.0065585453513843	0.00546712447958729
0.881764	1.0010794114988855	0.0054741681054958115
0.885772	0.9956458736561424	0.005480746114360824
0.88978	0.9902571508313656	0.005486873082644311
0.893788	0.9849124630028733	0.005492564247535534
0.897796	0.9796110320982275	0.005497835454547344
0.901804	0.9743520829226198	0.005502703106540082
0.905812	0.9691348440376678	0.005507184114112443
0.90982	0.9639585485918172	0.005511295847303677
0.913828	0.9588224351035677	0.005515056088553232
0.917836	0.9537257481987689	0.005518482986865518
0.921844	0.948667739303244	0.005521595013129998
0.925852	0.9436476672920164	0.005524410916550942
0.92986	0.938664799096419	0.005526949682143022
0.933868	0.9337184102703698	0.0055292304892549885
0.937876	0.9288077855171033	0.00553127267108353
0.941884	0.9239322191776357	0.005533095675147921
0.945892	0.9190910156822437	0.0055347190246957155
0.9499	0.9142834899662234	0.005536162281018262
0.953908	0.9095089678511871	0.005537445006654418
0.957916	0.9047667863931396	0.005538586729469403
0.961924	0.9000562941985645	0.005539606907597011
0.965932	0.8953768517097288	0.0055405248952382115
0.96994	0.8907278314603991	0.005541359909314525
0.973948	0.8861086183031405	0.005542130996977282
0.977956	0.8815186096093494	0.0055428570039773965
0.981964	0.8769572154431466	0.005543556543905773
0.985972	0.8724238587102385	0.005544247968316636
0.98998	0.8679179752828232	0.00554494933774868
0.993988	0.8634390141016005	0.005545678393664416
0.997996	0.8589864372559171	0.0055464525313285665
1.002004	0.8545597200430499	0.0055472887736490424
1.006012	0.8501583510076118	0.005548203746008343
1.01002	0.8457818319620297	0.0055492136521120535
1.014028	0.8414296779890263	0.0055503342508846235
1.018036	0.8371014174270073	0.0055515808344425155
1.022044	0.8327965918392293	0.005552968207176074
1.026052	0.8285147559676012	0.00555451066597137
1.03006	0.8242554776719431	0.005556221981604191
1.034068	0.8200183378555035	0.005558115381334309
1.038076	0.815802930377509	0.005560203532732368
1.042084	0.8116088619534978	0.005562498528765574
1.046092	0.8074357520441624	0.005565011874169157
1.0501	0.8032832327334036	0.005567754473127402
1.054108	0.7991509485962746	0.005570736618285848
1.058116	0.7950385565574691	0.00557396798111208
1.062124	0.7909457257409888	0.005577457603621662
1.066132	0.7868721373115972	0.005581213891479207
1.07014	0.7828174843086515	0.005585244608482963
1.074148	0.7787814714728769	0.005589556872436034
1.078156	0.7747638150666325	0.005594157152403025
1.082164	0.7707642426881927	0.005599051267347766
1.086172	0.7667824930805519	0.0056042443861409625
1.09018	0.7628183159352382	0.005609741028924187
1.094188	0.7588714716916054	0.005615545069810101
1.098196	0.7549417313320514	0.005621659740896063
1.102204	0.7510288761735968	0.005628087637561648
1.106212	0.7471326976562355	0.005634830725018418
1.11022	0.7432529971284573	0.005641890346072968
1.114228	0.7393895856303209	0.005649267230063861
1.118236	0.7355422836744443	0.005656961502926448
1.122244	0.7317109210252607	0.005664972698335532
1.126253	0.7278953364768738	0.005673299769876019
1.130261	0.7240953776298327	0.005681941104184881
1.134269	0.720310900667131	0.005690894535005767
1.138277	0.7165417701297229	0.005700157358098211
1.142285	0.7127878586918304	0.0057097263469374
1.146293	0.7090490469363111	0.005719597769141105
1.150301	0.7053252231303355	0.00572976740355928
1.154309	0.7016162830016146	0.005740230557960111
1.158317	0.6979221295154059	0.005750982087245283
1.162325	0.6942426726525139	0.005762016412130588
1.166333	0.6905778291884906	0.005773327538222585
1.170341	0.6869275224742303	0.005784909075428154
1.174349	0.683291682218141	0.0057967542576319656
1.178357	0.6796702442700693	0.005808855962577515
1.182365	0.6760631504071395	0.0058212067318916625
1.186373	0.6724703481216621	0.005833798791191254
1.190381	0.6688917904112573	0.005846624070215783
1.194389	0.665327435571329	0.005859674222928264
1.198397	0.6617772469900155	0.005872940647533891
1.202405	0.6582411929457386	0.005886414506363493
1.206413	0.6547192464074589	0.005900086745576185
1.210421	0.6512113848377423	0.00591394811463509
1.214429	0.6477175899987321	0.005927989185514533
1.218437	0.6442378477611151	0.0059422003716004465
1.222445	0.6407721479161635	0.005956571946246884
1.226453	0.6373204839909239	0.005971094060957402
1.230461	0.6338828530666252	0.005985756763160206
1.234469	0.630459255600363	0.0060005500135503495
1.238477	0.627049695250117	0.006015463702976654
1.242485	0.6236541787031505	0.006030487668850348
1.246493	0.6202727155078352	0.006045611711058808
1.250501	0.6169053179089391	0.006060825607367578
1.254509	0.6135520006864094	0.006076119128299949
1.258517	0.6102127809976803	0.006091482051481357
1.262525	0.6068876782235251	0.006106904175442289
1.266533	0.6035767138174722	0.006122375332873863
1.270541	0.6002799111587989	0.006137885403331599
1.274549	0.5969972954091097	0.006153424325386887
1.278557	0.5937288933725074	0.006168982108226455
1.282565	0.5904747333593543	0.0061845488427009765
1.286573	0.5872348450536227	0.006200114711827139
1.290581	0.5840092593838276	0.006215670000749182
1.294589	0.5807980083975315	0.006231205106163939
1.298597	0.5776011251394073	0.006246710545220148
1.302605	0.5744186435328441	0.00626217696389875
1.306613	0.5712505982650747	0.006277595144883982
1.310621	0.5680970246758033	0.00629295601493743
1.314629	0.5649579586493074	0.006308250651784692
1.318637	0.5618334365099882	0.006323470290528215
1.322645	0.5587234949213358	0.006338606329596801
1.326653	0.5556281707882795	0.006353650336248058
1.330661	0.5525475011628881	0.006368594051633666
1.334669	0.5494815231533815	0.006383429395443934
1.338677	0.5464302738364174	0.006398148470143708
1.342685	0.543393790172611	0.0064127435648153016
1.346693	0.5403721089252466	0.006427207158621157
1.350701	0.5373652665821355	0.006441531923902289
1.354709	0.5343732992805773	0.006455710728923838
1.358717	0.531396242735377	0.006469736640285189
1.362725	0.528434132169869	0.0064836029250062615
1.366733	0.5254870022499014	0.006497303052304959
1.370741	0.5225548870207283	0.006510830695078705
1.374749	0.5196378198467607	0.006524179731104144
1.378758	0.5167358333541239	0.006537344243968209
1.382766	0.5138489593759679	0.006550318523742659
1.386774	0.510977228900479	0.006563097067415469
1.390782	0.5081206720215384	0.006575674579091942
1.39479	0.5052793178919721	0.0065880459699755554
1.398798	0.5024531946793397	0.0066002063581425425
1.402806	0.4996423295242055	0.006612151068119941
1.406814	0.4968467485008365	0.0066238756302789805
1.410822	0.49406647658027275	0.006635375780054055
1.41483	0.4913015375957134	0.006646647456997519
1.418838	0.48855195421016295	0.006657686803680529
1.422846	0.4858177478862825	0.00666849016444919
1.426854	0.4830989388583893	0.006679054084045836
1.430862	0.4803955461065496	0.006689375306103164
1.43487	0.4777075873327097	0.006699450771521121
1.438878	0.4750350789388089	0.006709277616733748
1.442886	0.4723780360068203	0.006718853171874371
1.446894	0.4697364722806647	0.00672817495884603
1.450902	0.46711040014994276	0.006737240689305418
1.45491	0.4644998306354322	0.006746048262565884
1.458918	0.46190477337629626	0.0067545957634272315
1.462926	0.45932523661895036	0.006762881459937909
1.466934	0.4567612272075349	0.0067709038010955605
1.470942	0.454212750575942	0.006778661414492296
1.47495	0.4516798107413448	0.00678615310390895
1.478958	0.4491624102991791	0.006793377846864845
1.482966	0.4466605504195267	0.006800334792126571
1.486974	0.44417423084485175	0.006807023257181794
1.490982	0.44170344988904037	0.0068134427256809045
1.49499	0.439248204437697	0.00681959284485248
1.498998	0.4368084899496489	0.006825473422894606
1.503006	0.4343843004596128	0.006831084426347681
1.507014	0.4319756285819789	0.006836425977450361
1.511022	0.42958246551566526	0.006841498351483259
1.51503	0.42720480105000064	0.0068463019741031635
1.519038	0.42484262357159097	0.006850837418670319
1.523046	0.42249592007212755	0.006855105403572029
1.527054	0.42016467615709535	0.006859106789544666
1.531062	0.4178488760553403	0.006862842576997035
1.53507	0.41554850262945603	0.006866313903336843
1.539078	0.4132635373869504	0.006869522040302671
1.543086	0.4109939604921536	0.006872468391303197
1.547094	0.40873975077883196	0.006875154488765717
1.551102	0.40650088576346777	0.006877581991495332
1.55511	0.40427734165917256	0.006879752682046743
1.559118	0.4020690933901973	0.006881668464109445
1.563126	0.3998761146070063	0.006883331359908538
1.567134	0.39769837770188066	0.0068847435076215165
1.571142	0.39553585382502093	0.006885907158812273
1.57515	0.39338851290111554	0.006886824675884025
1.579158	0.39125632364634577	0.006887498529551019
1.583166	0.3891392535857971	0.006887931296330424
1.587174	0.38703726907124814	0.006888125656054976
1.591182	0.3849503352993091	0.00688808438940682
1.59519	0.3828784163298826	0.006887810375473954
1.599198	0.3808214751049206	0.006887306589327627
1.603206	0.3787794734674512	0.006886576099624162
1.607214	0.3767523721808518	0.006885622066228351
1.611222	0.37474013094834285	0.006884447737861042
1.61523	0.3727427084326809	0.006883056449770081
1.619238	0.37076006227602665	0.006881451621424179
1.623246	0.36879214911996766	0.006879636754231483
1.627255	0.36683892462567425	0.0068776154292808905
1.631263	0.364900343494168	0.0068753913051073316
1.635271	0.362976359486684	0.006872968115480761
1.639279	0.3610669254451075	0.006870349667218009
1.643287	0.35917199331246735	0.00686753983801826
1.647295	0.3572915141534682	0.006864542574321265
1.651303	0.3554254381750455	0.0068613618891882324
1.655311	0.35357371474692617	0.006858001860205074
1.659319	0.3517362924221804	0.006854466627407647
1.663327	0.3499131189577496	0.0068507603912287855
1.667335	0.34810414133493567	0.0068468874104662915
1.671343	0.3463093057798388	0.0068428520002720246
1.675351	0.3445285577837303	0.006838658530160847
1.679359	0.34276184212334826	0.006834311422040126
1.683367	0.34100910288110386	0.00682981514825777
1.687375	0.3392702834651877	0.006825174229669642
1.691383	0.33754532662956466	0.006820393233724738
1.695391	0.33583417449384717	0.006815476772568534
1.699399	0.33413676856303764	0.0068104295011631
1.703407	0.3324530497471305	0.006805256115423497
1.707415	0.33078295838056476	0.006799961350370681
1.711423	0.32912643424151944	0.006794549978299082
1.715431	0.3274834165710437	0.006789026806958889
1.719439	0.32585384409201434	0.006783396677752736
1.723447	0.3242376550279137	0.006777664463945316
1.727455	0.32263478712142174	0.0067718350688858965
1.731463	0.3210451776528157	0.006765913424242831
1.735471	0.3194687634581719	0.006759904488249741
1.739479	0.3179054809473646	0.006753813243962216
1.743487	0.3163552661218565	0.006747644697524842
1.747495	0.31481805459227663	0.006741403876447848
1.751503	0.313293781595781	0.006735095827892571
1.755511	0.3117823820131928	0.006728725616965441
1.759519	0.310283790385918	0.00672229832501949
1.763527	0.308797940932633	0.006715819047963239
1.767535	0.3073247675657418	0.006709292894576104
1.771543	0.3058642039075998	0.0067027249848300675
1.775551	0.3044161833065019	0.006696120448216472
1.779559	0.30298063885243304	0.006689484422078542
1.783567	0.3015575033925784	0.006682822049947828
1.787575	0.3001467095465931	0.006676138479885317
1.791583	0.29874818972162887	0.006669438862825804
1.795591	0.29736187612711684	0.006662728350926062
1.799599	0.2959877007893064	0.006656012095915717
1.803607	0.29462559556555823	0.006649295247450569
1.807615	0.29327549215839144	0.006642582951468664
1.811623	0.29193732212928536	0.0066358803485482235
1.815631	0.29061101691223484	0.006629192572267393
1.819639	0.28929650782705923	0.006622524747565948
1.823647	0.2879937260924665	0.006615881989108085
1.827655	0.2867026028388712	0.006609269399647178
1.831663	0.28542306912096854	0.006602692068391515
1.835671	0.2841550559300638	0.0065961550693715894
1.839679	0.2828984942061596	0.006589663459809071
1.843687	0.28165331484980016	0.0065832222784866536
1.847695	0.2804194487336758	0.00657683654412034
1.851703	0.2791968267139871	0.006570511253732896
1.855711	0.2779853796415712	0.00656425138102981
1.859719	0.2767850383727918	0.00655806187477751
1.863727	0.27559573378019353	0.006551947657184133
1.867735	0.2744173967629234	0.006545913622283708
1.871743	0.2732499582569213	0.006539964634323634
1.875752	0.2720933492448794	0.006534105526156389
1.87976	0.2709475007659757	0.006528341097635848
1.883768	0.26981234392538106	0.0065226761140185895
1.887776	0.2686878099035428	0.006517115304371652
1.891784	0.2675738299652476	0.006511663359986332
1.895792	0.26647033546846477	0.006506324932799681
1.8998	0.2653772578729735	0.006501104633824232
1.903808	0.2642945287487755	0.00649600703158691
1.907816	0.26322207978429574	0.006491036650577526
1.911824	0.26215984279437404	0.006486197969709016
1.915832	0.26110774972804945	0.006481495420788829
1.91984	0.2600657326761406	0.0064769333870044
1.923848	0.25903372387862406	0.006472516201422097
1.927856	0.2580116557318138	0.006468248145501818
1.931864	0.2569994607953438	0.006464133447628202
1.935872	0.255997071798957	0.006460176281659685
1.93988	0.255004421649103	0.006456380765496503
1.943888	0.25402144343534744	0.00645275095966927
1.947896	0.2530480704365956	0.006449290865949038
1.951904	0.25208423612713265	0.006446004425980816
1.955912	0.2511298741824838	0.006442895519941178
1.95992	0.25018491848509744	0.006439967965221941
1.963928	0.24924930312985238	0.006437225515141246
1.967936	0.2483229624293943	0.006434671857682862
1.971944	0.2474058309193018	0.006432310614266379
1.975952	0.24649784336308683	0.006430145338548343
1.97996	0.24559893475703062	0.006428179515256642
1.983968	0.24470904033485932	0.0064264165590595225
1.987976	0.24382809557226054	0.006424859813470256
1.991984	0.24295603619124514	0.006423512549789144
1.995992	0.24209279816435564	0.006422377966084322
2.0	0.24123831771872487	0.006421459186212376
