0.0	0.0
0.01002	0.00952113777202123
0.02004	0.01745137822181688
0.03006	0.023877143263659313
0.04008	0.028902519703117777
0.0501	0.0326452230846961
0.06012	0.03523271064072501
0.07014	0.03679854135451989
0.08016	0.037479050686775164
0.09018	0.037410382674200396
0.1002	0.03672590211513992
0.11022	0.03555399371196086
0.12024	0.034016242724569414
0.130261	0.03222598235480726
0.140281	0.030287186244404605
0.150301	0.028293679706200316
0.160321	0.026328640250491094
0.170341	0.024464356295864745
0.180361	0.02276221239118841
0.190381	0.021272869586633474
0.200401	0.020036610576032312
0.210421	0.019083820720985363
0.220441	0.0184355779169688
0.230461	0.01810432635532317
0.240481	0.018094611475535195
0.250501	0.018403855710980355
0.260521	0.019023156945308487
0.270541	0.019938093866433578
0.280561	0.021129524592606242
0.290581	0.022574367021979246
0.300601	0.024246351303236546
0.310621	0.026116736626829586
0.320641	0.028154986186308167
0.330661	0.03032939565384222
0.340681	0.03260767185363632
0.350701	0.034957459504743514
0.360721	0.03734681494620092
0.370741	0.03974462665950357
0.380762	0.04212098317445858
0.390782	0.04444748959346442
0.400802	0.04669753450575873
0.410822	0.04884650949689786
0.420842	0.050871983799389627
0.430862	0.05275383688754323
0.440882	0.05447435200246138
0.450902	0.05601827371051298
0.460922	0.05737283265894095
0.470942	0.05852774070330512
0.480962	0.059475159550499535
0.490982	0.06020964599480986
0.501002	0.06072807672900392
0.511022	0.06102955559332212
0.521042	0.06111530598744539
0.531062	0.06098855101852301
0.541082	0.06065438379609116
0.551102	0.06011963011567541
0.561122	0.05939270560007042
0.571142	0.05848346919333422
0.581162	0.05740307472964798
0.591182	0.05616382212924899
0.601202	0.05477900960819975
0.611222	0.0532627881290788
0.621242	0.051630019166777626
0.631263	0.04989613671824415
0.641283	0.04807701434780269
0.651303	0.0461888379310008
0.661323	0.04424798464002803
0.671343	0.04227090860272716
0.681363	0.04027403356506862
0.691383	0.03827365279357797
0.701403	0.0362858363694103
0.711423	0.03432634594929918
0.721443	0.03241055700016874
0.731463	0.030553388453432345
0.741483	0.028769239671534528
0.751503	0.02707193457271658
0.761523	0.025474672719884163
0.771543	0.023989987145399252
0.781563	0.02262970865517874
0.791583	0.021404936332230708
0.801603	0.020326013941275707
0.811623	0.019402511921972766
0.821643	0.018643214648100648
0.831663	0.01805611262344951
0.841683	0.01764839928179128
0.851703	0.017426472057768854
0.861723	0.01739593739754572
0.871743	0.017561619382278303
0.881764	0.017927571643622884
0.891784	0.018497092258297022
0.901804	0.019272741317930983
0.911824	0.020256360880836526
0.921844	0.021449097023675926
0.931864	0.022851423723138625
0.941884	0.02446316831045078
0.951904	0.026283538254692936
0.961924	0.02831114904434023
0.971944	0.030544052950039133
0.981964	0.032979768465279655
0.991984	0.03561531023521207
1.002004	0.038447219297303076
1.012024	0.041471593470752355
1.022044	0.044684117744527685
1.032064	0.04808009452647501
1.042084	0.05165447362816186
1.052104	0.05540188187189345
1.062124	0.059316652217653344
1.072144	0.06339285231855804
1.082164	0.06762431242374128
1.092184	0.07200465255740253
1.102204	0.07652730891204913
1.112224	0.08118555940272672
1.122244	0.08597254833728346
1.132265	0.09088131016543265
1.142285	0.09590479227659691
1.152305	0.10103587682322106
1.162325	0.1062674015524662
1.172345	0.11159217963493293
1.182365	0.11700301848434919
1.192385	0.12249273756698735
1.202405	0.12805418520398687
1.212425	0.13368025437375808
1.222445	0.13936389752524575
1.232465	0.1450981404160756
1.242485	0.15087609499248233
1.252505	0.15669097133047846
1.262525	0.16253608865995256
1.272545	0.16840488549533664
1.282565	0.17429092889814132
1.292585	0.18018792289807453
1.302605	0.1860897161006213
1.312625	0.19199030850991275
1.322645	0.19788385759645183
1.332665	0.20376468363980915
1.342685	0.20962727437678408
1.352705	0.21546628898573297
1.362725	0.22127656143784433
1.372745	0.2270531032460686
1.382766	0.23279110564223573
1.392786	0.23848594121259492
1.402806	0.24413316502163163
1.412826	0.24972851525353723
1.422846	0.2552679134001637
1.432866	0.2607474640236802
1.442886	0.2661634541214735
1.452906	0.2715123521201201
1.462926	0.2767908065244875
1.472946	0.28199564424723367
1.482966	0.2871238686431409
1.492986	0.29217265727188174
1.503006	0.29713935941194347
1.513026	0.30202149334757034
1.523046	0.30681674344969645
1.533066	0.3115229570709597
1.543086	0.31613814127400747
1.553106	0.32066045941141935
1.563126	0.32508822757471173
1.573146	0.32941991092901796
1.583166	0.3336541199492002
1.593186	0.3377896065723092
1.603206	0.3418252602804982
1.613226	0.3457601041276946
1.623246	0.34959329072256007
1.633267	0.3533240981795113
1.643287	0.3569519260488371
1.653307	0.36047629123623925
1.663327	0.3638968239214326
1.673347	0.36721326348477656
1.683367	0.3704254544502682
1.693387	0.3735333424526123
1.703407	0.3765369702354887
1.713427	0.37943647368757205
1.723447	0.3822320779223137
1.733467	0.38492409340697586
1.743487	0.38751291214591427
1.753507	0.38999900392262843
1.763527	0.3923829126046551
1.773547	0.3946652525149478
1.783567	0.3968467048729851
1.793587	0.39892801430846325
1.803607	0.40090998545006856
1.813627	0.40279347959148243
1.823647	0.40457941143644977
1.833667	0.40626874592443746
1.843687	0.407862495138127
1.853707	0.40936171529371695
1.863727	0.4107675038147627
1.873747	0.41208099649004737
1.883768	0.4133033647157615
1.893788	0.41443581282206743
1.903808	0.4154795754839364
1.913828	0.41643591521597595
1.923848	0.41730611995080213
1.933868	0.41809150070036794
1.943888	0.4187933892995214
1.953908	0.4194131362309473
1.963928	0.4199521085305305
1.973948	0.420411687772081
1.983968	0.4207932681302667
1.993988	0.4210982545205182
2.004008	0.4213280608145973
2.014028	0.4214841081304539
2.024048	0.4215678231949406
2.034068	0.4215806367779037
2.044088	0.4215239821961248
2.054108	0.42139929388555464
2.064128	0.4212080060402455
2.074148	0.42095155131636813
2.084168	0.42063135959967757
2.094188	0.42024885683477836
2.104208	0.41980546391453083
2.114228	0.4193025956279326
2.124248	0.41874165966481103
2.134269	0.41812405567566163
2.144289	0.4174511743849751
2.154309	0.41672439675640244
2.164329	0.41594509320812223
2.174349	0.41511462287678424
2.184369	0.4142343329284235
2.194389	0.41330555791475543
2.204409	0.41232961917328553
2.214429	0.411307824269686
2.224449	0.4102414664809198
2.234469	0.409131824317614
2.244489	0.4079801610842147
2.254509	0.406787724475479
2.264529	0.4055557462078931
2.274549	0.40428544168463004
2.284569	0.40297800969269487
2.294589	0.401634632130932
2.304609	0.40025647376760337
2.314629	0.3988446820262764
2.324649	0.3974003867987908
2.334669	0.39592470028410887
2.344689	0.3944187168518805
2.354709	0.3928835129295924
2.364729	0.39132014691219624
2.374749	0.38972965909314716
2.38477	0.388113071615814
2.39479	0.38647138844425205
2.40481	0.3848055953523635
2.41483	0.3831166599304986
2.42485	0.3814055316085827
2.43487	0.3796731416948831
2.44489	0.37792040342955996
2.45491	0.37614821205217364
2.46493	0.37435744488235073
2.47495	0.3725489614128379
2.48497	0.3707236034141999
2.49499	0.36888219505044767
2.50501	0.3670255430049043
2.51503	0.365154436615648
2.52505	0.36326964801989103
2.53507	0.36137193230668296
2.54509	0.35946202767734725
2.55511	0.3575406556130859
2.56513	0.35560852104920765
2.57515	0.3536663125554612
2.58517	0.35171470252197157
2.59519	0.34975434735030286
2.60521	0.3477858876491907
2.61523	0.3458099484345048
2.625251	0.343827139333025
2.635271	0.3418380547896301
2.645291	0.3398432742775199
2.655311	0.33784336251110497
2.665331	0.3358388696612184
2.675351	0.3338303315723198
2.685371	0.3318182699813773
2.695391	0.32980319273812886
2.705411	0.3277855940264389
2.715431	0.32576595458648244
2.725451	0.3237447419374997
2.735471	0.3217224106008807
2.745491	0.3196994023233499
2.755511	0.3176761463000365
2.765531	0.31565305939722244
2.775551	0.31363054637457966
2.785571	0.3116090001067112
2.795591	0.3095888018038283
2.805611	0.3075703212314002
2.815631	0.30555391692862766
2.825651	0.303539936425599
2.835671	0.30152871645899554
2.845691	0.29952058318622354
2.855711	0.2975158523978581
2.865731	0.29551482972829207
2.875752	0.2935178108644899
2.885772	0.29152508175275593
2.895792	0.28953691880343074
2.905812	0.2875535890934397
2.915832	0.2855753505666198
2.925852	0.2836024522317608
2.935872	0.2816351343583011
2.945892	0.27967362866962364
2.955912	0.2777181585339039
2.965932	0.2757689391524658
2.975952	0.27382617774560836
2.985972	0.271890073735867
2.995992	0.2699608189286812
3.006012	0.26803859769044275
3.016032	0.2661235871239032
3.026052	0.26421595724092245
3.036072	0.2623158711325434
3.046092	0.2604234851363849
3.056112	0.25853894900134106
3.066132	0.2566624060495858
3.076152	0.2547939933358786
3.086172	0.2529338418041745
3.096192	0.251082076441539
3.106212	0.24923881642937668
3.116232	0.2474041752919787
3.126253	0.24557826104240227
3.136273	0.24376117632569183
3.146293	0.24195301855945686
3.156313	0.24015388007182276
3.166333	0.23836384823677081
3.176353	0.23658300560688714
3.186373	0.23481143004353985
3.196393	0.23304919484450787
3.206413	0.2312963688690817
3.216433	0.22955301666066155
3.226453	0.22781919856687818
3.236473	0.2260949708572605
3.246493	0.22438038583847852
3.256513	0.22267549196718767
3.266533	0.22098033396050404
3.276553	0.2192949529041384
3.286573	0.21761938635821862
3.296593	0.2159536684608308
3.306613	0.2142978300293096
3.316633	0.21265189865930792
3.326653	0.2110158988216775
3.336673	0.20938985195719265
3.346693	0.20777377656914714
3.356713	0.2061676883138581
3.366733	0.20457160008910713
3.376754	0.20298552212055293
3.386774	0.20140946204614574
3.396794	0.19984342499857732
3.406814	0.19828741368579786
3.416834	0.1967414284696334
3.426854	0.1952054674425348
3.436874	0.19367952650249076
3.446894	0.19216359942613803
3.456914	0.19065767794009933
3.466934	0.18916175179058187
3.476954	0.1876758088112673
3.486974	0.18619983498952572
3.496994	0.18473381453098373
3.507014	0.1832777299224784
3.517034	0.18183156199342723
3.527054	0.18039528997564583
3.537074	0.17896889156164203
3.547094	0.17755234296141711
3.557114	0.17614561895780437
3.567134	0.17474869296037315
3.577154	0.1733615370579283
3.587174	0.17198412206963293
3.597194	0.17061641759478396
3.607214	0.16925839206126705
3.617234	0.1679100127727197
3.627255	0.16657124595442874
3.637275	0.16524205679799056
3.647295	0.16392240950475892
3.657315	0.16261226732810757
3.667335	0.16131159261453357
3.677355	0.16002034684362582
3.687375	0.15873849066692478
3.697395	0.15746598394569716
3.707415	0.15620278578765084
3.717435	0.15494885458261284
3.727455	0.15370414803719443
3.737475	0.15246862320846624
3.747495	0.15124223653666652
3.757515	0.15002494387696416
3.767535	0.14881670053029872
3.777555	0.14761746127331943
3.787575	0.1464271803874438
3.797595	0.14524581168705664
3.807615	0.14407330854687017
3.817635	0.14290962392846557
3.827655	0.14175471040603457
3.837675	0.14060852019134162
3.847695	0.13947100515792452
3.857715	0.13834211686455322
3.867735	0.13722180657796385
3.877756	0.13611002529488633
3.887776	0.13500672376338368
3.897796	0.13391185250351897
3.907816	0.1328253618273677
3.917836	0.13174720185839156
3.927856	0.1306773225501903
3.937876	0.12961567370464658
3.947896	0.1285622049894804
3.957916	0.127516865955227
3.967936	0.12647960605165454
3.977956	0.12545037464363487
3.987976	0.1244291210264819
3.997996	0.12341579444077212
4.008016	0.12241034408666006
4.018036	0.12141271913770213
4.028056	0.12042286875420274
4.038076	0.11944074209609404
4.048096	0.11846628833536282
4.058116	0.11749945666803635
4.068136	0.116540196325739
4.078156	0.11558845658683119
4.088176	0.11464418678714275
4.098196	0.11370733633031067
4.108216	0.11277785469773295
4.118236	0.11185569145814878
4.128257	0.11094079627685555
4.138277	0.11003311892457278
4.148297	0.10913260928596286
4.158317	0.10823921736781776
4.168337	0.10735289330692249
4.178357	0.10647358737760265
4.188377	0.10560124999896651
4.198397	0.1047358317418497
4.208417	0.10387728333547107
4.218437	0.10302555567380856
4.228457	0.10218059982170218
4.238477	0.10134236702069357
4.248497	0.10051080869460828
4.258517	0.09968587645488933
4.268537	0.0988675221056891
4.278557	0.09805569764872679
4.288577	0.09725035528791845
4.298597	0.09645144743378599
4.308617	0.09565892670765291
4.318637	0.0948727459456319
4.328657	0.09409285820241149
4.338677	0.09331921675484761
4.348697	0.09255177510536622
4.358717	0.09179048698518259
4.368737	0.0910353063573433
4.378758	0.09028618741959585
4.388778	0.08954308460709239
4.398798	0.08880595259493153
4.408818	0.08807474630054436
4.418838	0.08734942088592908
4.428858	0.08662993175973938
4.438878	0.0859162345792313
4.448898	0.08520828525207277
4.458918	0.0845060399380212
4.468938	0.08380945505047226
4.478958	0.08311848725788516
4.488978	0.08243309348508794
4.498998	0.081753230914467
4.509018	0.0810788569870448
4.519038	0.0804099294034492
4.529058	0.07974640612477894
4.539078	0.07908824537336773
4.549098	0.07843540563345132
4.559118	0.07778784565174059
4.569138	0.07714552443790397
4.579158	0.07650840126496247
4.589178	0.07587643566960048
4.599198	0.07524958745239493
4.609218	0.07462781667796681
4.619238	0.07401108367505645
4.629259	0.07339934903652659
4.639279	0.07279257361929531
4.649299	0.07219071854420155
4.659319	0.07159374519580582
4.669339	0.07100161522212844
4.679359	0.07041429053432822
4.689379	0.06983173330632292
4.699399	0.06925390597435475
4.709419	0.06868077123650258
4.719439	0.06811229205214304
4.729459	0.06754843164136276
4.739479	0.0669891534843234
4.749499	0.06643442132058201
4.759519	0.06588419914836799
4.769539	0.06533845122381869
4.779559	0.06479714206017567
4.789579	0.064260236426943
4.799599	0.0637276993490094
4.809619	0.06319949610573605
4.819639	0.06267559223001096
4.829659	0.062155953507272536
4.839679	0.06164054597450265
4.849699	0.06112933591919136
4.859719	0.060622289878274435
4.869739	0.060119374637045024
4.87976	0.05962055722804089
4.88978	0.05912580492990802
4.8998	0.058635085266242754
4.90982	0.05814836600441239
4.91984	0.057665615154356434
4.92986	0.05718680096736901
4.93988	0.056711891934863715
4.9499	0.05624085678712195
4.95992	0.055773664492025476
4.96994	0.05531028425377474
4.97996	0.054850685511593125
4.98998	0.054394837938418636
5.0	0.05394271143958359
