0.0	0.0
0.004008	0.03160445514221956
0.008016	0.05869195823587487
0.012024	0.08163747866818824
0.016032	0.10080091322315615
0.02004	0.11652600966452675
0.024048	0.12913960591962573
0.028056	0.13895114642343007
0.032064	0.14625243911858835
0.036072	0.151317618972817
0.04008	0.15440328649712484
0.044088	0.15574879249409632
0.048096	0.15557664303515858
0.052104	0.15409300138571974
0.056112	0.1514882662144999
0.06012	0.1479377079019421
0.064128	0.1436021470788527
0.068136	0.13862866166692073
0.072144	0.13315131065169264
0.076152	0.12729186459584627
0.08016	0.12116053450037
0.084168	0.11485669205065684
0.088176	0.10846957555279076
0.092184	0.1020789769829543
0.096192	0.09575590655117794
0.1002	0.08956323203112743
0.104208	0.08355629084178118
0.108216	0.07778347349589486
0.112224	0.0722867775648326
0.116232	0.06710233175982304
0.12024	0.062260890105486265
0.124248	0.05778829649137751
0.128257	0.05370592013940835
0.132265	0.05003106272671688
0.136273	0.04677733806156445
0.140281	0.043955025330171975
0.144289	0.04157139702047868
0.148297	0.03963102268943242
0.152305	0.03813604977787828
0.156313	0.03708646269517303
0.160321	0.03648032139763517
0.164329	0.036313980673737936
0.168337	0.03658229132708918
0.172345	0.03727878441789802
0.176353	0.038395839686682434
0.180361	0.039924839242032766
0.184369	0.04185630754868194
0.188377	0.04418003870410132
0.192385	0.04688521194231174
0.196393	0.04996049625338144
0.200401	0.05339414495684001
0.204409	0.057174081017515505
0.208417	0.06128797384353295
0.212425	0.06572330825874287
0.216433	0.07046744629594327
0.220441	0.07550768241311508
0.224449	0.08083129269265388
0.228457	0.08642557854334132
0.232465	0.09227790538661654
0.236473	0.09837573677259974
0.240481	0.10470666433728454
0.244489	0.11125843398032542
0.248497	0.11801896861285832
0.252505	0.12497638779674684
0.256513	0.1321190245704807
0.260521	0.1394354397325851
0.264529	0.146914433830755
0.268537	0.15454505708391977
0.272545	0.16231661744498505
0.276553	0.17021868699400677
0.280561	0.17824110683493694
0.284569	0.18637399065376062
0.288577	0.19460772708173685
0.292585	0.20293298099447662
0.296593	0.211340693865675
0.300601	0.21982208328337044
0.304609	0.22836864172657925
0.308617	0.23697213469096867
0.312625	0.24562459824383148
0.316633	0.25431833608094534
0.320641	0.26304591615088807
0.324649	0.27180016690598174
0.328657	0.2805741732332053
0.332665	0.28936127211310264
0.336673	0.29815504804987575
0.340681	0.3069493283114562
0.344689	0.31573817801434706
0.348697	0.3245158950844015
0.352705	0.3332770051214056
0.356713	0.34201625619234827
0.360721	0.35072861357555096
0.364729	0.3594092544753802
0.368737	0.36805356272504586
0.372745	0.37665712349298125
0.376754	0.38521571800648935
0.380762	0.39372531830469987
0.38477	0.4021820820314066
0.388778	0.4105823472770212
0.392786	0.4189226274776778
0.396794	0.4271996063784463
0.400802	0.4354101330666362
0.40481	0.44355121708030115
0.408818	0.4516200235962712
0.412826	0.4596138687013339
0.416834	0.46753021474955847
0.420842	0.4753666658081893
0.42485	0.4831209631940356
0.428858	0.490790981101829
0.432866	0.498374722325625
0.436874	0.5058703140739617
0.440882	0.5132760038791777
0.44489	0.5205901556010052
0.448898	0.5278112455243087
0.452906	0.5349378585506186
0.456914	0.5419686844829175
0.460922	0.548902514402964
0.46493	0.5557382371402972
0.468938	0.562474835831927
0.472946	0.5691113845716138
0.476954	0.5756470451475366
0.480962	0.5820810638670718
0.48497	0.5884127684673316
0.488978	0.5946415651100547
0.492986	0.6007669354593943
0.496994	0.6067884338411035
0.501002	0.6127056844815939
0.50501	0.6185183788253148
0.509018	0.6242262729288808
0.513026	0.6298291849303691
0.517034	0.6353269925921945
0.521042	0.6407196309159705
0.52505	0.6460070898277669
0.529058	0.651189411932177
0.533066	0.6562666903336166
0.537074	0.6612390665232879
0.541082	0.6661067283302536
0.54509	0.6708699079350839
0.549098	0.6755288799445517
0.553106	0.6800839595258765
0.557114	0.6845355005990308
0.561122	0.6888838940856489
0.56513	0.6931295662130983
0.569138	0.6972729768722962
0.573146	0.7013146180278789
0.577154	0.7052550121793559
0.581162	0.7090947108719045
0.58517	0.7128342932554854
0.589178	0.7164743646909886
0.593186	0.7200155554021388
0.597194	0.7234585191719206
0.601202	0.7268039320823058
0.60521	0.7300524912960935
0.609218	0.7332049138796961
0.613226	0.7362619356657335
0.617234	0.7392243101543204
0.621242	0.7420928074519573
0.625251	0.7448682132469614
0.629259	0.7475513278203991
0.633267	0.7501429650915018
0.637275	0.7526439516965774
0.641283	0.7550551261004477
0.645291	0.7573773377394692
0.649299	0.7596114461952159
0.653307	0.7617583203979252
0.657315	0.7638188378588325
0.661323	0.7657938839305403
0.665331	0.7676843510945878
0.669339	0.7694911382754129
0.673347	0.7712151501799137
0.677355	0.7728572966618399
0.681363	0.7744184921102664
0.685371	0.7758996548614159
0.689379	0.777301706633121
0.693387	0.7786255719812334
0.697395	0.7798721777773054
0.701403	0.7810424527068894
0.705411	0.7821373267878156
0.709419	0.7831577309078271
0.713427	0.7841045963809703
0.717435	0.7849788545221497
0.721443	0.7857814362392777
0.725451	0.7865132716424635
0.729459	0.7871752896697003
0.733467	0.7877684177285241
0.737475	0.7882935813531365
0.741483	0.7887517038764911
0.745491	0.7891437061168642
0.749499	0.7894705060784394
0.753507	0.7897330186654504
0.757515	0.7899321554094401
0.761523	0.7900688242092047
0.765531	0.7901439290830072
0.769539	0.7901583699326526
0.773547	0.7901130423190315
0.777555	0.7900088372487492
0.781563	0.7898466409714707
0.785571	0.7896273347876177
0.789579	0.7893517948660702
0.793587	0.7890208920715316
0.797595	0.788635491801228
0.801603	0.7881964538306212
0.805611	0.7877046321678248
0.809619	0.7871608749164225
0.813627	0.786566024146396
0.817635	0.7859209157728784
0.821643	0.7852263794424581
0.825651	0.7844832384267671
0.829659	0.7836923095230939
0.833667	0.7828544029617699
0.837675	0.7819703223200873
0.841683	0.781040864442511
0.845691	0.7800668193669562
0.849699	0.7790489702569106
0.853707	0.7779880933391848
0.857715	0.7768849578470849
0.861723	0.7757403259688017
0.865731	0.7745549528008256
0.869739	0.7733295863061933
0.873747	0.772064967277385
0.877756	0.770761829303694
0.881764	0.7694208987428948
0.885772	0.7680428946970458
0.88978	0.766628528992261
0.893788	0.7651785061622978
0.897796	0.7636935234358064
0.901804	0.7621742707270968
0.905812	0.760621430630278
0.90982	0.7590356784166357
0.913828	0.7574176820351115
0.917836	0.7557681021157584
0.921844	0.7540875919760445
0.925852	0.7523767976298873
0.92986	0.7506363577992998
0.933868	0.7488669039285365
0.937876	0.7470690602006295
0.941884	0.7452434435562098
0.945892	0.7433906637145112
0.9499	0.7415113231964584
0.953908	0.7396060173497423
0.957916	0.7376753343757926
0.961924	0.7357198553585574
0.965932	0.7337401542950026
0.96994	0.7317367981272489
0.973948	0.7297103467762663
0.977956	0.7276613531770468
0.981964	0.7255903633151808
0.985972	0.7234979162647663
0.98998	0.7213845442275778
0.993988	0.7192507725734294
0.997996	0.7170971198816661
1.002004	0.7149240979837207
1.006012	0.7127322120066742
1.01002	0.710521960417763
1.014028	0.7082938350697736
1.018036	0.7060483212472732
1.022044	0.703785897713621
1.026052	0.7015070367587101
1.03006	0.6992122042473922
1.034068	0.6969018596685361
1.038076	0.6945764561846751
1.042084	0.6922364406822006
1.046092	0.6898822538220568
1.0501	0.6875143300909002
1.054108	0.6851330978526793
1.058116	0.682738979400602
1.062124	0.6803323910094503
1.066132	0.6779137429882104
1.07014	0.6754834397329816
1.074148	0.6730418797801351
1.078156	0.6705894558596884
1.082164	0.6681265549488674
1.086172	0.6656535583258268
1.09018	0.6631708416235014
1.094188	0.6606787748835611
1.098196	0.6581777226104457
1.102204	0.6556680438254535
1.106212	0.6531500921208606
1.11022	0.6506242157140495
1.114228	0.6480907575016243
1.118236	0.6455500551134915
1.122244	0.6430024409668892
1.126253	0.6404482423203414
1.130261	0.637887781327524
1.134269	0.6353213750910212
1.138277	0.6327493357159588
1.142285	0.630171970363496
1.146293	0.6275895813041626
1.150301	0.6250024659710255
1.154309	0.6224109170126719
1.158317	0.6198152223459958
1.162325	0.6172156652087741
1.166333	0.6146125242120226
1.170341	0.612006073392118
1.174349	0.6093965822626776
1.178357	0.6067843158661835
1.182365	0.6041695348253453
1.186373	0.6015524953941883
1.190381	0.5989334495088606
1.194389	0.5963126448381508
1.198397	0.5936903248337074
1.202405	0.5910667287799537
1.206413	0.58844209184369
1.210421	0.5858166451233773
1.214429	0.5831906156980969
1.218437	0.5805642266761781
1.222445	0.5779376972434913
1.226453	0.5753112427113983
1.230461	0.5726850745643588
1.234469	0.5700594005071841
1.238477	0.5674344245119387
1.242485	0.5648103468644826
1.246493	0.5621873642106519
1.250501	0.5595656696020741
1.254509	0.5569454525416173
1.258517	0.5543268990284667
1.262525	0.5517101916028286
1.266533	0.5490955093902611
1.270541	0.5464830281456247
1.274549	0.5438729202966561
1.278557	0.541265354987161
1.282565	0.5386604981198249
1.286573	0.5360585123986414
1.290581	0.5334595573709567
1.294589	0.5308637894691292
1.298597	0.5282713620518046
1.302605	0.525682425444805
1.306613	0.5230971269816329
1.310621	0.5205156110435888
1.314629	0.5179380190995032
1.318637	0.5153644897450836
1.322645	0.5127951587418761
1.326653	0.5102301590558417
1.330661	0.5076696208955497
1.334669	0.5051136717499873
1.338677	0.502562436425986
1.342685	0.5000160370852679
1.346693	0.4974745932811105
1.350701	0.4949382219946328
1.354709	0.4924070376707028
1.358717	0.4898811522534693
1.362725	0.48736067522151716
1.366733	0.4848457136226502
1.370741	0.4823363721083012
1.374749	0.47983275296757166
1.378758	0.477334956160903
1.382766	0.4748430793533808
1.386774	0.47235721794767443
1.390782	0.4698774651166128
1.39479	0.4674039118354002
1.398798	0.4649366469134723
1.402806	0.4624757570259959
1.406814	0.4600213267450135
1.410822	0.45757343857023586
1.41483	0.4551321729594839
1.418838	0.45269760835878275
1.422846	0.45026982123211073
1.426854	0.4478488860908039
1.430862	0.44543487552262123
1.43487	0.4430278602204697
1.438878	0.440627909010795
1.442886	0.43823508888163776
1.446894	0.4358494650103588
1.450902	0.4334711007910366
1.45491	0.4311000578615382
1.458918	0.428736396130267
1.462926	0.42638017380258986
1.466934	0.42403144740694626
1.470942	0.42169027182064145
1.47495	0.4193567002953271
1.478958	0.4170307844821719
1.482966	0.41471257445672377
1.486974	0.4124021187434682
1.490982	0.41009946434008365
1.49499	0.40780465674139754
1.498998	0.40551773996304535
1.503006	0.40323875656483565
1.507014	0.4009677476738234
1.511022	0.3987047530070947
1.51503	0.3964498108942648
1.519038	0.3942029582996935
1.523046	0.39196423084441906
1.527054	0.3897336628278143
1.531062	0.38751128724896744
1.53507	0.38529713582778957
1.539078	0.38309123902585324
1.543086	0.3808936260669617
1.547094	0.3787043249574559
1.551102	0.376523362506257
1.55511	0.374350764344651
1.559118	0.37218655494581565
1.563126	0.37003075764409366
1.567134	0.3678833946540139
1.571142	0.36574448708906376
1.57515	0.36361405498021543
1.579158	0.3614921172942076
1.583166	0.35937869195158645
1.587174	0.35727379584450786
1.591182	0.355177444854303
1.59519	0.353089653868811
1.599198	0.35101043679947985
1.603206	0.3489398065982386
1.607214	0.3468777752741441
1.611222	0.34482435390980337
1.61523	0.342779552677575
1.619238	0.34074338085555156
1.623246	0.3387158468433261
1.627255	0.3366969581775439
1.631263	0.33468672154724355
1.635271	0.3326851428089879
1.639279	0.33069222700178896
1.643287	0.3287079783618278
1.647295	0.32673240033697243
1.651303	0.3247654956010957
1.655311	0.32280726606819576
1.659319	0.3208577129063211
1.663327	0.31891683655130243
1.667335	0.3169846367202941
1.671343	0.31506111242512624
1.675351	0.3131462619854713
1.679359	0.3112400830418256
1.683367	0.3093425725683094
1.687375	0.3074537268852866
1.691383	0.30557354167180706
1.695391	0.3037020119778728
1.699399	0.30183913223653086
1.703407	0.2999848962757947
1.707415	0.2981392973303961
1.711423	0.2963023280533692
1.715431	0.29447398052746976
1.719439	0.29265424627643066
1.723447	0.29084311627605597
1.727455	0.28904058096515556
1.731463	0.2872466302563222
1.735471	0.2854612535465532
1.739479	0.28368443972771795
1.743487	0.2819161771968741
1.747495	0.2801564538664336
1.751503	0.2784052571741801
1.755511	0.27666257409314143
1.759519	0.2749283911413164
1.763527	0.2732026943912594
1.767535	0.27148546947952407
1.771543	0.26977670161596806
1.775551	0.2680763755929202
1.779559	0.26638447579421204
1.783567	0.26470098620407573
1.787575	0.2630258904159092
1.791583	0.26135917164091127
1.795591	0.2597008127165875
1.799599	0.258050796115129
1.803607	0.2564091039516653
1.807615	0.2547757179923935
1.811623	0.2531506196625849
1.815631	0.25153379005447035
1.819639	0.24992520993500697
1.823647	0.24832485975352633
1.827655	0.24673271964926694
1.831663	0.24514876945879155
1.835671	0.24357298872329142
1.839679	0.2420053566957786
1.843687	0.24044585234816804
1.847695	0.2388944543782505
1.851703	0.23735114121655812
1.855711	0.23581589103312406
1.859719	0.23428868174413695
1.863727	0.23276949101849248
1.867735	0.23125829628424283
1.871743	0.22975507473494527
1.875752	0.22825980333591198
1.87976	0.22677245883036112
1.883768	0.22529301774547206
1.887776	0.22382145639834441
1.891784	0.22235775090186352
1.895792	0.2209018771704727
1.8998	0.21945381092585392
1.903808	0.2180135277025183
1.907816	0.21658100285330695
1.911824	0.2151562115548041
1.915832	0.2137391288126634
1.91984	0.21232972946684844
1.923848	0.21092798819678873
1.927856	0.20953387952645255
1.931864	0.20814737782933723
1.935872	0.20676845733337854
1.93988	0.20539709212577997
1.943888	0.20403325615776316
1.947896	0.20267692324924025
1.951904	0.20132806709340967
1.955912	0.19998666126127593
1.95992	0.19865267920609514
1.963928	0.19732609426774622
1.967936	0.19600687967702998
1.971944	0.19469500855989616
1.975952	0.19339045394159987
1.97996	0.1920931887507885
1.983968	0.19080318582351963
1.987976	0.18952041790721116
1.991984	0.18824485766452478
1.995992	0.1869764776771832
2.0	0.1857152504497227
