0.0	0.0
0.004008	0.006402991361056596
0.008016	0.012114458257967782
0.012024	0.017373282894353352
0.016032	0.02236636201338337
0.02004	0.027238151452717074
0.024048	0.032098597629591046
0.028056	0.037029714894967224
0.032064	0.04209102760775352
0.036072	0.047324061732419924
0.04008	0.052756041864706484
0.044088	0.05840292507870245
0.048096	0.06427188221330357
0.052104	0.0703633196207585
0.056112	0.07667251950979806
0.06012	0.08319096442537005
0.064128	0.08990740077047561
0.068136	0.0968086872981544
0.072144	0.10388046693196538
0.076152	0.11110769389727033
0.08016	0.11847504278095346
0.084168	0.12596722162879476
0.088176	0.1335692074056259
0.092184	0.14126641897151526
0.096192	0.14904484007230914
0.1002	0.15689110262405054
0.104208	0.16479253871952812
0.108216	0.1727372082433456
0.112224	0.18071390770020507
0.116232	0.18871216479790073
0.12024	0.1967222224465827
0.124248	0.20473501510940714
0.128257	0.21274213984160947
0.132265	0.22073582386413693
0.136273	0.22870889011641143
0.140281	0.23665472190554235
0.144289	0.24456722750376203
0.148297	0.25244080533142
0.152305	0.26027031019066943
0.156313	0.268051020877589
0.160321	0.27577860939169035
0.164329	0.2834491118763985
0.168337	0.29105890135783924
0.172345	0.29860466229855287
0.176353	0.3060833669445955
0.180361	0.3134922534164452
0.184369	0.32082880547415843
0.188377	0.3280907338736689
0.192385	0.33527595922260933
0.196393	0.34238259623945577
0.200401	0.3494089393182275
0.204409	0.35635344930169915
0.208417	0.3632147413684848
0.212425	0.36999157394297677
0.216433	0.3766828385415758
0.220441	0.38328755047364166
0.224449	0.3898048403208869
0.228457	0.39623394612435325
0.232465	0.4025742062135149
0.236473	0.4088250526173406
0.240481	0.41498600500224503
0.244489	0.4210566650867185
0.248497	0.42703671148700834
0.252505	0.4329258949525131
0.256513	0.43872403395353976
0.260521	0.44443101058775275
0.264529	0.4500467667750282
0.268537	0.45557130071351926
0.272545	0.4610046635725559
0.276553	0.4663469564005558
0.280561	0.47159832722843603
0.284569	0.47675896835109405
0.288577	0.4818291137713998
0.292585	0.4868090367928154
0.296593	0.49169904774826007
0.300601	0.4964994918541742
0.304609	0.5012107471799265
0.308617	0.5058332227237671
0.312625	0.5103673565874661
0.316633	0.5148136142426102
0.320641	0.5191724868822597
0.324649	0.5234444898523228
0.328657	0.5276301611575693
0.332665	0.5317300600377157
0.336673	0.5357447656094517
0.340681	0.5396748755706722
0.344689	0.5435210049635186
0.348697	0.5472837849931382
0.352705	0.5509638618993316
0.356713	0.5545618958784929
0.360721	0.5580785600534544
0.364729	0.561514539489023
0.368737	0.5648705302511604
0.372745	0.5681472385078955
0.376754	0.5713453796701834
0.380762	0.5744656775710377
0.38477	0.5775088636813557
0.388778	0.5804756763609515
0.392786	0.5833668601433833
0.396794	0.586183165053236
0.400802	0.5889253459545845
0.40481	0.5915941619294193
0.408818	0.5941903756848693
0.412826	0.5967147529881087
0.416834	0.5991680621278739
0.420842	0.6015510734015654
0.42485	0.6038645586269432
0.428858	0.6061092906774626
0.432866	0.6082860430403326
0.436874	0.610395589396412
0.440882	0.6124387032210863
0.44489	0.6144161574053028
0.448898	0.6163287238959656
0.452906	0.6181771733549236
0.456914	0.619962274835805
0.460922	0.6216847954779849
0.46493	0.6233455002169902
0.468938	0.6249451515106731
0.472946	0.6264845090805083
0.476954	0.6279643296673895
0.480962	0.6293853668013216
0.48497	0.6307483705844313
0.488978	0.6320540874867318
0.492986	0.6333032601541044
0.496994	0.634496627227974
0.501002	0.6356349231761775
0.50501	0.6367188781345409
0.509018	0.6377492177586991
0.513026	0.6387266630857105
0.517034	0.6396519304050332
0.521042	0.6405257311384491
0.52505	0.641348771728535
0.529058	0.642121753535296
0.533066	0.6428453727405937
0.537074	0.6435203202600125
0.541082	0.6441472816618231
0.54509	0.6447269370927167
0.549098	0.6452599612099938
0.553106	0.6457470231199085
0.557114	0.6461887863218746
0.561122	0.6465859086582598
0.56513	0.6469390422694986
0.569138	0.6472488335542704
0.573146	0.6475159231344961
0.577154	0.6477409458249204
0.581162	0.6479245306070529
0.58517	0.6480673006072553
0.589178	0.6481698730787651
0.593186	0.6482328593874616
0.597194	0.6482568650011834
0.601202	0.6482424894824161
0.60521	0.6481903264841791
0.609218	0.6481009637489434
0.613226	0.6479749831104246
0.617234	0.6478129604980971
0.621242	0.6476154659442876
0.625251	0.6473830635937059
0.629259	0.6471163117152845
0.633267	0.6468157627161972
0.637275	0.646481963157939
0.641283	0.6461154537743491
0.645291	0.6457167694914685
0.649299	0.6452864394491268
0.653307	0.6448249870241569
0.657315	0.6443329298551427
0.661323	0.6438107798686069
0.665331	0.6432590433065531
0.669339	0.6426782207552775
0.673347	0.6420688071753705
0.677355	0.6414312919328345
0.681363	0.6407661588312422
0.685371	0.640073886144868
0.689379	0.6393549466527283
0.693387	0.6386098076734641
0.697395	0.6378389311010094
0.701403	0.6370427734409871
0.705411	0.6362217858477778
0.709419	0.6353764141622096
0.713427	0.6345070989498213
0.717435	0.6336142755396489
0.721443	0.6326983740634943
0.725451	0.6317598194956299
0.729459	0.630799031692902
0.733467	0.6298164254351918
0.737475	0.628812410466199
0.741483	0.6277873915345112
0.745491	0.6267417684349288
0.749499	0.6256759360500102
0.753507	0.6245902843918102
0.757515	0.623485198643782
0.761523	0.622361059202815
0.765531	0.6212182417213836
0.769539	0.6200571171497826
0.773547	0.6188780517784244
0.777555	0.6176814072801787
0.781563	0.6164675407527312
0.785571	0.6152368047609429
0.789579	0.61398954737919
0.793587	0.6127261122336688
0.797595	0.611446838544646
0.801603	0.6101520611686405
0.805611	0.6088421106405205
0.809619	0.6075173132155017
0.813627	0.6061779909110336
0.817635	0.6048244615485608
0.821643	0.6034570387951468
0.825651	0.6020760322049498
0.829659	0.600681747260539
0.833667	0.5992744854140418
0.837675	0.5978545441281121
0.841683	0.5964222169167103
0.845691	0.5949777933856877
0.849699	0.5935215592731667
0.853707	0.5920537964897089
0.857715	0.5905747831582647
0.861723	0.589084793653899
0.865731	0.5875840986432838
0.869739	0.5860729651239557
0.873747	0.5845516564633304
0.877756	0.5830204324374704
0.881764	0.581479549269601
0.885772	0.5799292596683709
0.88978	0.5783698128658522
0.893788	0.5768014546552779
0.897796	0.5752244274285121
0.901804	0.5736389702132507
0.905812	0.5720453187099503
0.90982	0.5704437053284803
0.913828	0.5688343592245
0.917836	0.567217506335554
0.921844	0.5655933694168889
0.925852	0.5639621680769846
0.92986	0.5623241188128036
0.933868	0.5606794350447535
0.937876	0.559028327151363
0.941884	0.5573710025036713
0.945892	0.5557076654993288
0.9499	0.5540385175964085
0.953908	0.5523637573469294
0.957916	0.5506835804300897
0.961924	0.5489981796852104
0.965932	0.5473077451443896
0.96994	0.5456124640648673
0.973948	0.5439125209611
0.977956	0.5422080976365476
0.981964	0.5404993732151709
0.985972	0.5387865241726408
0.98998	0.537069724367261
0.993988	0.5353491450706025
0.997996	0.5336249549978537
1.002004	0.531897320337884
1.006012	0.5301664047830239
1.01002	0.5284323695585618
1.014028	0.5266953734519585
1.018036	0.5249555728417804
1.022044	0.5232131217263539
1.026052	0.5214681717521398
1.03006	0.5197208722418317
1.034068	0.5179713702221774
1.038076	0.5162198104515268
1.042084	0.5144663354471056
1.046092	0.5127110855120183
1.0501	0.5109541987619806
1.054108	0.5091958111517831
1.058116	0.5074360565014892
1.062124	0.5056750665223652
1.066132	0.5039129708425498
1.07014	0.5021498970324593
1.074148	0.500385970629933
1.078156	0.4986213151651207
1.082164	0.4968560521851129
1.086172	0.49509030127831555
1.09018	0.493324180098572
1.094188	0.4915578043890335
1.098196	0.48979128800577965
1.102204	0.4880247429411913
1.106212	0.48625827934707744
1.11022	0.48449200555755784
1.114228	0.4827260281117033
1.118236	0.48096045177593605
1.122244	0.4791953795661909
1.126253	0.4774309127698403
1.130261	0.4756671509673845
1.134269	0.4739041920539086
1.138277	0.47214213226030943
1.142285	0.4703810661742925
1.146293	0.46862108676114234
1.150301	0.4668622853842677
1.154309	0.4651047518255232
1.158317	0.4633485743053095
1.162325	0.46159383950245453
1.166333	0.4598406325738764
1.170341	0.45808903717403143
1.174349	0.4563391354741476
1.178357	0.4545910081812469
1.182365	0.45284473455695695
1.186373	0.4511003924361152
1.190381	0.4493580582451665
1.194389	0.44761780702035636
1.198397	0.44587971242572205
1.202405	0.44414384677088264
1.206413	0.4424102810286307
1.210421	0.44067908485232704
1.214429	0.4389503265931
1.218437	0.43722407331685215
1.222445	0.4355003908210751
1.226453	0.4337793436514751
1.230461	0.4320609951184105
1.234469	0.43034540731314375
1.238477	0.42863264112390853
1.242485	0.42692275625179543
1.246493	0.4252158112264559
1.250501	0.4235118634216285
1.254509	0.42181096907048693
1.258517	0.42011318328081365
1.262525	0.4184185600499992
1.266533	0.41672715227986995
1.270541	0.4150390117913455
1.274549	0.41335418933892754
1.278557	0.4116727346250219
1.282565	0.40999469631409574
1.286573	0.40832012204667056
1.290581	0.40664905845315413
1.294589	0.40498155116751167
1.298597	0.4033176448407787
1.302605	0.40165738315441696
1.306613	0.40000080883351474
1.310621	0.3983479636598337
1.314629	0.39669888848470336
1.318637	0.3950536232417649
1.322645	0.39341220695956625
1.326653	0.391774677774009
1.330661	0.3901410729406502
1.334669	0.38851142884685896
1.338677	0.38688578102383
1.342685	0.3852641641584568
1.346693	0.3836466121050636
1.350701	0.38203315789699915
1.354709	0.3804238337580939
1.358717	0.37881867111398104
1.362725	0.3772177006032837
1.366733	0.375620952088669
1.370741	0.3740284546677713
1.374749	0.37244023668398485
1.378758	0.37085632573712857
1.382766	0.36927674869398286
1.386774	0.36770153169870146
1.390782	0.36613070018309785
1.39479	0.36456427887680937
1.398798	0.36300229181733895
1.402806	0.36144476235997663
1.406814	0.3598917131876015
1.410822	0.3583431663203663
1.41483	0.3567991431252647
1.418838	0.3552596643255837
1.422846	0.3537247500102418
1.426854	0.352194419643014
1.430862	0.3506686920716455
1.43487	0.3491475855368547
1.438878	0.3476311176812271
1.442886	0.34611930555800124
1.446894	0.34461216563974756
1.450902	0.3431097138269416
1.45491	0.3416119654564332
1.458918	0.34011893530981124
1.462926	0.3386306376216676
1.466934	0.33714708608775873
1.470942	0.33566829387306774
1.47495	0.33419427361976795
1.478958	0.3327250374550882
1.482966	0.3312605969990815
1.486974	0.3298009633722982
1.490982	0.32834614720336486
1.49499	0.3268961586364688
1.498998	0.32545100733875126
1.503006	0.3240107025076083
1.507014	0.32257525287790145
1.511022	0.32114466672907965
1.51503	0.31971895189221167
1.519038	0.31829811575693195
1.523046	0.3168821652782999
1.527054	0.3154711069835735
1.531062	0.31406494697889853
1.53507	0.31266369095591445
1.539078	0.3112673441982775
1.543086	0.30987591158810185
1.547094	0.3084893976123208
1.551102	0.30710780636896756
1.55511	0.3057311415733772
1.559118	0.30435940656431054
1.563126	0.3029926043100012
1.567134	0.30163073741412605
1.571142	0.3002738081217005
1.57515	0.2989218183248992
1.579158	0.29757476956880285
1.583166	0.29623266305707247
1.587174	0.29489549965755146
1.591182	0.2935632799077967
1.59519	0.2922360040205389
1.599198	0.29091367188907374
1.603206	0.2895962830925842
1.607214	0.2882838369013943
1.611222	0.286976332282157
1.61523	0.2856737679029741
1.619238	0.28437614213845136
1.623246	0.28308345307468885
1.627255	0.28179569851420655
1.631263	0.2805128759808068
1.635271	0.27923498272437436
1.639279	0.2779620157256139
1.643287	0.27669397170072696
1.647295	0.27543084710602755
1.651303	0.2741726381424987
1.655311	0.2729193407602894
1.659319	0.2716709506631532
1.663327	0.2704274633128291
1.667335	0.2691888739333651
1.671343	0.2679551775153859
1.675351	0.266726368820304
1.679359	0.26550244238447607
1.683367	0.26428339252330535
1.687375	0.263069213335289
1.691383	0.26185989870601345
1.695391	0.2606554423120963
1.699399	0.25945583762507674
1.703407	0.25826107791525427
1.707415	0.2570711562554768
1.711423	0.2558860655248786
1.715431	0.25470579841256863
1.719439	0.2535303474212697
1.723447	0.2523597048709096
1.727455	0.2511938629021637
1.731463	0.25003281347995127
1.735471	0.24887654839688386
1.739479	0.2477250592766685
1.743487	0.24657833757746456
1.747495	0.2454363745951962
1.751503	0.24429916146681935
1.755511	0.24316668917354556
1.759519	0.24203894854402175
1.763527	0.2409159302574672
1.767535	0.2397976248467679
1.771543	0.23868402270152908
1.775551	0.23757511407108609
1.779559	0.2364708890674744
1.783567	0.23537133766835908
1.787575	0.23427644971992417
1.791583	0.2331862149397226
1.795591	0.23210062291948697
1.799599	0.2310196631279018
1.803607	0.2299433249133375
1.807615	0.22887159750654681
1.811623	0.22780447002332388
1.815631	0.2267419314671266
1.819639	0.22568397073166258
1.823647	0.22463057660343924
1.827655	0.2235817377642783
1.831663	0.22253744279379548
1.835671	0.22149768017184512
1.839679	0.22046243828093112
1.843687	0.21943170540858356
1.847695	0.21840546974970237
1.851703	0.21738371940886758
1.855711	0.21636644240261743
1.859719	0.2153536266616938
1.863727	0.21434526003325624
1.867735	0.2133413302830643
1.871743	0.2123418250976289
1.875752	0.21134673208633314
1.87976	0.2103560387835226
1.883768	0.20936973265056588
1.887776	0.20838780107788546
1.891784	0.2074102313869595
1.895792	0.2064370108322946
1.8998	0.20546812660337027
1.903808	0.20450356582655504
1.907816	0.20354331556699493
1.911824	0.20258736283047432
1.915832	0.20163569456524993
1.91984	0.2006882976638576
1.923848	0.19974515896489298
1.927856	0.1988062652547659
1.931864	0.19787160326942896
1.935872	0.19694115969608053
1.93988	0.1960149211748427
1.943888	0.19509287430041428
1.947896	0.1941750056236991
1.951904	0.1932613016534104
1.955912	0.19235174885765066
1.95992	0.19144633366546837
1.963928	0.19054504246839107
1.967936	0.18964786162193542
1.971944	0.1887547774470942
1.975952	0.18786577623180134
1.97996	0.186980844232374
1.983968	0.1860999676749333
1.987976	0.18522313275680308
1.991984	0.1843503256478871
1.995992	0.18348153249202534
2.0	0.1826167394083294
