0.0	0.0	0.0
0.004008	0.04732909364835739	0.0004839669570179661
0.008016	0.09509944755614828	0.0009741498872252727
0.012024	0.1432865403512446	0.001469661314036871
0.016032	0.19186273724908115	0.001969511733035363
0.02004	0.24079716473410107	0.002472607863963538
0.024048	0.29005560435786865	0.002977752159587321
0.028056	0.33960041008838443	0.0034836438108586383
0.032064	0.3893904538831745	0.003988881502471254
0.036072	0.43938110430986704	0.004491968184142003
0.04008	0.4895242430784366	0.004991318129756265
0.044088	0.539768324254774	0.0054852665578361765
0.048096	0.5900584806720407	0.0059720820815660795
0.052104	0.6403366816228107	0.006449982243797569
0.056112	0.6905419452835448	0.006917152371073116
0.06012	0.740610608481486	0.007371767949818078
0.064128	0.7904766553582894	0.007812020686583773
0.068136	0.8400721052200382	0.008236148361669268
0.072144	0.8893274584064179	0.008642468520587292
0.076152	0.9381721973921776	0.009029415969262967
0.08016	0.9865353385942083	0.009395583944523866
0.084168	1.0343460285534278	0.009739768718181982
0.088176	1.0815341763598263	0.010061017256002681
0.092184	1.1280311124688083	0.010358677385004027
0.096192	1.1737702625009139	0.01063244971386772
0.1002	1.2186878233104377	0.010882440288624057
0.104208	1.2627234276333743	0.011109212633234413
0.108216	1.3058207830544324	0.011313837405038217
0.112224	1.3479282709247107	0.011497937373730862
0.116232	1.3889994912543129	0.011663724804888809
0.12024	1.4289937405117208	0.01181402761192681
0.124248	1.4678764106714135	0.011952299888949153
0.128257	1.505619299722422	0.012082611765089778
0.132265	1.5422008261161728	0.012209613119965764
0.136273	1.5776061422016734	0.012338465844929635
0.140281	1.6118271444612904	0.01247474036128529
0.144289	1.6448623812010443	0.012624274337241939
0.148297	1.6767168611415895	0.012792995157116252
0.152305	1.70740176897993	0.012986712545422469
0.156313	1.7369340963389865	0.013210893217918327
0.160321	1.7653361985018017	0.013470434407285762
0.164329	1.7926352888716175	0.013769456189324542
0.168337	1.8188628841662604	0.014111132473367687
0.172345	1.8440542139298317	0.014497576780760543
0.176353	1.8682476080370052	0.014929792049371232
0.180361	1.8914838755086059	0.015407685204890893
0.184369	1.9138056872038165	0.015930139145519898
0.188377	1.9352569738705934	0.016495128856115874
0.192385	1.9558823496965678	0.017099865536101638
0.196393	1.975726569986231	0.017740952841874387
0.200401	1.9948340299735703	0.018414541816952706
0.204409	2.0132483101342564	0.019116474718085974
0.208417	2.0310117717512255	0.01984241174719235
0.212425	2.0481652049648877	0.020587937991633568
0.216433	2.0647475301454135	0.021348650342071666
0.220441	2.0807955521890857	0.022120225761509467
0.224449	2.0963437662817013	0.02289847314945154
0.228457	2.1114242127975293	0.023679371372989734
0.232465	2.1260663783116485	0.024459096010847323
0.236473	2.1402971391888097	0.025234037130501145
0.240481	2.1541407438602294	0.026000810102269675
0.244489	2.1676188296939656	0.026756261117810543
0.248497	2.1807504702857767	0.02749746876371335
0.252505	2.1935522490255317	0.028221742722622227
0.256513	2.2060383549094156	0.02892662044067062
0.260521	2.218220696751385	0.029609862409499064
0.264529	2.2301090321810535	0.030269446559075576
0.268537	2.2417111080838206	0.030903562137794268
0.272545	2.2530328094290617	0.03151060336293672
0.276553	2.2640783137321963	0.032089163052105255
0.280561	2.274850248697134	0.032638026390162535
0.284569	2.285349850879649	0.033156164942815446
0.288577	2.2955771234941116	0.03364273099434975
0.292585	2.305530991751702	0.03409705226088722
0.296593	2.315209454365193	0.03451862701009858
0.300601	2.3246097300819937	0.03490711960223881
0.304609	2.333728398312909	0.03526235645459252
0.308617	2.3425615331090004	0.035584322421095535
0.312625	2.3511048299037407	0.03587315757038968
0.316633	2.3593537245833405	0.0361291543382983
0.320641	2.3673035045759576	0.03635275502424746
0.324649	2.3749494117619645	0.0365445495950972
0.328657	2.382286737103997	0.03670527375382293
0.332665	2.3893109069787046	0.03683580722421664
0.336673	2.3960175612633736	0.03693717219592393
0.340681	2.402402623291344	0.037010531866480574
0.344689	2.4084623618416074	0.037057189008290255
0.348697	2.414193445371385	0.037078584478539
0.352705	2.4195929887368073	0.037076295578736186
0.356713	2.4246585926770425	0.03705203415784931
0.360721	2.429388376362073	0.037007644338971184
0.364729	2.4337810033245435	0.03694509973432102
0.368737	2.437835701112229	0.036866499997564625
0.372745	2.441552275010241	0.03677406654665155
0.376754	2.444931116191459	0.03667013727552854
0.380762	2.4479732046602205	0.036557160060571026
0.38477	2.450680107358296	0.03643768485903171
0.388778	2.4530539718038704	0.03631435419432274
0.392786	2.45509751563378	0.036189891828925604
0.396794	2.4568140124168916	0.03606708944281251
0.400802	2.458207274102299	0.03594879116613563
0.40481	2.4592816304601453	0.035837875862103484
0.408818	2.4600419058654612	0.035737237121276334
0.412826	2.460493393766539	0.035649761012865475
0.416834	2.4606418291691843	0.03557830174128481
0.420842	2.4604933594567906	0.035525655474543366
0.42485	2.4600545138536694	0.03549453273998518
0.428858	2.4593321718256127	0.03548752991480409
0.432866	2.458333530697307	0.03550710046385198
0.436874	2.4570660727511453	0.03555552668390412
0.440882	2.4555375320562955	0.035634892789633804
0.44489	2.4537558612606976	0.03574706021076083
0.448898	2.4517291985621257	0.03589364595339837
0.452906	2.4494658350576666	0.0360760048068954
0.456914	2.446974182654094	0.036295216051135636
0.460922	2.4442627427047183	0.036552075144857595
0.46493	2.4413400755215413	0.036847090665262754
0.468938	2.438214770895025	0.03718048653925664
0.472946	2.4348954197375754	0.03755220937585421
0.476954	2.4313905869510806	0.03796194049612417
0.480962	2.4277087856035915	0.03840911207768047
0.48497	2.423858452485558	0.0388929266970428
0.488978	2.4198479251020166	0.03941237947159463
0.492986	2.4156854201438276	0.0399662819741831
0.496994	2.411379013468501	0.04055328711341461
0.501002	2.406936621609401	0.041171914233295845
0.50501	2.402365984821162	0.041820573776699864
0.509018	2.3976746516590657	0.04249759096701375
0.513026	2.392869965080848	0.04320122808062689
0.517034	2.387959050050995	0.04392970500049769
0.521042	2.3829488026200125	0.04468121785082479
0.52505	2.377845880444381	0.04545395560995323
0.529058	2.372656694706969	0.046246114680317744
0.533066	2.367387403392482	0.04705591145947947
0.537074	2.362043905868113	0.0478815930055415
0.541082	2.3566318387158085	0.04872144592481354
0.54509	2.3511565727595594	0.04957380363145662
0.549098	2.345623211228667	0.050437052140152885
0.553106	2.340036588996165	0.051309634555835724
0.557114	2.33440127283027	0.052190054421209255
0.561122	2.328721562596	0.05307687807501561
0.56513	2.323001493343792	0.05396873616327819
0.569138	2.3172448382220807	0.05486432443330239
0.573146	2.3114551121512874	0.05576240392699005
0.577154	2.305635576197537	0.056661800676753624
0.581162	2.2997892425855286	0.05756140499444542
0.58517	2.2939188802914035	0.058460170431671725
0.589178	2.28802702115806	0.05935711247871986
0.593186	2.282115966477191	0.06025130705931642
0.597194	2.2761877939842727	0.06114188886946942
0.601202	2.2702443652148325	0.06202804960079382
0.60521	2.264287333172528	0.0629090360818563
0.609218	2.2583181502618217	0.06378414836517493
0.613226	2.2523380764403793	0.06465273778242868
0.617234	2.2463481875486506	0.06551420498615666
0.621242	2.2403493837764756	0.06636799799257585
0.625251	2.234342398228909	0.06721361023712234
0.629259	2.228327805555802	0.06805057865177822
0.633267	2.2223060306119895	0.0688784817711442
0.637275	2.2162773571172005	0.06969693787251097
0.641283	2.2102419362870247	0.07050560315375022
0.645291	2.2041997954084174	0.07130416995172102
0.649299	2.198150846335325	0.07209236500296162
0.653307	2.1920948938820217	0.07286994774770532
0.657315	2.186031644093685	0.07363670867769137
0.661323	2.1799607123756144	0.07439246772778724
0.665331	2.173881631464261	0.07513707271110842
0.669339	2.1677938592249477	0.07587039779707115
0.673347	2.1616967862627594	0.0765923420316342
0.677355	2.1555897433346467	0.0773028278988651
0.681363	2.149472008552186	0.0780017999229019
0.685371	2.1433428143658713	0.07868922330934462
0.689379	2.1372013543230484	0.07936508262510529
0.693387	2.1310467895928595	0.0800293805157724
0.697395	2.1248782552526677	0.08068213645958593
0.701403	2.1186948663315377	0.08132338555716778
0.705411	2.1124957236073056	0.08195317735622187
0.709419	2.1062799191547343	0.08257157471049244
0.713427	2.1000465416430885	0.08317865267233995
0.717435	2.093794681382293	0.08377449741837227
0.721443	2.0875234351175584	0.0843592052076619
0.725451	2.0812319105730697	0.08493288137213925
0.729459	2.074919230745944	0.08549563933884485
0.733467	2.068584537952292	0.08604759968379158
0.737475	2.062226997627692	0.08658888921725234
0.741483	2.055845801884953	0.08711964010036559
0.745491	2.0494401728324307	0.08763998899300038
0.749499	2.0430093656566215	0.08815007623287574
0.753507	2.036552671473085	0.08865004504599139
0.757515	2.0300694199501397	0.08914004078844316
0.761523	2.023558981710022	0.08962021021975758
0.765531	2.0170207705125347	0.09009070080788086
0.769539	2.0104542452263865	0.09055166006600208
0.773547	2.003858911593713	0.09100323492138326
0.777555	1.9972343237933978	0.09144557111638613
0.781563	1.9905800858090252	0.09187881264188194
0.785571	1.9838958526074073	0.09230310120322333
0.789579	1.9771813311337683	0.09271857571893964
0.793587	1.9704362811297678	0.09312537185230016
0.797595	1.9636605157806242	0.09352362157586423
0.801603	1.9568539021976612	0.09391345276910022
0.805611	1.9500163617426551	0.09429498884912392
0.809619	1.9431478702003946	0.09466834843455942
0.813627	1.9362484578058727	0.09503364504248396
0.817635	1.9293182091325383	0.09539098681836451
0.821643	1.9223572628480254	0.09574047629884476
0.825651	1.9153658113437593	0.09608221020717936
0.829659	1.9083441002448	0.09641627928106027
0.833667	1.901292427806232	0.09674276813251496
0.837675	1.894211144202367	0.09706175513950054
0.841683	1.8871006507149573	0.09737331236875177
0.845691	1.8799613988265353	0.09767750552938238
0.849699	1.8727938892249194	0.09797439395668076
0.853707	1.865598670724827	0.09826403062547664
0.857715	1.8583763391124548	0.0985464621924005
0.861723	1.8511275359187618	0.09882172906630524
0.865731	1.8438529471270801	0.09908986550605976
0.869739	1.8365533018205749	0.09935089974488098
0.873747	1.8292293707749383	0.09960485414032032
0.877756	1.8218819650015787	0.09985174534897981
0.881764	1.814511934246429	0.1000915845249917
0.885772	1.8071201654493605	0.10032437754126734
0.88978	1.7997075811690602	0.1005501252324804
0.893788	1.7922751379780562	0.1007688236587379
0.897796	1.7848238248324673	0.10098046438885366
0.901804	1.7773546614208524	0.10118503480214473
0.905812	1.769868696496443	0.1013825184076385
0.90982	1.7623670061968217	0.10157289517958702
0.913828	1.754850692355018	0.10175614190817353
0.917836	1.7473208808057734	0.10193223256430535
0.921844	1.7397787196906334	0.1021011386773892
0.925852	1.7322253777652972	0.10226282972499502
0.92986	1.72466204271257	0.10241727353333982
0.933868	1.7170899194640343	0.1025644366875223
0.937876	1.7095102285334594	0.10270428495048287
0.941884	1.7019242043647616	0.10283678368966968
0.945892	1.6943330936972198	0.10296189831043182
0.9499	1.686738153950445	0.10307959469518604
0.953908	1.6791406516315026	0.10318983964743424
0.957916	1.6715418607663886	0.10329260133974723
0.961924	1.663943061357954	0.10338784976486112
0.965932	1.6563455378721845	0.10347555718907511
0.96994	1.6487505777546447	0.10355569860716916
0.973948	1.6411594699787064	0.10362825219810433
0.977956	1.6335735036270937	0.10369319978080219
0.981964	1.6259939665080898	0.10375052726933702
0.985972	1.618422143807679	0.10380022512691219
0.98998	1.6108593167787109	0.10384228881802501
0.993988	1.6033067614680894	0.10387671925826031
0.997996	1.595765747482861	0.10390352326118216
1.002004	1.5882375367959503	0.10392271398182494
1.006012	1.580723382592184	0.10393431135630861
1.01002	1.5732245281551356	0.10393834253713255
1.014028	1.5657422057952304	0.1039348423237196
1.018036	1.5582776358194268	0.10392385358779599
1.022044	1.5508320255427106	0.1039054276932196
1.026052	1.543406568341542	0.10387962490986248
1.03006	1.5360024427493115	0.10384651482117248
1.034068	1.528620811593771	0.10380617672503377
1.038076	1.5212628211763264	0.10375870002754278
1.042084	1.5139296004930052	0.10370418462931105
1.046092	1.5066222604968509	0.10364274130388798
1.0501	1.4993418934014073	0.10357449206788327
1.054108	1.492089572024913	0.10349957054233543
1.058116	1.4848663491747487	0.10341812230485459
1.062124	1.4776732570716478	0.10333030523201618
1.066132	1.4705113068131084	0.10323628983145523
1.07014	1.4633814878754003	0.10313625956304813
1.074148	1.4562847676535264	0.10303041114852286
1.078156	1.4492220910384517	0.10291895486877517
1.082164	1.4421943800308776	0.10280211484809484
1.086172	1.4352025333907903	0.1026801293244436
1.09018	1.4282474263220122	0.10255325090483232
1.094188	1.42132991019093	0.10242174680477216
1.098196	1.4144508122785677	0.10228589907067148
1.102204	1.407610935565132	0.10214600478396399
1.106212	1.40081105854616	0.10200237624564198
1.11022	1.3940519350793712	0.10185534113977106
1.114228	1.3873342942613245	0.10170524267444671
1.118236	1.3806588403329403	0.10155243969855049
1.122244	1.3740262526129832	0.10139730679253789
1.126253	1.3674371854585625	0.10124023433139011
1.130261	1.3608922682517242	0.10108162851773934
1.134269	1.3543921054111758	0.10092191138307437
1.138277	1.347937276428234	0.10076152075482724
1.142285	1.341528335926047	0.10060091018704194
1.146293	1.3351658137411577	0.10044054885223894
1.150301	1.3288502150264867	0.10028092139201485
1.154309	1.3225820203748262	0.10012252772384812
1.158317	1.3163616859619234	0.09996588280154092
1.162325	1.310189643708257	0.09981151632670154
1.166333	1.3040663014586225	0.09965997240866553
1.170341	1.2979920431786471	0.0995118091702889
1.174349	1.2919672291673816	0.09936759829709267
1.178357	1.2859921962850993	0.09922792452733792
1.182365	1.28006725819549	0.09909338508073405
1.186373	1.274192705621425	0.09896458902365379
1.190381	1.2683688066134906	0.09884215656894577
1.194389	1.2625958068305054	0.09872671830869252
1.198397	1.2568739298312597	0.09861891437858013
1.202405	1.2512033773767264	0.09851939355290174
1.206413	1.2455843297420222	0.09842881226963865
1.210421	1.2400169460373944	0.09834783358553234
1.214429	1.2345013645375555	0.09827712606157851
1.218437	1.2290377030186916	0.09821736257995149
1.222445	1.2236260591024917	0.09816921909398917
1.226453	1.2182665106065664	0.09813337331352778
1.230461	1.2129591159006405	0.09811050332858687
1.234469	1.2077039142679376	0.09810128617513135
1.238477	1.202500926271178	0.09810639634739891
1.242485	1.1973501541226352	0.09812650426204729
1.246493	1.1922515820577213	0.09816227468014586
1.250501	1.18720517671159	0.09821436509379658
1.254509	1.182210887498269	0.09828342408489496
1.258517	1.1772686469918279	0.0983700896642463
1.262525	1.1723783713091465	0.09847498759987863
1.266533	1.1675399604938392	0.09859872974397259
1.270541	1.1627532989009208	0.09874191236830314
1.274549	1.1580182555818015	0.0989051145184849
1.278557	1.1533346846692447	0.09908889639757575
1.282565	1.148702425761914	0.09929379778975272
1.286573	1.1441213043081693	0.09952033653478562
1.290581	1.1395911319887682	0.09976900706392228
1.294589	1.1351117070981722	0.10004027900752294
1.298597	1.1306828149241503	0.10033459588438161
1.302605	1.126304228125413	0.10065237388211452
1.306613	1.1219757071069818	0.10099400073730629
1.310621	1.1176970003930704	0.10135983472328537
1.314629	1.1134678449972235	0.10175020375246292
1.318637	1.109287966789501	0.10216540459912785
1.322645	1.1051570808604831	0.10260570224746902
1.326653	1.1010748918819093	0.10307132936839751
1.330661	1.0970410944637718	0.10356248592750741
1.334669	1.093055373507686	0.10407933892525326
1.338677	1.0891174045563705	0.10462202226915515
1.342685	1.085226854139108	0.1051906367766032
1.346693	1.0813833801130346	0.10578525030563019
1.350701	1.0775866320001477	0.10640589800988484
1.354709	1.0738362513198894	0.10705258271297675
1.358717	1.070131871917235	0.10772527539640142
1.362725	1.0664731202861746	0.10842391579439647
1.366733	1.0628596158884867	0.10914841308834786
1.370741	1.0592909714677579	0.10989864669274499
1.374749	1.0557667933585566	0.11067446712421135
1.378758	1.0522866817907062	0.11147569694477763
1.382766	1.048850231188615	0.11230213177034419
1.386774	1.045457030465593	0.11315354133518672
1.390782	1.0421066633131444	0.11402967060336924
1.39479	1.0387987084851995	0.11493024091806281
1.398798	1.035532740077235	0.1158549511800002
1.402806	1.0323083278003002	0.11680347904660618
1.406814	1.0291250372499183	0.11777548214374138
1.410822	1.0259824301698484	0.1187705992824513
1.41483	1.0228800647107315	0.11978845167362129
1.418838	1.0198174956835848	0.12082864413398874
1.422846	1.0167942748081953	0.12189076627752941
1.426854	1.013809950956396	0.12297439368683391
1.430862	1.0108640703902492	0.12407908905968622
1.43487	1.0079561769951557	0.12520440332664415
1.438878	1.0050858125079236	0.12634987673601214
1.442886	1.002252516739811	0.12751503990315516
1.446894	0.9994558277945855	0.12869941482164987
1.450902	0.9966952822816185	0.12990251583427553
1.45491	0.9939704155240708	0.13112385056233192
1.458918	0.9912807617622069	0.1323629207922148
1.462926	0.9886258543518479	0.1336192233185921
1.466934	0.9860052259580616	0.13489225074388808
1.470942	0.9834184087440916	0.1361814922341273
1.47495	0.9808649345555887	0.1374864342314788
1.478958	0.9783443351002153	0.13880656112410275
1.482966	0.9758561421226243	0.14014135587413468
1.486974	0.9733998875749221	0.14149030060482165
1.490982	0.9709751037826457	0.1428528771479991
1.49499	0.9685813236062896	0.14422856755322339
1.498998	0.9662180805984807	0.14561685455997778
1.503006	0.9638849091568299	0.14701722203445516
1.507014	0.9615813446725269	0.1484291553724795
1.511022	0.9593069236747488	0.14985214187015997
1.51503	0.9570611839709167	0.1512856710639048
1.519038	0.9548436647828907	0.1527292350414117
1.523046	0.9526539068791537	0.1541823287252589
1.527054	0.9504914527030273	0.15564445013069164
1.531062	0.9483558464970144	0.15711510059917227
1.53507	0.9462466344233104	0.15859378500922297
1.539078	0.9441633646805395	0.16008001196604923
1.543086	0.9421055876168073	0.16157329397137776
1.547094	0.940072855839089	0.16307314757489075
1.551102	0.9380647243190559	0.16457909350858158
1.55511	0.9360807504953852	0.16609065680529284
1.559118	0.9341204943726025	0.16760736690264763
1.563126	0.9321835186165424	0.1691287577335075
1.567134	0.9302693886464775	0.17065436780404344
1.571142	0.9283776727239659	0.17218374026044006
1.57515	0.9265079420385018	0.17371642294518652
1.579158	0.9246597707900046	0.17525196844386245
1.583166	0.9228327362682244	0.17678993412325658
1.587174	0.9210264189291161	0.17832988216160894
1.591182	0.9192404024682319	0.17987137957171193
1.59519	0.9174742738912083	0.1814139982175528
1.599198	0.9157276235813963	0.18295731482513142
1.603206	0.9140000453646808	0.1845009109880456
1.607214	0.9122911365715639	0.1860443731683838
1.611222	0.9106004980965602	0.18758729269342833
1.61523	0.9089277344549515	0.1891292657486349
1.619238	0.9072724538369731	0.19066989336730783
1.623246	0.9056342681594572	0.19220878141736855
1.627255	0.9040127931150193	0.19374554058556698
1.631263	0.9024076482188179	0.19527978635946922
1.635271	0.9008184568529387	0.19681113900751576
1.639279	0.8992448463084681	0.1983392235574225
1.643287	0.897686447825294	0.19986366977316952
1.647295	0.896142896629684	0.2013841121308035
1.651303	0.894613831969705	0.20290018979325225
1.655311	0.8930988971484948	0.20441154658433683
1.659319	0.8915977395554808	0.20591783096214006
1.663327	0.8901100106955618	0.2074186959918811
1.667335	0.8886353662162927	0.2089137993184273
1.671343	0.8871734659331435	0.2104028031385572
1.675351	0.8857239738528587	0.2118853741730793
1.679359	0.8842865581949553	0.21336118363889958
1.683367	0.8828608914114272	0.21482990722111261
1.687375	0.8814466502046598	0.2162912250451937
1.691383	0.8800435155436317	0.21774482164934597
1.695391	0.8786511726784322	0.2191903859570558
1.699399	0.8772693111531122	0.22062761124990835
1.703407	0.8758976248169488	0.22205619514068778
1.707415	0.8745358118341234	0.2234758395468073
1.711423	0.8731835746918762	0.22488625066408294
1.715431	0.8718406202071669	0.22628713894087982
1.719439	0.8705066595318599	0.22767821905264313
1.723447	0.8691814081565025	0.22905920987682657
1.727455	0.8678645859127135	0.23042983446822268
1.731463	0.8665559169742016	0.23178982003470763
1.735471	0.8652551298564787	0.233138897913394
1.739479	0.8639619574152773	0.23447680354719516
1.743487	0.8626761368437127	0.23580327646179786
1.747495	0.8613974096682305	0.23711806024303464
1.751503	0.8601255217433394	0.23842090251465659
1.755511	0.8588602232452066	0.23971155491648732
1.759519	0.857601268664111	0.24098977308295766
1.763527	0.8563484167957855	0.24225531662200828
1.767535	0.8551014307317004	0.24350794909434262
1.771543	0.8538600778482951	0.24474743799302615
1.775551	0.852624129795188	0.24597355472341426
1.779559	0.8513933624824044	0.24718607458339428
1.783567	0.8501675560666369	0.24838477674393172
1.787575	0.8489464949365682	0.24956944422990257
1.791583	0.847729967697292	0.2507398639011993
1.795591	0.8465177671538299	0.2518958264340976
1.799599	0.8453096902938054	0.25303712630286634
1.803607	0.8441055382692786	0.25416356176160787
1.807615	0.842905116377756	0.2552749348263169
1.811623	0.8417082340424267	0.2563710512571411
1.815631	0.8405147047916266	0.2574517205408292
1.819639	0.8393243462375559	0.2585167558733585
1.823647	0.8381369800542884	0.2595659741427211
1.827655	0.8369524319550629	0.2605991959118648
1.831663	0.8357705316689129	0.26161624540176975
1.835671	0.8345911129166378	0.26261695047465144
1.839679	0.833414013386129	0.26360114261728124
1.843687	0.8322390747070888	0.2645686569244103
1.847695	0.8310661424251543	0.26551933208228706
1.851703	0.8298950659754389	0.26645301035226204
1.855711	0.8287256986555276	0.26736953755446524
1.859719	0.827557897597919	0.26826876305155295
1.863727	0.8263915237419631	0.2691505397325128
1.867735	0.8252264418052931	0.2700147239965187
1.871743	0.8240625202547674	0.27086117573683194
1.875752	0.8228996312769558	0.2716897583247397
1.87976	0.8217376507481715	0.2725003385935247
1.883768	0.820576458204074	0.2732927868224629
1.887776	0.819415936808859	0.2740669767208415
1.891784	0.8182559733240434	0.27482278541199756
1.895792	0.8170964580768743	0.27556009341736776
1.8998	0.8159372849283745	0.27627878464055067
1.903808	0.8147783512410254	0.27697874635137876
1.907816	0.813619557846126	0.2776598691699956
1.911824	0.8124608090108282	0.2783220470509383
1.915832	0.8113020124048607	0.2789651772672272
1.91984	0.8101430790669747	0.2795891603944546
1.923848	0.8089839233710957	0.28019390029488483
1.927856	0.8078244629922244	0.2807793041015546
1.931864	0.8066646188720916	0.2813452822023806
1.935872	0.8055043151845603	0.28189174822427937
1.93988	0.8043434793008252	0.28241861901729354
1.943888	0.8031820417543913	0.28292581463873584
1.947896	0.8020199362058599	0.2834132583373483
1.951904	0.8008570994075349	0.28388087653748356
1.955912	0.7996934711678458	0.28432859882331424
1.95992	0.7985289943156275	0.28475635792307014
1.963928	0.797363614664245	0.285164089693315
1.967936	0.7961972809755802	0.28555173310326565
1.971944	0.7950299449239011	0.2859192302191604
1.975952	0.7938615610596226	0.28626652618868287
1.97996	0.7926920867729517	0.28659356922545504
1.983968	0.7915214822574603	0.28690031059359783
1.987976	0.7903497104735676	0.2871867045923764
1.991984	0.78917673711196	0.2874527085409363
1.995992	0.7880025305569546	0.28769828276313847
2.0	0.7868270618498071	0.2879233905725088
