0.0	0.0	0.0
0.004008	0.04463477017740487	0.0003623976074649575
0.008016	0.08958691382645007	0.0007282826751849232
0.012024	0.13483568363491477	0.0010972154115229471
0.016032	0.18035845777317727	0.0014687197157108348
0.02004	0.2261307022922301	0.0018422834707195119
0.024048	0.27212594423297926	0.0022173592349571136
0.028056	0.3183157569274154	0.002593365378160304
0.032064	0.3646697589806565	0.002969687706608143
0.036072	0.4111556284036059	0.00334568162163872
0.04008	0.4577391333150997	0.003720674853263552
0.044088	0.5043841805462657	0.004093970807316687
0.048096	0.5510528833551789	0.0044648525599305915
0.052104	0.5977056492942271	0.004832587527085991
0.056112	0.6443012890642498	0.00519643282944439
0.06012	0.6907971469379253	0.005555641363565789
0.064128	0.7371492530408215	0.005909468579886195
0.068136	0.7833124974442626	0.006257179955450812
0.072144	0.8292408256536077	0.006598059135368722
0.076152	0.8748874546743679	0.006931416701293023
0.08016	0.9202051084142394	0.007256599507988526
0.084168	0.9651462707408024	0.007573000510293874
0.088176	1.0096634540730842	0.007880068982617554
0.092184	1.0537094809525371	0.00817732101163311
0.096192	1.0972377756283804	0.008464350120216218
0.1002	1.1402026623174013	0.008740837857050626
0.104208	1.1825596664729803	0.009006564161977634
0.108216	1.2242658151355879	0.009261417292366306
0.112224	1.2652799322494108	0.009505403070996236
0.116232	1.3055629247275191	0.009738653191790845
0.12024	1.3450780550391783	0.009961432297138957
0.124248	1.3837911961827687	0.010174143520754443
0.128257	1.4216710650983022	0.01037733217478478
0.132265	1.4586894308632443	0.010571687251533549
0.136273	1.4948212943990833	0.010758040411567065
0.140281	1.5300450368852154	0.010937362144728997
0.144289	1.5643425346192275	0.011110754822611587
0.148297	1.5976992386637816	0.011279442414514947
0.152305	1.6301042182628986	0.011444756717626478
0.156313	1.6615501676758788	0.011608120058760054
0.160321	1.6920333767459332	0.01177102456015556
0.164329	1.7215536661734427	0.011935008223148292
0.168337	1.7501142890821304	0.012101628264590953
0.172345	1.777721801033413	0.012272432330847504
0.176353	1.8043859011452223	0.012448928397650398
0.180361	1.8301192473948562	0.012632554322429565
0.184369	1.854937249522323	0.012824648128814205
0.188377	1.8788578431959329	0.013026420152439752
0.192385	1.9019012492537046	0.013238928149404921
0.196393	1.9240897218938637	0.01346305635822154
0.200401	1.9454472896596515	0.013699499317382135
0.204409	1.9659994929547404	0.013948750988591623
0.208417	1.9857731216447037	0.01421109944378057
0.212425	2.0047959560577806	0.014486627070910014
0.216433	2.023096514406056	0.014775215968738396
0.220441	2.040703809318173	0.015076557959767268
0.224449	2.05764711581869	0.015390168471829554
0.228457	2.0739557527187125	0.015715403431351103
0.232465	2.0896588790080517	0.016051478274953124
0.236473	2.1047853064704447	0.01639748821284166
0.240481	2.119363329388554	0.01675242895399988
0.244489	2.133420571871296	0.01711521721387587
0.248497	2.1469838530279337	0.01748471045426345
0.252505	2.160079069935167	0.01785972543868039
0.256513	2.1727310980977586	0.018239055313976314
0.260521	2.184963708891302	0.018621485042792832
0.264529	2.196799503297843	0.01900580510767725
0.268537	2.208259861100437	0.019390823484615616
0.272545	2.219364904589938	0.019775375941914326
0.276553	2.2301334757542297	0.02015833476152687
0.280561	2.2405831258643336	0.020538616006503904
0.284569	2.250730116340439	0.020915185472984408
0.288577	2.260589429771082	0.0212870634706544
0.292585	2.2701747899674007	0.021653328574302813
0.296593	2.2794986899586926	0.022013120483021755
0.300601	2.2885724268725958	0.022365642114387588
0.304609	2.2974061426904746	0.022710161049932523
0.308617	2.3060088699235997	0.02304601043631291
0.312625	2.3143885813162566	0.02337258943454454
0.316633	2.322552242746174	0.023689363297931233
0.320641	2.3305058685588325	0.023995863148208705
0.324649	2.3382545786390114	0.024291685509118588
0.328657	2.3458026565890764	0.024576491647208935
0.332665	2.3531536084481175	0.024850006761146952
0.336673	2.360310221448316	0.025112019053195208
0.340681	2.3672746223642998	0.025362378709696196
0.344689	2.3740483350673096	0.02560099681138642
0.348697	2.3806323369484788	0.025827844188988935
0.352705	2.3870271139242587	0.0260429502348094
0.356713	2.39323271378193	0.026246401676853662
0.360721	2.3992487976642565	0.02643834131825249
0.364729	2.405074689529746	0.026618966741482564
0.368737	2.410709423458761	0.02678852897389611
0.372745	2.4161517887061437	0.026947331108464662
0.376754	2.4214003724281223	0.027095726871285284
0.380762	2.4264536000354275	0.02723411912533464
0.38477	2.4313097731458155	0.027362958298137906
0.388778	2.435967105127944	0.02748274071946013
0.392786	2.4404237542448772	0.027594006853844714
0.396794	2.4446778544196723	0.02769733941181932
0.400802	2.4487275436577387	0.02779336132290106
0.40481	2.4525709901711026	0.027882733553231783
0.408818	2.456206416258591	0.02796615275074295
0.412826	2.459632120003392	0.028044348701314156
0.416834	2.4628464948556457	0.028118081580462084
0.420842	2.4658480471727673	0.028188138986760144
0.42485	2.468635411794289	0.028255332745478194
0.428858	2.4712073657311673	0.028320495473938338
0.432866	2.4735628400519354	0.02838447690377472
0.436874	2.4757009300497788	0.02844813995975499
0.440882	2.4776209037757346	0.028512356599984787
0.44489	2.4793222090238105	0.02857800342818547
0.448898	2.4808044788539223	0.028645957095191535
0.452906	2.4820675357382638	0.028717089513747237
0.456914	2.483111394416075	0.02879226291790472
0.460922	2.483936263540795	0.028872324805652612
0.46493	2.4845425462023463	0.028958102810518773
0.468938	2.4849308394058047	0.029050399554569353
0.472946	2.4851019325860024	0.029149987541087604
0.476954	2.4850568052357174	0.02925760414999277
0.480962	2.484796623723053	0.029373946802398427
0.48497	2.4843227373714067	0.029499668362369086
0.488978	2.4836366738731095	0.029635372843682898
0.492986	2.4827401341053883	0.029781611487083845
0.496994	2.481634986414794	0.029938879269100285
0.501002	2.4803232604336363	0.03010761189703002
0.50501	2.4788071404893284	0.03028818333632139
0.509018	2.4770889586648304	0.030480903906594463
0.513026	2.475171187565663	0.0306860189712668
0.517034	2.4730564328461773	0.0309037082336521
0.521042	2.470747425545028	0.031134085639908906
0.52505	2.468247014276979	0.03137719987687535
0.529058	2.465558157325439	0.03163303544106767
0.533066	2.462683914677338	0.03190151424442142
0.537074	2.4596274400392493	0.032182497713034684
0.541082	2.4563919728709442	0.032475789327580516
0.54509	2.4529808304699263	0.03278113754827844
0.549098	2.4493974001378724	0.03309823906354977
0.553106	2.445645131457357	0.03342674229959311
0.557114	2.4417275287047464	0.03376625112808796
0.561122	2.437648143422723	0.03411632871084868
0.56513	2.433410567173543	0.03447650142328553
0.569138	2.4290184244918667	0.034846262802713725
0.573146	2.4244753660537874	0.03522507747263191
0.577154	2.419785062076604	0.03561238499973525
0.581162	2.414951195961831	0.03600760364645577
0.58517	2.409977458192038	0.036410133987891044
0.589178	2.404867540490254	0.03681936236800558
0.593186	2.3996251302489404	0.03723466417569456
0.597194	2.3942539052338856	0.03765540692664505
0.601202	2.388757528566826	0.038080953141764955
0.60521	2.3831396439891432	0.038510663017262775
0.609218	2.37740387140762	0.03894389688519015
0.613226	2.3715538027219853	0.03938001746643618
0.617234	2.365592997932801	0.03981839192077354
0.621242	2.3595249815271635	0.04025839370065462
0.625251	2.353353239138702	0.040699404217082284
0.629259	2.347081214477465	0.04114081432707968
0.633267	2.3407123065244595	0.04158202565309091
0.637275	2.334249866984876	0.04202245174516602
0.641283	2.327697197993387	0.04246151909699239
0.645291	2.321057550064322	0.042898668026853
0.649299	2.3143341202790246	0.04333335343440932
0.653307	2.307530050702265	0.04376504544389614
0.657315	2.3006484270192047	0.04419322994389033
0.661323	2.293692277384132	0.044617409033320725
0.665331	2.286664571471914	0.04503710138282827
0.669339	2.27956821972295	0.04545184252002162
0.673347	2.2724060727722657	0.045861185046553496
0.677355	2.2651809210533034	0.046264698794379916
0.681363	2.257895494566926	0.04666197092795243
0.685371	2.250552462806165	0.047052605998543696
0.689379	2.2431544348272663	0.04743622595636891
0.693387	2.2357039594576906	0.04781247012563826
0.697395	2.2282035256318116	0.048180995147210096
0.701403	2.220655562845221	0.048541474893056484
0.705411	2.213062441718689	0.048893600356343034
0.709419	2.2054264746630525	0.04923707952053229
0.713427	2.1977499166364782	0.049571637210581304
0.717435	2.190034965985819	0.04989701492897134
0.721443	2.182283765363987	0.05021297067902034
0.725451	2.1744984027155683	0.05051927877766282
0.729459	2.1666809123231396	0.050815729659644766
0.733467	2.1588332759070554	0.05110212967485742
0.737475	2.15095742377175	0.05137830088034967
0.741483	2.143055235991898	0.05164408082836831
0.745491	2.13512854363207	0.051899322351642733
0.749499	2.127179129993841	0.0521438933469625
0.753507	2.119208731884577	0.05237767655799031
0.757515	2.111219040902471	0.05260056935813826
0.761523	2.1032117047326615	0.05281248353422065
0.765531	2.095188328449597	0.0530133450715327
0.769539	2.087150475821082	0.053203093940898
0.773547	2.0790996706097467	0.05338168388817343
0.777555	2.071037397867966	0.05354908222663757
0.781563	2.062965105222528	0.0537052696326121
0.785571	2.054884204145631	0.053850239944641075
0.789579	2.046796071209054	0.053983999966486035
0.793587	2.0387020493186143	0.05410656927416155
0.797595	2.030603448926262	0.05421798002719427
0.801603	2.022501549217414	0.05431827678425875
0.805611	2.014397599271365	0.054407516323299675
0.809619	2.0062928191928515	0.05448576746623227
0.813627	1.9981884012130344	0.0545531109082699
0.817635	1.990085510758406	0.054609639051912844
0.821643	1.9819852874863029	0.05465545584559229
0.825651	1.9738888462859219	0.054690676626946585
0.829659	1.9657972782438953	0.05471542797067052
0.833667	1.957711651573668	0.054729847540858925
0.837675	1.9496330125080772	0.054734083947730106
0.841683	1.9415623861547031	0.05472829660859135
0.845691	1.9335007773136887	0.05471265561287072
0.849699	1.9254491712578747	0.05468734159101385
0.853707	1.9174085344752223	0.05465254558700691
0.857715	1.9093798153736257	0.05460846893424667
0.861723	1.9013639449483202	0.054555323134444805
0.865731	1.8933618374121945	0.054493329739211414
0.869739	1.8853743907894265	0.05442272023391045
0.873747	1.8774024874729445	0.054343735923341636
0.877756	1.869446994746301	0.05425662781874676
0.881764	1.8615087652706146	0.05416165652558125
0.885772	1.853588637537315	0.05405909213144092
0.88978	1.8456874362874929	0.053949214093463385
0.893788	1.8378059728986882	0.05383231112446464
0.897796	1.829945045740042	0.053708681076997056
0.901804	1.8221054404967294	0.05357863082444544
0.905812	1.8142879304646897	0.05344247613820081
0.90982	1.8064932768166448	0.05330054155987003
0.913828	1.798722228840479	0.05315316026740021
0.917836	1.7909755241510286	0.053000673933912675
0.921844	1.7832538888763991	0.0528434325779532
0.925852	1.7755580378198894	0.05268179440377839
0.92986	1.7678886745986686	0.05251612563021757
0.933868	1.7602464917603067	0.05234680030655581
0.937876	1.7526321708783086	0.052174200113809896
0.941884	1.7450463826277625	0.051998714149683066
0.945892	1.7374897868422474	0.051820738695420185
0.9499	1.7299630325531008	0.0516406769627123
0.953908	1.722466758012176	0.05145893881875357
0.957916	1.7150015906991731	0.05127594048750723
0.961924	1.7075681473146458	0.05109210422521173
0.965932	1.7001670337597334	0.0509078579681537
0.96994	1.692798845103698	0.050723634950741385
0.973948	1.685464165540265	0.05053987329195978
0.977956	1.678163568333813	0.05035701554834491
0.981964	1.6708976157563638	0.0501755082317185
0.985972	1.6636668590163721	0.049995801290053016
0.98998	1.65647183818022	0.04981834755000678
0.993988	1.64931308208734	0.0496436021198813
0.997996	1.6421911082598541	0.049472021752001265
1.002004	1.6351064228075716	0.04930406416382241
1.006012	1.6280595203291726	0.04914018731741222
1.01002	1.6210508838103697	0.048980848657345755
1.014028	1.6140809845198196	0.04882650430749404
1.018036	1.6071502819035084	0.048677608227670865
1.022044	1.6002592234783124	0.04853461133163307
1.026052	1.5934082447254092	0.04839796056848743
1.03006	1.586597768984177	0.048268097970169274
1.034068	1.5798282073471928	0.04814545966827013
1.038076	1.5730999585568979	0.048030474884144005
1.042084	1.5664134089044826	0.04792356489686275
1.046092	1.5597689321315098	0.04782514199423561
1.0501	1.553166889334754	0.04773560841273422
1.054108	1.5466076288747146	0.047655355272750055
1.058116	1.540091486288225	0.047584761516161034
1.062124	1.533618784205561	0.047524192853651906
1.066132	1.5271898322724136	0.04747400072964729
1.07014	1.5208049270770556	0.047434521313008446
1.074148	1.5144643520830285	0.047406074521856745
1.078156	1.5081683775676262	0.047388963090956554
1.082164	1.501917260566442	0.047383471690047065
1.086172	1.495711244824199	0.04738986610132724
1.09018	1.4895505607520882	0.04740839246397046
1.094188	1.4834354253917896	0.04743927659308385
1.098196	1.4773660423863464	0.047482723379920926
1.102204	1.4713426019580194	0.0475389162794335
1.106212	1.4653652808932505	0.04760801689038697
1.11022	1.4594342425348266	0.047690164632322014
1.114228	1.453549636781329	0.04778547652259629
1.118236	1.447711600093909	0.04789404705564167
1.122244	1.4419202555104451	0.048015948185421924
1.126253	1.4361757126670962	0.04815122941090553
1.130261	1.4304780678272617	0.048299917963215325
1.134269	1.4248274039179198	0.04846201909197642
1.138277	1.4192237905733416	0.04863751644731213
1.142285	1.413667284186124	0.04882637255292587
1.146293	1.4081579279654879	0.049028529364809184
1.150301	1.402695752002776	0.04924390890929734
1.154309	1.3972807733440757	0.04947241399352977
1.158317	1.3919129960698666	0.04971392898081462
1.162325	1.3865924113815937	0.04996832062298924
1.166333	1.3813189976950553	0.05023543894158737
1.170341	1.3760927207404805	0.0505151181494899
1.174349	1.3709135336691791	0.05080717760471947
1.178357	1.365781377166599	0.05111142278815755
1.182365	1.3606961795716712	0.051427646297176055
1.186373	1.3556578570022795	0.05175562884750661
1.190381	1.350666313486695	0.052095140276069915
1.194389	1.3457214411008125	0.052445940537969644
1.198397	1.3408231201110192	0.052807780691383734
1.202405	1.335971219122523	0.0531804038646659
1.206413	1.3311655952329646	0.0535635462005666
1.210421	1.3264060941911249	0.05395693777310429
1.214429	1.3216925505605484	0.05436030347322807
1.218437	1.3170247878878982	0.05477336386003168
1.222445	1.3124026188758504	0.05519583597486144
1.226453	1.3078258455603349	0.055627434116230834
1.230461	1.3032942594919323	0.056067870573989695
1.234469	1.2988076419212393	0.05651685632168865
1.238477	1.2943657639880055	0.05697410166653769
1.242485	1.2899683869138423	0.057439316856775204
1.246493	1.2856152621983192	0.057912212646627985
1.250501	1.2813061318182501	0.058392500819377136
1.254509	1.277040728429985	0.058879894669320545
1.258517	1.2728187755744982	0.059374109443671955
1.262525	1.2686399878851014	0.05987486274563659
1.266533	1.2645040712975864	0.060381874900067474
1.270541	1.2604107232626112	0.06089486928323897
1.274549	1.2563596329601399	0.06141357261837728
1.278557	1.252350481515762	0.061937715238649285
1.282565	1.2483829422187045	0.06246703131936858
1.286573	1.2444566807413677	0.0630012590811881
1.290581	1.2405713553601958	0.0635401409660636
1.294589	1.2367266171777214	0.06408342378774626
1.298597	1.232922110345609	0.06463085885854525
1.302605	1.2291574722885399	0.0651822020940532
1.306613	1.2254323339287587	0.06573721409748016
1.310621	1.2217463199111351	0.06629566022518511
1.314629	1.2180990488285812	0.066857310634925
1.318637	1.2144901334476712	0.06742194031827808
1.322645	1.210919180934309	0.06798932911862461
1.326653	1.207385793079299	0.06855926173599275
1.330661	1.2038895665236862	0.06913152772000654
1.334669	1.2004300929837146	0.06970592145209499
1.338677	1.1970069594752717	0.07028224211805212
1.342685	1.193619748537689	0.07086029367196127
1.346693	1.1902680384567708	0.07143988479243085
1.350701	1.1869514034869304	0.0720208288320184
1.354709	1.1836694140722912	0.07260294376065617
1.358717	1.1804216370666683	0.07318605210382943
1.362725	1.177207635952298	0.07376998087619571
1.366733	1.1740269710571951	0.07435456151128511
1.370741	1.170879199771059	0.07493962978785768
1.374749	1.167763876759603	0.0755250257534556
1.378758	1.1646805541772156	0.07611059364563075
1.382766	1.1616287818778663	0.07669618181129156
1.386774	1.1586081076241403	0.07728164262456942
1.390782	1.1556180772943396	0.07786683240356723
1.39479	1.15265823508756	0.07845161132631519
1.398798	1.1497281237266392	0.079035843346233
1.402806	1.1468272846589291	0.07961939610735913
1.406814	1.1439552582548023	0.08020214085958484
1.410822	1.1411115840038133	0.08078395237410665
1.41483	1.13829580070847	0.08136470885928022
1.418838	1.135507446675515	0.0819442918770486
1.422846	1.1327460599046915	0.08252258626008542
1.426854	1.1300111782749105	0.08309948002978533
1.430862	1.1273023397277695	0.08367486431521372
1.43487	1.1246190824483713	0.08424863327311258
1.438878	1.1219609450433918	0.08482068400904774
1.442886	1.1193274667163513	0.08539091649976879
1.446894	1.1167181874400423	0.08595923351684245
1.450902	1.1141326481260663	0.08652554055161282
1.45491	1.1115703907914536	0.08708974574152502
1.458918	1.1090309587223295	0.08765175979785403
1.462926	1.1065138966345636	0.08821149593485866
1.466934	1.1040187508314199	0.088768869800384
1.470942	1.101545069358137	0.08932379940792746
1.47495	1.0990924021534285	0.08987620507017613
1.478958	1.0966603011978941	0.09042600933401991
1.482966	1.0942483206592784	0.09097313691704426
1.486974	1.0918560170346039	0.09151751464549623
1.490982	1.0894829492891427	0.09205907139371856
1.49499	1.0871286789921915	0.09259773802504613
1.498998	1.0847927704496743	0.09313344733414822
1.503006	1.082474790833534	0.09366613399080889
1.507014	1.080174310307915	0.09419573448512608
1.511022	1.0778909021521348	0.09472218707411584
1.51503	1.075624142880418	0.0952454317297025
1.519038	1.0733736123584177	0.09576541008807611
1.523046	1.07113889391651	0.09628206540039576
1.527054	1.068919574459849	0.09679534248482281
1.531062	1.0667152445752106	0.0973051876798555
1.53507	1.064525498634611	0.09781154879895046
1.539078	1.0623499348957055	0.09831437508640463
1.543086	1.06018815559899	0.0988136171744759
1.547094	1.058039767061788	0.09930922704172199
1.551102	1.055904379769058	0.09980115797253251
1.55511	1.0537816084610252	0.10028936451783341
1.559118	1.0516710722176361	0.10077380245693993
1.563126	1.0495723945398725	0.1012544287605378
1.567134	1.0474852034279296	0.1017312015547663
1.571142	1.045409131456267	0.1022040800863866
1.57515	1.0433438158455726	0.10267302468900882
1.579158	1.0412888985316329	0.10313799675035817
1.583166	1.0392440262311535	0.1035989586805599
1.587174	1.037208850504538	0.10405587388141828
1.591182	1.0351830278156455	0.10450870671667398
1.59519	1.0331662195885645	0.10495742248321534
1.599198	1.0311580922614203	0.10540198738322365
1.603206	1.0291583173372343	0.10584236849723637
1.607214	1.027166571431874	0.10627853375810471
1.611222	1.0251825363191216	0.10671045192582708
1.61523	1.0232058989728763	0.10713809256324311
1.619238	1.0212363516065415	0.10756142601256455
1.623246	1.0192735917095983	0.10798042337272996
1.627255	1.0173173220814302	0.10839505647756194
1.631263	1.0153672508624063	0.1088052978747104
1.635271	1.0134230915622613	0.10921112080536688
1.639279	1.011484563085815	0.10961249918472987
1.643287	1.0095513897560533	0.11000940758320668
1.647295	1.0076233013346136	0.11040182120833626
1.651303	1.0057000330397134	0.11078971588741492
1.655311	1.003781325561535	0.11117306805081181
1.659319	1.0018669250751395	0.11155185471595873
1.663327	0.9999565832509222	0.11192605347199587
1.667335	0.9980500572626433	0.11229564246506568
1.671343	0.9961471097930955	0.1126606003842337
1.675351	0.9942475090374274	0.1130209064480255
1.679359	0.992351028704164	0.11337654039156772
1.683367	0.9904574480139797	0.11372748245431381
1.687375	0.9885665516962345	0.11407371336834994
1.691383	0.9866781299833435	0.11441521434725833
1.695391	0.9847919786030088	0.11475196707553335
1.699399	0.9829078987683382	0.11508395369853311
1.703407	0.9810256971659245	0.11541115681295697
1.707415	0.9791451859418967	0.11573355945783356
1.711423	0.9772661826860034	0.11605114510601196
1.715431	0.9753885104137661	0.11636389765614018
1.719439	0.9735119975467287	0.11667180142512354
1.723447	0.9716364778908733	0.11697484114104754
1.727455	0.9697617906132281	0.11727300193655747
1.731463	0.9678877802167	0.11756626934268379
1.735471	0.9660142965131983	0.11785462928310003
1.739479	0.964141194595074	0.11813806806880658
1.743487	0.962268334804922	0.1184165723932272
1.747495	0.9603955827037979	0.1186901293277097
1.751503	0.9585228090378648	0.11895872631742192
1.755511	0.9566498897035516	0.11922235117763101
1.759519	0.9547767057112378	0.11948099209035776
1.763527	0.9529031431475052	0.11973463760139898
1.767535	0.9510290931360216	0.11998327661770583
1.771543	0.9491544517970794	0.12022689840510911
1.775551	0.9472791202058326	0.12046549258638681
1.779559	0.9454030043492851	0.12069904913966124
1.783567	0.943526015082062	0.12092755839712004
1.787575	0.9416480680810074	0.12115101104405095
1.791583	0.9397690837986594	0.12136939811818517
1.795591	0.9378889874156198	0.12158271100933876
1.799599	0.9360077087918903	0.12179094145934741
1.803607	0.9341251824171978	0.12199408156228342
1.807615	0.9322413473603414	0.12219212376495277
1.811623	0.9303561472176249	0.12238506086766099
1.815631	0.9284695300603963	0.12257288602524209
1.819639	0.9265814483817352	0.12275559274834674
1.823647	0.9246918590423421	0.12293317490497875
1.827655	0.9228007232156425	0.12310562672227744
1.831663	0.9209080063321702	0.1232729427885381
1.835671	0.9190136780232567	0.12343511805546376
1.839679	0.9171177120640567	0.12359214784064622
1.843687	0.9152200863159606	0.12374402783026614
1.847695	0.9133207826684265	0.12389075408201004
1.851703	0.9114197869802612	0.12403232302819892
1.855711	0.9095170890203995	0.12416873147912168
1.859719	0.9076126824081987	0.12429997662657141
1.863727	0.9057065645533048	0.12442605604757706
1.867735	0.9037987365951116	0.12454696770832817
1.871743	0.9018892033418442	0.1246627099682887
1.875752	0.8999779732093139	0.12477328158449351
1.87976	0.8980650581593658	0.12487868171602767
1.883768	0.8961504736380566	0.12497890992868096
1.887776	0.8942342385135972	0.12507396619977687
1.891784	0.8923163750140811	0.1251638509231731
1.895792	0.8903969086650441	0.12524856491442754
1.8998	0.8884758682268806	0.12532810941613137
1.903808	0.8865532856321352	0.125402486103403
1.907816	0.8846291959227182	0.1254716970895427
1.911824	0.8827036371870622	0.12553574493184416
1.915832	0.8807766504972467	0.12559463263756346
1.91984	0.8788482798461318	0.12564836367004
1.923848	0.8769185720845042	0.12569694195497177
1.927856	0.8749875768582893	0.12574037188684134
1.931864	0.8730553465458436	0.12577865833549062
1.935872	0.8711219361953381	0.12581180665284727
1.93988	0.869187403462289	0.12583982267979696
1.943888	0.8672518085472328	0.12586271275320507
1.947896	0.8653152141335826	0.12588048371308533
1.951904	0.8633776853256901	0.125893142909916
1.955912	0.8614392895871201	0.1259006982121039
1.95992	0.859500096679186	0.12590315801359578
1.963928	0.8575601785997454	0.12590053124163825
1.967936	0.8556196095222823	0.12589282736468735
1.971944	0.853678465735302	0.12588005640046718
1.975952	0.8517368255820598	0.12586222892417986
1.97996	0.8497947694006223	0.12583935607686927
1.983968	0.8478523794643122	0.12581144957393645
1.987976	0.8459097399225264	0.1257785217138132
1.991984	0.8439669367419599	0.1257405853867916
1.995992	0.8420240576482517	0.12569765408401404
2.0	0.8400811920680565	0.12564974190662606
