0.0	0.0643098396648279
0.01002	0.05170571200450091
0.02004	0.038527145412939626
0.03006	0.026641119100740643
0.04008	0.01738398981966764
0.0501	0.011506828229838478
0.06012	0.009223251215988586
0.07014	0.010311811547098794
0.08016	0.014239581687699029
0.09018	0.020285071736281395
0.1002	0.027647368340043388
0.11022	0.03553477395265309
0.12024	0.04323068680715431
0.130261	0.050137394846220505
0.140281	0.055800222862074866
0.150301	0.05991538003848954
0.160321	0.062325158942933
0.170341	0.06300403862866623
0.180361	0.06203889900572342
0.190381	0.05960607614803749
0.200401	0.05594746080457566
0.210421	0.051347320750250676
0.220441	0.04611104696415562
0.230461	0.04054660382978443
0.240481	0.03494911338376114
0.250501	0.0295887241774841
0.260521	0.02470170262075109
0.270541	0.02048453181158855
0.280561	0.01709070137489835
0.290581	0.014629812826522003
0.300601	0.013168599788253854
0.310621	0.012733463033632547
0.320641	0.013314139813414528
0.330661	0.014868159208400558
0.340681	0.017325775454834866
0.350701	0.020595115351747777
0.360721	0.024567320962883974
0.370741	0.02912151263151566
0.380762	0.034129438267909366
0.390782	0.03945971193183021
0.400802	0.04498157734330611
0.410822	0.05056815988395898
0.420842	0.05609919392564792
0.430862	0.061463231154526864
0.440882	0.06655935028303941
0.450902	0.07129839957244337
0.460922	0.07560381137551463
0.470942	0.07941203291458981
0.480962	0.08267262018468463
0.490982	0.08534804264019026
0.501002	0.08741324557667554
0.511022	0.08885501520613046
0.521042	0.08967118865112306
0.531062	0.08986974771427605
0.541082	0.08946783153614117
0.551102	0.08849069932005003
0.561122	0.08697067032447733
0.571142	0.08494606441779787
0.581162	0.08246016274519384
0.591182	0.07956020453707288
0.601202	0.07629643283663551
0.611222	0.0727211989682882
0.621242	0.06888813292181495
0.631263	0.06485138449202837
0.641283	0.0606649379839302
0.651303	0.05638200155672042
0.661323	0.05205447081916805
0.671343	0.04773246508362239
0.681363	0.04346393371411599
0.691383	0.039294329242486124
0.701403	0.03526634335197995
0.711423	0.03141970141764126
0.721443	0.027791011025058206
0.731463	0.0244136597431808
0.741483	0.021317757383767715
0.751503	0.018530118022054107
0.761523	0.016074277164576496
0.771543	0.013970539616538763
0.781563	0.012236053810083376
0.791583	0.01088490859533855
0.801603	0.0099282487586213
0.811623	0.009374405808540584
0.821643	0.009229040854083966
0.831663	0.00949529668335434
0.841683	0.010173956432755975
0.851703	0.01126360651033554
0.861723	0.012760801700702101
0.871743	0.014660230630225698
0.881764	0.016954880008405906
0.891784	0.019636196283291937
0.901804	0.02269424355495029
0.911824	0.02611785678091075
0.921844	0.029894789481278283
0.931864	0.034011855309024557
0.941884	0.038455062993317364
0.951904	0.043209744291201994
0.961924	0.04826067469623336
0.971944	0.05359218675256193
0.981964	0.059188275910350155
0.991984	0.06503269893411757
1.002004	0.07110906494057298
1.012024	0.0774009191975786
1.022044	0.0838918198619711
1.032064	0.09056540787188955
1.042084	0.09740547023982539
1.052104	0.10439599701660748
1.062124	0.11152123221466424
1.072144	0.11876571899187745
1.082164	0.1261143394057596
1.092184	0.13355234905216243
1.102204	0.1410654069037805
1.112224	0.14863960066184104
1.122244	0.15626146793003798
1.132265	0.1639180135133435
1.142285	0.17159672313622268
1.152305	0.17928557386526328
1.162325	0.18697304151065267
1.172345	0.1946481052694949
1.182365	0.20230024986193557
1.192385	0.2099194653986035
1.202405	0.21749624520519356
1.212425	0.22502158181723014
1.222445	0.2324869613452919
1.232465	0.23988435639837138
1.242485	0.24720621774064386
1.252505	0.25444546484484043
1.262525	0.26159547549367945
1.272545	0.2686500745694959
1.282565	0.2756035221613166
1.292585	0.2824505011082248
1.302605	0.2891861040879246
1.312625	0.2958058203499945
1.322645	0.30230552218439605
1.332665	0.30868145120738333
1.342685	0.3149302045390463
1.352705	0.32104872093929016
1.362725	0.3270342669621153
1.372745	0.33288442318157757
1.382766	0.3385970705367949
1.392786	0.3441703768377653
1.402806	0.34960278346860274
1.412826	0.3548929923200131
1.422846	0.36003995297844676
1.432866	0.3650428501953277
1.442886	0.3699010916560636
1.452906	0.37461429606517344
1.462926	0.379182281560791
1.472946	0.38360505446902204
1.482966	0.3878827984061004
1.492986	0.3920158637340196
1.503006	0.39600475737326124
1.513026	0.399850132974416
1.523046	0.4035527814488487
1.533066	0.4071136218571134
1.543086	0.41053369265253736
1.553106	0.4138141432762623
1.563126	0.41695622609905203
1.573146	0.4199612887043132
1.583166	0.4228307665060493
1.593186	0.42556617569483446
1.603206	0.42816910650437623
1.613226	0.43064121679079276
1.623246	0.4329842259163824
1.633267	0.4351999089293821
1.643287	0.43729009103099475
1.653307	0.4392566423208192
1.663327	0.4411014728117083
1.673347	0.44282652770503733
1.683367	0.4444337829173468
1.693387	0.4459252408493593
1.703407	0.4473029263884248
1.713427	0.4485688831355428
1.723447	0.44972516984822214
1.733467	0.45077385709057755
1.743487	0.451717024082216
1.753507	0.45255675573763776
1.763527	0.4532951398880621
1.773547	0.45393426467778003
1.783567	0.4544762161273437
1.793587	0.4549230758561111
1.803607	0.4552769189568808
1.813627	0.45553981201557286
1.823647	0.45571381126913185
1.833667	0.45580096089505456
1.843687	0.45580329142616555
1.853707	0.45572281828448874
1.863727	0.4555615404282839
1.873747	0.45532143910653455
1.883768	0.455004476715393
1.893788	0.4546125957512969
1.903808	0.454147717855684
1.913828	0.45361174294643314
1.923848	0.4530065484313631
1.933868	0.45233398849931117
1.943888	0.4515958934845074
1.953908	0.45079406930014354
1.963928	0.4499302969372146
1.973948	0.4490063320248857
1.983968	0.4480239044488055
1.993988	0.4469847180239493
2.004008	0.44589045021873397
2.014028	0.4447427519272983
2.024048	0.4435432472869877
2.034068	0.44229353353822587
2.044088	0.4409951809240896
2.054108	0.4396497326270357
2.064128	0.4382587047403529
2.074148	0.4368235862720332
2.084168	0.4353458391788733
2.094188	0.43382689842872724
2.104208	0.43226817208893653
2.114228	0.4306710414390697
2.124248	0.4290368611061956
2.134269	0.42736695922101336
2.144289	0.42566263759324685
2.154309	0.4239251719047987
2.164329	0.42215581191924184
2.174349	0.4203557817062995
2.184369	0.41852627988004537
2.194389	0.41666847984961947
2.204409	0.4147835300813289
2.214429	0.4128725543710623
2.224449	0.4109366521260101
2.234469	0.40897689865474085
2.244489	0.4069943454647396
2.254509	0.4049900205665652
2.264529	0.4029649287838359
2.274549	0.40092005206829956
2.284569	0.3988563498192887
2.294589	0.39677475920690547
2.304609	0.3946761954983216
2.314629	0.39256155238661783
2.324649	0.3904317023216225
2.334669	0.38828749684224567
2.344689	0.38612976690983725
2.354709	0.3839593232421299
2.364729	0.3817769566473551
2.374749	0.3795834383581513
2.38477	0.3773795203649086
2.39479	0.3751659357482191
2.40481	0.3729433990101269
2.41483	0.3707126064038932
2.42485	0.36847423626201536
2.43487	0.366228949322255
2.44489	0.3639773890514539
2.45491	0.36172018196692995
2.46493	0.3594579379552674
2.47495	0.35719125058832524
2.48497	0.35492069743630794
2.49499	0.3526468403777564
2.50501	0.35037022590632566
2.51503	0.34809138543423457
2.52505	0.34581083559228043
2.53507	0.34352907852632514
2.54509	0.34124660219016717
2.55511	0.3389638806347263
2.56513	0.3366813742934756
2.57515	0.3343995302640647
2.58517	0.3321187825860855
2.59519	0.32983955251493896
2.60521	0.3275622487917723
2.61523	0.32528726790945556
2.625251	0.3230149943745804
2.635271	0.32074580096546357
2.645291	0.3184800489861484
2.655311	0.3162180885163967
2.665331	0.31396025865767413
2.675351	0.3117068877751317
2.685371	0.309458293735594
2.695391	0.30721478414156506
2.705411	0.3049766565612679
2.715431	0.3027441987547392
2.725451	0.30051768889599806
2.735471	0.29829739579131653
2.745491	0.2960835790936172
2.755511	0.29387648951303047
2.765531	0.2916763690236399
2.775551	0.2894834510664531
2.785571	0.28729796074863057
2.795591	0.28512011503901286
2.805611	0.28295012295998223
2.815631	0.28078818577570014
2.825651	0.27863449717676175
2.835671	0.27648924346130943
2.845691	0.2743526037126482
2.855711	0.27222474997340756
2.865731	0.2701058474162946
2.875752	0.26799605451148295
2.885772	0.26589552319068427
2.895792	0.2638043990079472
2.905812	0.261722821297233
2.915832	0.2596509233268117
2.925852	0.2575888324505274
2.935872	0.25553667025598065
2.945892	0.253494552709674
2.955912	0.2514625902991683
2.965932	0.24944088817229712
2.975952	0.24742954627348762
2.985972	0.24542865947723302
2.995992	0.24343831771876506
3.006012	0.2414586061219723
3.016032	0.23948960512461212
3.026052	0.2375313906008605
3.036072	0.2355840339812472
3.046092	0.2336476023700215
3.056112	0.23172215865999318
3.066132	0.22980776164489394
3.076152	0.22790446612930348
3.086172	0.22601232303618485
3.096192	0.22413137951207124
3.106212	0.22226167902994884
3.116232	0.22040326148987674
3.126253	0.21855616331738786
3.136273	0.2167204175597106
3.146293	0.21489605397985306
3.156313	0.21308309914859125
3.166333	0.21128157653439983
3.176353	0.20949150659136567
3.186373	0.20771290684512306
3.196393	0.20594579197684923
3.206413	0.20419017390535762
3.216433	0.20244606186732605
3.226453	0.20071346249569755
3.236473	0.19899237989628885
3.246493	0.19728281572264292
3.256513	0.19558476924916016
3.266533	0.19389823744254364
3.276553	0.19222321503159126
3.286573	0.19055969457536903
3.296593	0.18890766652979776
3.306613	0.18726711931268672
3.316633	0.1856380393672444
3.326653	0.18402041122409865
3.336673	0.18241421756185705
3.346693	0.18081943926623706
3.356713	0.1792360554877961
3.366733	0.17766404369829022
3.376754	0.17610337974569104
3.386774	0.17455403790788762
3.396794	0.17301599094510198
3.406814	0.17148921015104468
3.416834	0.16997366540283812
3.426854	0.1684693252097321
3.436874	0.16697615676063843
3.446894	0.16549412597050997
3.456914	0.1640231975255875
3.466934	0.16256333492754002
3.476954	0.1611145005365211
3.486974	0.1596766556131659
3.496994	0.1582497603595503
3.507014	0.1568337739591355
3.517034	0.15542865461571978
3.527054	0.15403435959141926
3.537074	0.1526508452436982
3.547094	0.15127806706147007
3.557114	0.14991597970028978
3.567134	0.14856453701665662
3.577154	0.1472236921014477
3.587174	0.14589339731250062
3.597194	0.14457360430636504
3.607214	0.14326426406924056
3.617234	0.14196532694711922
3.627255	0.14067674267515054
3.637275	0.13939846040624626
3.647295	0.13813042873894144
3.657315	0.13687259574452879
3.667335	0.13562490899348256
3.677355	0.13438731558118774
3.687375	0.13315976215299008
3.697395	0.13194219492858228
3.707415	0.13073455972574188
3.717435	0.12953680198343423
3.727455	0.12834886678429636
3.737475	0.12717069887651428
3.747495	0.12600224269510932
3.757515	0.12484344238264498
3.767535	0.12369424180936885
3.777555	0.12255458459280212
3.787575	0.12142441411678927
3.797595	0.12030367355002017
3.807615	0.11919230586403698
3.817635	0.11809025385073776
3.827655	0.11699746013938803
3.837675	0.11591386721315189
3.847695	0.1148394174251537
3.857715	0.11377405301408167
3.867735	0.11271771611934314
3.877756	0.11167034879578261
3.887776	0.1106318930279728
3.897796	0.10960229074408825
3.907816	0.10858148382937156
3.917836	0.10756941413920156
3.927856	0.10656602351177336
3.937876	0.10557125378039861
3.947896	0.1045850467854356
3.957916	0.10360734438585735
3.967936	0.10263808847046708
3.977956	0.10167722096876866
3.987976	0.1007246838615004
3.997996	0.09978041919084087
4.008016	0.09884436907029363
4.018036	0.09791647569425908
4.028056	0.09699668134730112
4.038076	0.0960849284131154
4.048096	0.09518115938320688
4.058116	0.09428531686528341
4.068136	0.09339734359137242
4.078156	0.09251718242566688
4.088176	0.09164477637210852
4.098196	0.09078006858171273
4.108216	0.08992300235964307
4.118236	0.08907352117204086
4.128257	0.08823156865261583
4.138277	0.087397088609004
4.148297	0.0865700250288983
4.158317	0.08575032208595737
4.168337	0.08493792414549907
4.178357	0.08413277576998239
4.188377	0.08333482172428457
4.198397	0.0825440069807776
4.208417	0.08176027672420973
4.218437	0.0809835763563964
4.228457	0.0802138515007256
4.238477	0.0794510480064829
4.248497	0.07869511195299948
4.258517	0.07794598965362892
4.268537	0.07720362765955645
4.278557	0.07646797276344501
4.288577	0.07573897200292269
4.298597	0.07501657266391487
4.308617	0.07430072228382628
4.318637	0.0735913686545755
4.328657	0.0728884598254867
4.338677	0.07219194410604216
4.348697	0.07150177006849881
4.358717	0.07081788655037304
4.368737	0.0701402426567966
4.378758	0.0694687877627473
4.388778	0.06880347151515825
4.398798	0.06814424383490802
4.408818	0.06749105491869552
4.418838	0.06684385524080264
4.428858	0.06620259555474753
4.438878	0.06556722689483163
4.448898	0.06493770057758304
4.458918	0.06431396820309977
4.468938	0.06369598165629471
4.478958	0.06308369310804571
4.488978	0.06247705501625311
4.498998	0.06187602012680745
4.509018	0.061280541474469784
4.519038	0.0606905723836668
4.529058	0.060106066469204016
4.539078	0.05952697763689826
4.549098	0.0589532600841325
4.559118	0.05838486830033505
4.569138	0.05782175706738525
4.579158	0.05726388145994794
4.589178	0.056711196845738644
4.599198	0.056163658885721376
4.609218	0.05562122353424174
4.619238	0.05508384703909623
4.629259	0.054551485941540474
4.639279	0.054024097076237856
4.649299	0.05350163757115044
4.659319	0.052984064847374016
4.669339	0.05247133661891866
4.679359	0.05196341089243725
4.689379	0.05146024596690254
4.699399	0.05096180043323526
4.709419	0.050468033173884354
4.719439	0.049978903362361014
4.729459	0.049494370462728046
4.739479	0.04901439422904573
4.749499	0.04853893470477628
4.759519	0.04806795222214732
4.769539	0.04760140740147653
4.779559	0.047139261150458404
4.789579	0.04668147466341446
4.799599	0.046228009420508205
4.809619	0.04577882718692605
4.819639	0.0453338900120252
4.829659	0.04489316022845024
4.839679	0.04445660045121871
4.849699	0.04402417357677746
4.859719	0.04359584278203059
4.869739	0.043171571523340016
4.87976	0.04275132353549981
4.88978	0.04233506283068502
4.8998	0.041922753697376525
4.90982	0.04151436069926216
4.91984	0.04110984867411558
4.92986	0.040709182732653455
4.93988	0.0403123282573721
4.9499	0.03991925090136421
4.95992	0.03952991658711657
4.96994	0.03914429150528981
4.97996	0.0387623421134805
4.98998	0.038384035134966854
5.0	0.03800933755743847
