0.0	0.012633539430393937
0.01002	0.013431479749734005
0.02004	0.018222413725243688
0.03006	0.024386290712781762
0.04008	0.030105730326078356
0.0501	0.034281627120286255
0.06012	0.03640904354690511
0.07014	0.03643740146364287
0.08016	0.03463246634614246
0.09018	0.031451709253897335
0.1002	0.02743969901579665
0.11022	0.023146334690571847
0.12024	0.019067934905680116
0.130261	0.015609330551090116
0.140281	0.013063997826173445
0.150301	0.01160875039049026
0.160321	0.011309424223588464
0.170341	0.012134199407923194
0.180361	0.01397159662789598
0.190381	0.016650674656034994
0.200401	0.019961473135746546
0.210421	0.023674246885285986
0.220441	0.027556494232914876
0.230461	0.03138717577819942
0.240481	0.03496784427868818
0.250501	0.03813066077259162
0.260521	0.04074346087031936
0.270541	0.04271216550960276
0.280561	0.043980910955039934
0.290581	0.04453031247057174
0.300601	0.04437428369471259
0.310621	0.04355581739740139
0.320641	0.04214210012768409
0.330661	0.04021928932595189
0.340681	0.03788723172703925
0.350701	0.03525435022706862
0.360721	0.032432875779961304
0.370741	0.029534553446299912
0.380762	0.026666908847622607
0.390782	0.02393012381281792
0.400802	0.021414538308905513
0.410822	0.019198769842276718
0.420842	0.017348421156213854
0.430862	0.01591533181556522
0.440882	0.014937318626582907
0.450902	0.014438343195942862
0.460922	0.014429041675547838
0.470942	0.014907551267910052
0.480962	0.01586056981285697
0.490982	0.017264588219700432
0.501002	0.019087240185755205
0.511022	0.021288719148338586
0.521042	0.023823218410100138
0.531062	0.02664035657253859
0.541082	0.02968655658077937
0.551102	0.0329063526452464
0.561122	0.036243604928592826
0.571142	0.039642607073902957
0.581162	0.043049076340662636
0.591182	0.04641102027391697
0.601202	0.0496794774475517
0.611222	0.05280913290081842
0.621242	0.0557588114479306
0.631263	0.0584918541138116
0.641283	0.0609763845720077
0.651303	0.06318547367501476
0.661323	0.06509721101681482
0.671343	0.0666946929969433
0.681363	0.0679659371088895
0.691383	0.06890373219534247
0.701403	0.06950543423854609
0.711423	0.06977271692266301
0.721443	0.06971128575012327
0.731463	0.069330563945552
0.741483	0.06864335776564916
0.751503	0.06766550817452589
0.761523	0.06641553516139198
0.771543	0.06491428028794607
0.781563	0.06318455237027835
0.791583	0.06125078053586935
0.801603	0.05913867825930282
0.811623	0.05687492137745224
0.821643	0.054486842521142505
0.831663	0.052002143879026685
0.841683	0.04944862973267418
0.851703	0.04685395977050957
0.861723	0.044245423802178926
0.871743	0.04164973815328226
0.881764	0.039092863721704244
0.891784	0.03659984541902858
0.901804	0.0341946725014063
0.911824	0.031900159111185385
0.921844	0.029737844200860356
0.931864	0.02772790989164619
0.941884	0.02588911722737773
0.951904	0.024238758217680862
0.961924	0.022792623019717226
0.971944	0.02156498108264681
0.981964	0.020568575070785248
0.991984	0.01981462638790895
1.002004	0.019312851144094933
1.012024	0.01907148543585435
1.022044	0.0190973188482811
1.032064	0.01939573513280954
1.042084	0.019970759064446397
1.052104	0.020825108536658993
1.062124	0.021960251009266633
1.072144	0.023376463483643594
1.082164	0.025072895239382623
1.092184	0.02704763262650107
1.102204	0.0292977652666259
1.112224	0.03181945307480247
1.122244	0.03460799357017526
1.132265	0.037657888998399607
1.142285	0.04096291284097407
1.152305	0.0445161753364923
1.162325	0.048310187685948185
1.172345	0.05233692465856192
1.182365	0.05658788535607807
1.192385	0.06105415193207945
1.202405	0.06572644609858759
1.212425	0.07059518328511229
1.222445	0.0756505243454323
1.232465	0.08088242473483102
1.242485	0.08628068110535572
1.252505	0.09183497528905032
1.262525	0.09753491565912611
1.272545	0.10337007587683453
1.282565	0.1093300310474953
1.292585	0.11540439132287368
1.302605	0.12158283299899539
1.312625	0.1278551271686962
1.322645	0.1342111659968394
1.332665	0.1406409866933218
1.342685	0.14713479326487142
1.352705	0.15368297613130183
1.362725	0.16027612969547922
1.372745	0.1669050679588471
1.382766	0.17356083827607854
1.392786	0.1802347333433458
1.402806	0.18691830151493546
1.412826	0.19360335554254424
1.422846	0.20028197983067217
1.432866	0.20694653630013807
1.442886	0.2135896689499456
1.452906	0.22020430720560305
1.462926	0.2267836681395713
1.472946	0.23332125764686942
1.482966	0.23981087065601295
1.492986	0.2462465904524751
1.503006	0.2526227871887472
1.513026	0.25893411565189717
1.523046	0.2651755123562846
1.533066	0.27134219202583654
1.543086	0.2774296435270314
1.553106	0.28343362531049426
1.563126	0.289350160415912
1.573146	0.2951755310918209
1.583166	0.30090627307874
1.593186	0.30653916960110755
1.603206	0.3120712451105586
1.613226	0.31749975882024317
1.623246	0.32282219806714907
1.633267	0.3280362715367613
1.643287	0.33313990238185254
1.653307	0.33813122126478556
1.663327	0.3430085593503831
1.673347	0.3477704412742239
1.683367	0.35241557810911744
1.693387	0.3569428603505259
1.703407	0.36135135093981124
1.713427	0.3656402783424099
1.723447	0.36980902969635465
1.733467	0.3738571440449846
1.743487	0.3777843056662025
1.753507	0.38159033750924337
1.763527	0.38527519474862326
1.773547	0.38883895846371713
1.783567	0.39228182945128964
1.793587	0.39560412217724356
1.803607	0.3988062588728826
1.813627	0.4018887637800751
1.823647	0.4048522575488759
1.833667	0.4076974517903909
1.843687	0.4104251437869639
1.853707	0.4130362113611171
1.863727	0.4155316079040819
1.873747	0.4179123575642178
1.883768	0.4201795505951252
1.893788	0.4223343388628122
1.903808	0.4243779315108732
1.913828	0.4263115907822776
1.923848	0.42813662799603985
1.933868	0.42985439967675804
1.943888	0.43146630383474993
1.953908	0.43297377639429135
1.963928	0.43437828776726833
1.973948	0.43568133956938027
1.983968	0.43688446147589
1.993988	0.4379892082137924
2.004008	0.43899715668717043
2.014028	0.4399099032324263
2.024048	0.44072906100000847
2.034068	0.44145625745920725
2.044088	0.44209313202255657
2.054108	0.44264133378635734
2.064128	0.4431025193838306
2.074148	0.4434783509474094
2.084168	0.44377049417668896
2.094188	0.4439806165085788
2.104208	0.4441103853862251
2.114228	0.4441614666233113
2.124248	0.444135522860384
2.134269	0.44403421210990185
2.144289	0.4438591863867558
2.154309	0.44361209042106736
2.164329	0.44329456045013194
2.174349	0.4429082230864385
2.184369	0.44245469425876316
2.194389	0.4419355782234028
2.204409	0.4413524666426874
2.214429	0.44070693772797814
2.224449	0.44000055544443606
2.234469	0.4392348687749152
2.244489	0.43841141104041287
2.254509	0.43753169927458097
2.264529	0.4365972336498775
2.274549	0.43560949695301393
2.284569	0.4345699541074235
2.294589	0.43348005174055365
2.304609	0.4323412177938534
2.314629	0.4311548611734029
2.324649	0.42992237143919754
2.334669	0.42864511853117354
2.344689	0.427324452530126
2.354709	0.42596170345174056
2.364729	0.4245581810720217
2.374749	0.423115174782469
2.38477	0.42163395347341215
2.39479	0.4201157654439774
2.40481	0.41856183833721894
2.41483	0.41697337909900595
2.42485	0.41535157395931194
2.43487	0.4136975884346095
2.44489	0.4120125673501262
2.45491	0.41029763488076804
2.46493	0.4085538946095709
2.47495	0.4067824296025843
2.48497	0.40498430249914197
2.49499	0.4031605556165204
2.50501	0.4013122110680269
2.51503	0.39944027089360545
2.52505	0.39754571720208715
2.53507	0.39562951232425403
2.54509	0.39369259897592074
2.55511	0.39173590043027917
2.56513	0.38976032069878297
2.57515	0.38776674471988754
2.58517	0.3857560385549895
2.59519	0.38372904959094595
2.60521	0.3816866067485818
2.61523	0.3796295206966231
2.625251	0.37755858407052467
2.635271	0.3754745716956839
2.645291	0.37337824081456367
2.655311	0.3712703313172671
2.665331	0.3691515659751346
2.675351	0.3670226506769554
2.685371	0.3648842746674087
2.695391	0.36273711078736826
2.705411	0.360581815715728
2.715431	0.3584190302124236
2.725451	0.35624937936234313
2.735471	0.3540734728198393
2.745491	0.35189190505357104
2.755511	0.3497052555914204
2.765531	0.34751408926524424
2.775551	0.34531895645523547
2.785571	0.3431203933336842
2.795591	0.3409189221079413
2.805611	0.3387150512623989
2.815631	0.33650927579931716
2.825651	0.3343020774783359
2.835671	0.332093925054522
2.845691	0.32988527451481436
2.855711	0.32767656931273614
2.865731	0.3254682406012581
2.875752	0.3232607074637001
2.885772	0.32105437714257096
2.895792	0.31884964526625365
2.905812	0.3166468960734509
2.915832	0.31444650263531243
2.925852	0.31224882707517293
2.935872	0.3100542207858393
2.945892	0.30786302464436555
2.955912	0.30567556922426686
2.965932	0.30349217500512443
2.975952	0.3013131525795424
2.985972	0.29913880285741934
2.995992	0.296969417267505
3.006012	0.29480527795621436
3.016032	0.2926466579836792
3.026052	0.29049382151701675
3.036072	0.28834702402080215
3.046092	0.2862065124447355
3.056112	0.2840725254084931
3.066132	0.2819452933837618
3.076152	0.2798250388734527
3.086172	0.27771197658809876
3.096192	0.2756063136194364
3.106212	0.2735082496111823
3.116232	0.27141797692701025
3.126253	0.2693356808157422
3.136273	0.2672615395737646
3.146293	0.26519572470468483
3.156313	0.2631384010762466
3.166333	0.2610897270745191
3.176353	0.25904985475538217
3.186373	0.25701892999332704
3.196393	0.25499709262759623
3.206413	0.25298447660568424
3.216433	0.25098121012422486
3.226453	0.2489874157672904
3.236473	0.24700321064212855
3.246493	0.24502870651236458
3.256513	0.24306400992869612
3.266533	0.24110922235711024
3.276553	0.2391644403046504
3.286573	0.23722975544276395
3.296593	0.23530525472825964
3.306613	0.23339102052190658
3.316633	0.23148713070470417
3.326653	0.2295936587918548
3.336673	0.22771067404447126
3.346693	0.22583824157904928
3.356713	0.2239764224747377
3.366733	0.22212527387843767
3.376754	0.22028484910776375
3.386774	0.21845519775189734
3.396794	0.21663636577036594
3.406814	0.2148283955897788
3.416834	0.2130313261985526
3.426854	0.21124519323965735
3.436874	0.20947002910141446
3.446894	0.20770586300638041
3.456914	0.20595272109834464
3.466934	0.20421062652747532
3.476954	0.20247959953364236
3.486974	0.20075965752795039
3.496994	0.1990508151725104
3.507014	0.19735308445848185
3.517034	0.19566647478241453
3.527054	0.19399099302092135
3.537074	0.19232664360371002
3.547094	0.19067342858500383
3.557114	0.18903134771338126
3.567134	0.1874003985000615
3.577154	0.18578057628566588
3.587174	0.18417187430548207
3.597194	0.18257428375325999
3.607214	0.18098779384356573
3.617234	0.17941239187272137
3.627255	0.17784806327835692
3.637275	0.1762947916976014
3.647295	0.17475255902393846
3.657315	0.17322134546275236
3.667335	0.17170112958559022
3.677355	0.1701918883831648
3.687375	0.16869359731712275
3.697395	0.16720623037060237
3.707415	0.1657297600976057
3.717435	0.16426415767120683
3.727455	0.16280939293062122
3.737475	0.16136543442715762
3.747495	0.15993224946907622
3.757515	0.15850980416537422
3.767535	0.15709806346852043
3.777555	0.15569699121616182
3.787575	0.1543065501718209
3.797595	0.1529267020646065
3.807615	0.15155740762795694
3.817635	0.1501986266374367
3.827655	0.14885031794760542
3.837675	0.1475124395279791
3.847695	0.1461849484981017
3.857715	0.1448678011617475
3.867735	0.14356095304027017
3.877756	0.14226435890511838
3.887776	0.14097797280953542
3.897796	0.139701748119459
3.907816	0.13843563754363986
3.917836	0.13717959316299436
3.927856	0.1359335664592093
3.937876	0.13469750834261313
3.947896	0.13347136917933097
3.957916	0.13225509881773773
3.967936	0.1310486466142259
3.977956	0.12985196145830155
3.987976	0.12866499179702398
3.997996	0.12748768565880375
4.008016	0.12631999067657215
4.018036	0.12516185411033678
4.028056	0.12401322286913669
4.038076	0.12287404353240995
4.048096	0.12174426237078727
4.058116	0.12062382536632393
4.068136	0.11951267823218308
4.078156	0.11841076643178185
4.088176	0.11731803519741389
4.098196	0.11623442954835814
4.108216	0.11515989430848683
4.118236	0.11409437412338361
4.128257	0.11303781347698284
4.138277	0.11199015670774101
4.148297	0.110951348024351
4.158317	0.10992133152100919
4.168337	0.10890005119224677
4.178357	0.10788745094733383
4.188377	0.10688347462426696
4.198397	0.10588806600334984
4.208417	0.10490116882037606
4.218437	0.10392272677942357
4.228457	0.1029526835652693
4.238477	0.10199098285543405
4.248497	0.10103756833186449
4.258517	0.10009238369226228
4.268537	0.09915537266106784
4.278557	0.09822647900010711
4.288577	0.09730564651890936
4.298597	0.09639281908470311
4.308617	0.09548794063209946
4.318637	0.09459095517246818
4.328657	0.09370180680301533
4.338677	0.09282043971556904
4.348697	0.09194679820508048
4.358717	0.09108082667784693
4.368737	0.0902224696594636
4.378758	0.08937167180251042
4.388778	0.08852837789398128
4.398798	0.08769253286246051
4.408818	0.0868640817850538
4.418838	0.08604296989407922
4.428858	0.08522914258352424
4.438878	0.08442254541527443
4.448898	0.08362312412511937
4.458918	0.08283082462854192
4.468938	0.08204559302629513
4.478958	0.08126737560977292
4.488978	0.08049611886617938
4.498998	0.0797317694835017
4.509018	0.07897427435529174
4.519038	0.07822358058526062
4.529058	0.07747963549169218
4.539078	0.07674238661167836
4.549098	0.07601178170518216
4.559118	0.07528776875893209
4.569138	0.07457029599015257
4.579158	0.0738593118501343
4.589178	0.07315476502764909
4.599198	0.07245660445221244
4.609218	0.07176477929719892
4.619238	0.071079238982813
4.629259	0.07039993317891988
4.639279	0.06972681180773961
4.649299	0.06905982504640838
4.659319	0.06839892332941021
4.669339	0.06774405735088236
4.679359	0.06709517806679857
4.689379	0.06645223669703233
4.699399	0.06581518472730412
4.709419	0.06518397391101549
4.719439	0.0645585562709731
4.729459	0.06393888410100566
4.739479	0.06332490996747658
4.749499	0.06271658671069555
4.759519	0.06211386744623135
4.769539	0.061516705566128926
4.779559	0.0609250547400333
4.789579	0.06033886891622288
4.799599	0.059758102322554754
4.809619	0.059182709467324505
4.819639	0.05861264514004254
4.829659	0.05804786441213023
4.839679	0.05748832263753705
4.849699	0.05693397545328171
4.859719	0.056384778779919244
4.869739	0.05584068882193626
4.87976	0.05530166206807639
4.88978	0.054767655291597855
4.8998	0.05423862555046569
4.90982	0.05371453018747985
4.91984	0.053195326830341526
4.92986	0.0526809733916596
4.93988	0.05217142806889873
4.9499	0.05166664934427124
4.95992	0.051166595984573945
4.96994	0.050671227040972586
4.97996	0.050180501848734384
4.98998	0.04969438002691113
5.0	0.04921282147797406
