0.0	0.009703172427214834	0.0016365918666453939
0.01002	0.004962388817641174	0.0014805150968260703
0.02004	0.004863530149467722	0.0007986460329748529
0.03006	0.008199736849183636	0.0004015839233641597
0.04008	0.01156976312837604	0.0016614229994933152
0.0501	0.012842051222315583	0.002515417925045677
0.06012	0.012504104774076173	0.0027807740404979004
0.07014	0.011936320948681817	0.002496044082431656
0.08016	0.01201451855319001	0.0017633005462802946
0.09018	0.01281029445934615	0.0007154118170004625
0.1002	0.013808470318427468	0.0005695638579539695
0.11022	0.01432853514754567	0.0017572331357398232
0.12024	0.013959653515075856	0.0027524606468551237
0.130261	0.012791219895470617	0.0033994649498222938
0.140281	0.011344223060147344	0.0036261175359281303
0.150301	0.0103127193876161	0.003427419204813581
0.160321	0.01029517178313091	0.002847502662938227
0.170341	0.01162259809859887	0.0019667545310884118
0.180361	0.014302646952211721	0.0009251909278550388
0.190381	0.01805932708791997	0.0006595115261076939
0.200401	0.022438402335342226	0.0017423978560214318
0.210421	0.026941845550914365	0.0028336380314909074
0.220441	0.031149658846323282	0.003739596527633087
0.230461	0.03479439062928982	0.004381366062955957
0.240481	0.037774813094234305	0.004717018894234855
0.250501	0.04011937592137606	0.004734161073746216
0.260521	0.04192432477383769	0.004444942876472971
0.270541	0.043291898769900194	0.0038816656391447366
0.280561	0.044285785156265	0.0030954025654777017
0.290581	0.04491098817698516	0.0021661563440384295
0.300601	0.04511750146904834	0.0012827509209397334
0.310621	0.0448224185192565	0.0011392229470358656
0.320641	0.043942701740782984	0.00199111010350512
0.330661	0.0424301315113247	0.003062648374042472
0.340681	0.04030074487786876	0.004095417110573223
0.350701	0.03765318919501163	0.00500331272757388
0.360721	0.03467340441513263	0.0057386856425586915
0.370741	0.03162613883622461	0.006272139533653985
0.380762	0.028836203198130062	0.006587838854530077
0.390782	0.026663602933939073	0.006681509799041643
0.400802	0.02547674983026326	0.006559042430103828
0.410822	0.025627194125462854	0.006235489067078092
0.420842	0.02742821018869327	0.005734795831248858
0.430862	0.03113849975851724	0.005091087652655078
0.440882	0.03695145022523309	0.004353432517961009
0.450902	0.04498983741577688	0.0035987256862940425
0.460922	0.055305529944720364	0.002960514250649095
0.470942	0.06788354641452393	0.0026555661380967543
0.480962	0.08264966983409498	0.002868138166088082
0.490982	0.09948070647262022	0.0035256809982146366
0.501002	0.11821639337241864	0.00442048161420368
0.511022	0.13867193129833133	0.005403090705876653
0.521042	0.1606501683936737	0.006390075482404756
0.531062	0.1839525908442369	0.007332976711555541
0.541082	0.20838847857579548	0.008201163622880356
0.551102	0.2337818291694685	0.008974333964522997
0.561122	0.2599759070059857	0.00963913404869116
0.571142	0.28683550392856827	0.010187454466216985
0.581162	0.3142471778627655	0.010615428628946317
0.591182	0.34211785434828573	0.010922744088524998
0.601202	0.3703722321666528	0.011112108105151461
0.611222	0.3989494365524305	0.011188803836691946
0.621242	0.42779932531588477	0.01116031296486742
0.631263	0.45687878942068677	0.011035996424141225
0.641283	0.4861483136303798	0.010826830292214644
0.651303	0.5155689853590546	0.010545194333241843
0.661323	0.5451000680970092	0.010204708133980984
0.671343	0.5746971939353025	0.009820104291806547
0.681363	0.6043111795818316	0.009407118509363509
0.691383	0.6338874319819411	0.008982360884745886
0.701403	0.663365882365592	0.008563110024038723
0.711423	0.6926813698812064	0.008166944637779304
0.721443	0.7217643864191868	0.0078111085754241
0.731463	0.7505420912757764	0.007511523063683426
0.741483	0.7789395065721162	0.007281453328962622
0.751503	0.8068808105746528	0.007130022141703005
0.761523	0.8342906551487055	0.0070609745755997565
0.771543	0.8610954445309722	0.00707217339111682
0.781563	0.8872245245623538	0.0071561033584951715
0.791583	0.9126112437311487	0.007301256619001428
0.801603	0.9371938592116632	0.007493934245725705
0.811623	0.960916272044817	0.007719945963190793
0.821643	0.9837285853256055	0.007965882343611225
0.831663	1.0055874874959196	0.008219881451479704
0.841683	1.0264564694693268	0.008471974067636851
0.851703	1.046305889323205	0.008714145098587684
0.861723	1.0651129017579086	0.008940234908188183
0.871743	1.08286127158489	0.009145767544380715
0.881764	1.0995410913541133	0.009327757948381716
0.891784	1.1151484230788744	0.009484525214972554
0.901804	1.129684883083363	0.009615523537464593
0.911824	1.1431571874971869	0.009721193885330279
0.921844	1.1555766740452538	0.00980283507963482
0.931864	1.1669588136987916	0.009862490875610313
0.941884	1.1773227236027302	0.009902848790533273
0.951904	1.1866906905849028	0.009927146110233992
0.961924	1.1950877125638788	0.009939078487258906
0.971944	1.2025410633591693	0.009942706735129689
0.981964	1.2090798848026028	0.009942357881577497
0.991984	1.214734808667323	0.009942517394180572
1.002004	1.2195376097716746	0.00994771087182134
1.012024	1.2235208906695159	0.00996237548377417
1.022044	1.2267177975895696	0.009990723973587731
1.032064	1.229161766713361	0.010036606853119433
1.042084	1.2308862994611807	0.010103380985682859
1.052104	1.231924765165024	0.010193794431259375
1.062124	1.232310229324098	0.010309897566753318
1.072144	1.2320753055414564	0.010452988750644552
1.082164	1.23125202921094	0.010623599317642445
1.092184	1.2298717510455583	0.010821518139492947
1.102204	1.2279650485979399	0.011045851389969835
1.112224	1.2255616540089778	0.011295109519956678
1.122244	1.222690396323039	0.011567311456260597
1.132265	1.219379156819723	0.01186009584357247
1.142285	1.2156548359275634	0.012170830439013494
1.152305	1.2115433304000731	0.012496712957686985
1.162325	1.2070695195461563	0.012834859134942287
1.172345	1.2022572594132668	0.013182376032838141
1.182365	1.1971293839214312	0.013536420397431147
1.192385	1.1917077120389092	0.013894243084230809
1.202405	1.1860130601755547	0.014253221257802812
1.212425	1.1800652590480527	0.014610880350787272
1.222445	1.1738831743424987	0.014964907765731294
1.232465	1.167484730564693	0.015313160133746964
1.242485	1.1608869375276314	0.01565366569370786
1.252505	1.1541059189795144	0.01598462308304938
1.262525	1.1471569429247395	0.016304397571302958
1.272545	1.140054453235274	0.01661151553816057
1.282565	1.1328121021910418	0.016904657805662523
1.292585	1.1254427836258352	0.017182652278891763
1.302605	1.1179586663902266	0.017444466227661146
1.312625	1.110371227875218	0.01768919844806102
1.322645	1.1026912873702497	0.017916071472129133
1.332665	1.094929039056871	0.01812442394145317
1.342685	1.087094084465017	0.01831370322212512
1.352705	1.0791954642426138	0.018483458310678512
1.362725	1.0712416891112093	0.01863333306083515
1.372745	1.063240769900673	0.01876305974692198
1.382766	1.0552002465747032	0.018872452970168714
1.392786	1.0471272161761198	0.01896140390752789
1.402806	1.039028359636641	0.019029874898347905
1.412826	1.03090996741022	0.01907789436149246
1.422846	1.022777963902036	0.019105552033921107
1.432866	1.0146379306769708	0.01911299452095846
1.442886	1.006495128441942	0.01910042114828666
1.452906	0.9983545178058422	0.019068080105908342
1.462926	0.9902207788290912	0.019016264874857837
1.472946	0.9820983293820765	0.01894531092820456
1.482966	0.9739913423380242	0.018855592698847116
1.492986	0.9659037616311954	0.018747520807722372
1.503006	0.9578393172158586	0.018621539547335204
1.513026	0.9498015389651971	0.018478124616943495
1.523046	0.9417937695523646	0.018317781107330497
1.533066	0.9338191763582443	0.018141041734866747
1.543086	0.9258807624522469	0.017948465326523617
1.553106	0.9179813766937003	0.017740635559685764
1.563126	0.9101237230021098	0.01751815996303075
1.573146	0.9023103688448787	0.017281669187446485
1.583166	0.8945437529909649	0.017031816558960338
1.593186	0.88682619257853	0.016769277928995945
1.603206	0.879159889543892	0.016494751840978587
1.613226	0.8715469364580993	0.01620896003639547
1.623246	0.8639893218162282	0.015912648327886296
1.633267	0.8564889348230955	0.01560658787176544
1.643287	0.8490475697175273	0.015291576877482914
1.653307	0.8416669296756212	0.014968442796783683
1.663327	0.834348630331669	0.014638045040461442
1.673347	0.827094202953524	0.014301278275225726
1.683367	0.8199050973072962	0.01395907635665842
1.693387	0.8127826842442862	0.013612416955566151
1.703407	0.8057282580411107	0.013262326932782642
1.713427	0.798743038521994	0.012909888509568111
1.723447	0.7918281729902347	0.012556246264224864
1.733467	0.7849847379939294	0.012202614956310687
1.743487	0.7782137409491238	0.011850288132360833
1.753507	0.771516121641709	0.011500647394132998
1.763527	0.7648927536275788	0.011155172103077746
1.773547	0.7583444455488111	0.01081544914251993
1.783567	0.75187194238196	0.010483182150877885
1.793587	0.7454759266329387	0.01016019936588286
1.803607	0.7391570194914223	0.009848458877913817
1.813627	0.7329157819562541	0.009550049690115464
1.823647	0.7267527159419409	0.009267186557255882
1.833667	0.7206682653750295	0.009002196194170567
1.843687	0.7146628172879256	0.008757492226820962
1.853707	0.7087367029165746	0.008535536376498232
1.863727	0.7028901988073623	0.008338784029922542
1.873747	0.6971235279376008	0.008169613750561924
1.883768	0.6914368608530707	0.00803024251627388
1.893788	0.6858303168252383	0.007922631378039264
1.903808	0.6803039650300304	0.007848389338795864
1.913828	0.6748578257493438	0.007808685732018891
1.923848	0.6694918715958588	0.007804182280006501
1.933868	0.6642060287611679	0.007834994614120367
1.943888	0.6590001782867443	0.007900689274919982
1.953908	0.6538741573568437	0.008000316851475769
1.963928	0.6488277606120555	0.008132476370444532
1.973948	0.6438607414819082	0.00829540179071967
1.983968	0.6389728135346535	0.008487059464525396
1.993988	0.634163651842139	0.008705245826222176
2.004008	0.629432894357492	0.008947676772415421
2.014028	0.6247801433032025	0.009212063259422733
2.024048	0.6202049665670895	0.009496170683735984
2.034068	0.6157068991035596	0.009797862050425352
2.044088	0.6112854443375388	0.010115126548778825
2.054108	0.6069400755684398	0.010446095985681945
2.064128	0.60267023737154	0.0107890517563889
2.074148	0.598475346994191	0.011142424873806336
2.084168	0.5943547957443235	0.011504791216759569
2.094188	0.5903079503687961	0.011874863728092174
2.104208	0.5863341544192137	0.012251482876447688
2.114228	0.5824327296029485	0.012633606332588677
2.124248	0.5786029771172032	0.013020298516723748
2.134269	0.5748441789640761	0.013410720446648726
2.144289	0.5711555992447119	0.013804120149119328
2.154309	0.5675364854307542	0.014199823777729303
2.164329	0.5639860696114511	0.014597227498756945
2.174349	0.5605035697148968	0.01499579015245554
2.184369	0.5570881907020347	0.01539502666334165
2.194389	0.5537391257321836	0.015794502153212726
2.204409	0.5504555572989831	0.01619382670041371
2.214429	0.5472366583357882	0.016592650685032205
2.224449	0.5440815932896793	0.016990660659918336
2.234469	0.5409895191633753	0.017387575690099154
2.244489	0.5379595865244663	0.017783144107207962
2.254509	0.5349909404814994	0.018177140630240896
2.264529	0.5320827216265666	0.018569363808832916
2.274549	0.529234066944155	0.018959633750020827
2.284569	0.5264441106861183	0.01934779009396478
2.294589	0.5237119852127337	0.01973369020824173
2.304609	0.5210368217998943	0.020117207574076246
2.314629	0.5184177514125807	0.020498230341218386
2.324649	0.5158539054448287	0.02087666003114539
2.334669	0.5133444164264908	0.021252410370871225
2.344689	0.5108884186971572	0.021625406241926146
2.354709	0.5084850490476623	0.02199558273106401
2.364729	0.5061334473296664	0.022362884270976262
2.374749	0.5038327570338459	0.02272726386080357
2.38477	0.5015821258372851	0.023088682357528794
2.39479	0.4993807061206916	0.023447107830469494
2.40481	0.4972276554561021	0.023802514972062844
2.41483	0.49512213706577807	0.024154884558982567
2.42485	0.4930633202530143	0.024504202958360522
2.43487	0.49105038080561125	0.024850461674523268
2.44489	0.489082501372779	0.02519365693220213
2.45491	0.4871588718162588	0.02553378929265872
2.46493	0.4852786895364593	0.025870863299578946
2.47495	0.48344115977441315	0.02620488715195553
2.48497	0.4816454958903662	0.02653587240149154
2.49499	0.47989091961981567	0.026863833672333578
2.50501	0.47817666130781095	0.027188788401184168
2.51503	0.4765019601223323	0.02751075659605249
2.52505	0.4748660642475546	0.027829760612087667
2.53507	0.4732682310578002	0.028145824943099144
2.54509	0.4717077272729737	0.028458976027512604
2.55511	0.4701838290962642	0.028769242067633923
2.56513	0.4686958223348856	0.0290766528612037
2.57515	0.46724300250461676	0.02938123964432312
2.58517	0.46582467491888535	0.02968303494491817
2.59519	0.4644401547631262	0.029982072445984855
2.60521	0.46308876715512864	0.030278386857927237
2.61523	0.46176984719206987	0.03057201379935901
2.625251	0.4604827399849141	0.030862989685795563
2.635271	0.4592268006808389	0.031151351625708847
2.645291	0.4580013944743327	0.03143713732346291
2.655311	0.456805896607587	0.031720384988685464
2.665331	0.4556396923607886	0.032001133251665474
2.675351	0.4545021770328968	0.03227942108439952
2.685371	0.45339275591347467	0.03255528772693557
2.695391	0.45231084424611767	0.032828772618691555
2.705411	0.45125586718400995	0.03309991533444595
2.715431	0.450227259738116	0.03336875552472144
2.725451	0.44922446671849614	0.03363533286030031
2.735471	0.448246942669217	0.033899686980628806
2.745491	0.4472941517973079	0.03416185744588213
2.755511	0.4463655678961975	0.03442188369247873
2.765531	0.4454606742640441	0.034679804991843574
2.775551	0.44457896361735855	0.03493566041223457
2.785571	0.4437199380002986	0.035189488783455854
2.795591	0.4428831086899989	0.035441328664294086
2.805611	0.442067996098282	0.035691218312521845
2.815631	0.44127412967008056	0.03593919565732285
2.825651	0.4405010477788867	0.03618529827400047
2.835671	0.43974829761952616	0.0364295633608409
2.845691	0.43901543509854235	0.03667202771800722
2.855711	0.43830202472246044	0.036912727728349276
2.865731	0.4376076394841876	0.037151699340020064
2.875752	0.4369318607477915	0.037388978050794594
2.885772	0.4362742781318874	0.03762459889399344
2.895792	0.4356344893918506	0.037858596425918926
2.905812	0.4350121003010597	0.03809100471471497
2.915832	0.4344067245313629	0.03832185733056844
2.925852	0.43381798353295103	0.03855118733717246
2.935872	0.4332455064138079	0.038779027284377196
2.945892	0.43268892981889834	0.03900540920195738
2.955912	0.43214789780924734	0.03923036459442878
2.965932	0.4316220617410493	0.03945392443685047
2.975952	0.4311110801449414	0.03967611917155143
2.985972	0.4306146186055656	0.03989697870572542
2.995992	0.43013234964153246	0.04011653240983803
3.006012	0.4296639525858974	0.04033480911679529
3.016032	0.4292091134672468	0.04055183712182397
3.026052	0.42876752489148817	0.04076764418301768
3.036072	0.4283388859244304	0.040982257522503715
3.046092	0.42792290197523214	0.04119570382818951
3.056112	0.4275192846807927	0.04140800925604767
3.066132	0.42712775179115237	0.04161919943290305
3.076152	0.4267480270559631	0.04182929945968534
3.086172	0.42637984011208635	0.04203833391511292
3.096192	0.4260229263723691	0.04224632685977607
3.106212	0.4256770269156443	0.04245330184058898
3.116232	0.42534188837799736	0.042659281895581345
3.126253	0.42501726284533653	0.04286428955900185
3.136273	0.4247029077473008	0.04306834686670792
3.146293	0.42439858575253353	0.043271475361817135
3.156313	0.4241040646653501	0.043473696100595836
3.166333	0.42381911732382016	0.04367502965856466
3.176353	0.42354352149928465	0.043875496136798114
3.186373	0.42327705979732405	0.04407511516840019
3.196393	0.42301951956019124	0.04427390592513551
3.206413	0.4227706927707199	0.04447188712420001
3.216433	0.4225303759577162	0.044669077035113525
3.226453	0.42229837010284144	0.04486549348671824
3.236473	0.42207448054898716	0.04506115387426927
3.246493	0.42185851691014703	0.04525607516660201
3.256513	0.4216502929827832	0.045450273913364606
3.266533	0.42144962665868674	0.04564376625230095
3.276553	0.42125633983932803	0.045836567916575005
3.286573	0.42107025835169265	0.04602869424212351
3.296593	0.4208912118655948	0.04622016017502771
3.306613	0.4207190338124628	0.046410980278894204
3.316633	0.4205535613055853	0.04660116874223545
3.326653	0.4203946350618101	0.04679073938584245
3.336673	0.42024209932468287	0.046979705670140176
3.346693	0.420095801789015	0.047168080702519724
3.356713	0.4199555935268662	0.047355877244639424
3.366733	0.4198213289149298	0.04754310771968843
3.376754	0.41969286556330476	0.047729784219607586
3.386774	0.41957006424564075	0.0479159185122605
3.396794	0.4194527888306389	0.04810152204855171
3.406814	0.41934090621489395	0.04828660596948491
3.416834	0.41923428625705955	0.04847118111315867
3.426854	0.4191328017133207	0.048655258021694216
3.436874	0.41903632817415526	0.048838846948092686
3.446894	0.41894474400236736	0.04902195786301738
3.456914	0.41885793027237395	0.04920460046149874
3.466934	0.4187757707107269	0.049386784169558204
3.476954	0.41869815163785223	0.049568518150750134
3.486974	0.41862496191098725	0.04974981131261696
3.496994	0.4185560928682976	0.04993067231305761
3.507014	0.4184914382741551	0.05011110956660689
3.517034	0.41843089426555746	0.05029113125062285
3.527054	0.4183743592996713	0.05047074531138262
3.537074	0.41832173410247947	0.05064995947008416
3.547094	0.41827292161851326	0.05082878122875338
3.557114	0.4182278269616519	0.051007217876055395
3.567134	0.41818635736696924	0.051185276493009677
3.577154	0.41814842214361	0.051362963958608225
3.587174	0.4181139326286766	0.05154028695533592
3.597194	0.41808280214210747	0.05171725197459378
3.607214	0.41805494594253	0.05189386532202385
3.617234	0.4180302811840685	0.05207013312273619
3.627255	0.4180087268740895	0.052246061326438435
3.637275	0.4179902038318678	0.05242165571246686
3.647295	0.4179746346481531	0.05259692189472053
3.657315	0.4179619436456221	0.052771865326498184
3.667335	0.41795205684019715	0.052946491305238076
3.677355	0.41794490190321565	0.05312080497716218
3.687375	0.4179404081244317	0.05329481134182414
3.697395	0.4179385063758349	0.053468515256562876
3.707415	0.417939129076269	0.05364192144086127
3.717435	0.4179422101568341	0.05381503448061186
3.727455	0.41794768502705654	0.05398785883228982
3.737475	0.41795549054181125	0.05416039882703392
3.747495	0.41796556496897974	0.05433265867463668
3.757515	0.41797784795783	0.054504642467444755
3.767535	0.41799228050810155	0.05467635418417055
3.777555	0.4180088049397825	0.05484779769361563
3.787575	0.41802736486356246	0.05501897675830746
3.797595	0.41804790515194845	0.05518989503805084
3.807615	0.41807037191102814	0.05536055609339413
3.817635	0.41809471245286794	0.0555309633890126
3.827655	0.4181208752685316	0.055701120297009445
3.837675	0.4181488100017058	0.05587103010013522
3.847695	0.41817846742292014	0.056040695994928474
3.857715	0.4182097994043485	0.05621012109477654
3.867735	0.4182427588951783	0.05637930843289988
3.877756	0.41827729989753654	0.05654826096525951
3.887776	0.4183133774429594	0.056716981573390036
3.897796	0.41835094756939384	0.056885473067158625
3.907816	0.41838996729871963	0.05705373818745173
3.917836	0.41843039461477965	0.05722177960879049
3.927856	0.4184721884419081	0.057389599941876215
3.937876	0.41851530862394465	0.05755720173606704
3.947896	0.4185597159037246	0.057724587481787486
3.957916	0.4186053719030333	0.05789175961287148
3.967936	0.418652239103016	0.05805872050884034
3.977956	0.41870028082503086	0.05822547249711738
3.987976	0.4187494612119373	0.05839201785517971
3.997996	0.4187997452098084	0.05855835881264885
4.008016	0.4188510985500584	0.05872449755332125
4.018036	0.4189034877319758	0.05889043621713997
4.028056	0.41895688000565273	0.05905617690210861
4.038076	0.41901124335530204	0.05922172166614893
4.048096	0.419066546482953	0.059387072528902705
4.058116	0.4191227587925169	0.05955223147348
4.068136	0.41917985037421424	0.05971720044815413
4.078156	0.4192377919893555	0.05988198136800465
4.088176	0.41929655505546737	0.06004657611650965
4.098196	0.41935611163175596	0.0602109865470886
4.108216	0.4194164344049002	0.06037521448459638
4.118236	0.41947749667516715	0.060539261726770086
4.128257	0.41953927234284255	0.06070313004562909
4.138277	0.4196017358949683	0.060866821188830196
4.148297	0.41966486239238127	0.061030336880977996
4.158317	0.4197286274570451	0.061193678824892475
4.168337	0.4197930072596693	0.06135684870283385
4.178357	0.4198579785076088	0.06151984817768634
4.188377	0.41992351843303694	0.06168267889410161
4.198397	0.41998960478138614	0.06184534247960297
4.208417	0.4200562158000507	0.06200784054565087
4.218437	0.4201233302273437	0.06217017468867133
4.228457	0.42019092728170493	0.0623323464910473
4.238477	0.420258986651151	0.06249435752207492
4.248497	0.42032748848296525	0.06265620933888456
4.258517	0.420396413373619	0.06281790348732835
4.268537	0.4204657423589207	0.06297944150283409
4.278557	0.42053545690438726	0.06314082491122758
4.288577	0.4206055388958319	0.06330205522952309
4.298597	0.4206759706301643	0.06346313396668367
4.308617	0.4207467348063977	0.06362406262435097
4.318637	0.42081781451685785	0.06378484269754686
4.328657	0.42088919323859053	0.06394547567534635
4.338677	0.4209608548249611	0.0641059630415228
4.348697	0.42103278349744316	0.06426630627516695
4.358717	0.42110496383759144	0.06442650685127937
4.368737	0.42117738077919453	0.06458656624133767
4.378758	0.42125001960060354	0.06474648591383926
4.388778	0.4213228659172325	0.06490626733481984
4.398798	0.42139590567422663	0.06506591196834875
4.408818	0.4214691251392946	0.06522542127700136
4.418838	0.42154251089570083	0.06538479672230979
4.428858	0.4216160498354144	0.065544039765192
4.438878	0.4216897291524109	0.0657031518663599
4.448898	0.4217635363361233	0.0658621344867075
4.458918	0.4218374591650394	0.0660209890876791
4.468938	0.4219114857004411	0.06617971713161884
4.478958	0.4219856042802835	0.06633832008210132
4.488978	0.42205980351320965	0.06649679940424433
4.498998	0.422134072272699	0.06665515656500406
4.509018	0.4222083996913448	0.06681339303345372
4.519038	0.4222827751552591	0.0669715102810453
4.529058	0.4223571882986013	0.06712950978185546
4.539078	0.42243162899822867	0.06728739301281646
4.549098	0.42250608736846407	0.06744516145393127
4.559118	0.4225805537559802	0.0676028165884749
4.569138	0.42265501873479694	0.06776035990318126
4.579158	0.4227294731013883	0.06791779288841664
4.589178	0.42280390786989824	0.06807511703833961
4.599198	0.4228783142674613	0.0682323338510488
4.609218	0.42295268372962647	0.06838944482871749
4.619238	0.4230270078958818	0.06854645147771701
4.629259	0.42310127860527746	0.06870335530872794
4.639279	0.4231754878921443	0.06886015783684059
4.649299	0.4232496279819077	0.06901686058164429
4.659319	0.4233236912869914	0.06917346506730655
4.669339	0.4233976704028129	0.06932997282264183
4.679359	0.4234715581038652	0.06948638538117069
4.689379	0.4235453473398848	0.06964270428116949
4.699399	0.42361903123210326	0.06979893106571093
4.709419	0.42369260306958095	0.06995506728269586
4.719439	0.42376605630562003	0.07011111448487688
4.729459	0.4238393845542565	0.07026707422987297
4.739479	0.42391258158682793	0.0704229480801774
4.749499	0.4239856413286163	0.07057873760315699
4.759519	0.42405855785556357	0.07073444437104484
4.769539	0.42413132539105847	0.07089006996092535
4.779559	0.4242039383027936	0.07104561595471331
4.789579	0.42427639109969	0.0712010839391256
4.799599	0.4243486784288887	0.07135647550564728
4.809619	0.42442079507280706	0.07151179225049142
4.819639	0.42449273594625936	0.07166703577455308
4.829659	0.42456449609363894	0.07182220768335802
4.839679	0.42463607068616144	0.07197730958700578
4.849699	0.42470745501916757	0.07213234310010802
4.859719	0.4247786445094839	0.0722873098417216
4.869739	0.42484963469284037	0.07244221143527728
4.87976	0.4249204212213435	0.0725970495085039
4.88978	0.42499099986100386	0.07275182569334843
4.8998	0.4250613664893166	0.07290654162589126
4.90982	0.4251315170928937	0.07306119894625875
4.91984	0.42520144776514746	0.0732157992985309
4.92986	0.42527115470402294	0.07337034433064663
4.93988	0.4253406342097795	0.07352483569430442
4.9499	0.4254098826828194	0.07367927504486103
4.95992	0.42547889662156274	0.07383366404122625
4.96994	0.42554767262036824	0.07398800434575534
4.97996	0.4256162073674976	0.07414229762413842
4.98998	0.42568449764312377	0.07429654554528743
5.0	0.4257525403173815	0.07445074978122063
