# mean_total_loss mean_main_loss mean_smoothness_loss mean_l2_loss
8.934945792000000000e+09 8.315166458487510681e-03 4.757022485136985779e-02 8.934945792000000000e+09
8.878905344000000000e+09 8.468058891594409943e-03 4.697193205356597900e-02 8.878905344000000000e+09
8.821177344000000000e+09 8.628072217106819153e-03 4.639053717255592346e-02 8.821177344000000000e+09
8.762580992000000000e+09 8.792200125753879547e-03 4.582814872264862061e-02 8.762580992000000000e+09
8.703234048000000000e+09 8.960714563727378845e-03 4.528358951210975647e-02 8.703234048000000000e+09
8.642947072000000000e+09 9.134057909250259399e-03 4.475489631295204163e-02 8.642947072000000000e+09
8.579791360000000000e+09 9.316082112491130829e-03 4.423934221267700195e-02 8.579791360000000000e+09
8.519156224000000000e+09 9.496430866420269012e-03 4.373748973011970520e-02 8.519156224000000000e+09
8.458337792000000000e+09 9.680107235908508301e-03 4.324903711676597595e-02 8.458337792000000000e+09
8.397191168000000000e+09 9.868242777884006500e-03 4.277324303984642029e-02 8.397191168000000000e+09
8.335891456000000000e+09 1.005973294377326965e-02 4.230968654155731201e-02 8.335891456000000000e+09
8.273858048000000000e+09 1.025586389005184174e-02 4.185876995325088501e-02 8.273858048000000000e+09
8.211657216000000000e+09 1.045424211770296097e-02 4.141966253519058228e-02 8.211657216000000000e+09
8.149340160000000000e+09 1.065656449645757675e-02 4.099081084132194519e-02 8.149340160000000000e+09
8.083072512000000000e+09 1.087022945284843445e-02 4.057350009679794312e-02 8.083072512000000000e+09
8.020318720000000000e+09 1.108067389577627182e-02 4.016677662730216980e-02 8.020318720000000000e+09
7.956969984000000000e+09 1.129564642906188965e-02 3.977053239941596985e-02 7.956969984000000000e+09
7.892999168000000000e+09 1.151617523282766342e-02 3.938486054539680481e-02 7.892999168000000000e+09
7.828781056000000000e+09 1.173928100615739822e-02 3.900899365544319153e-02 7.828781056000000000e+09
7.764334592000000000e+09 1.196708343923091888e-02 3.864288702607154846e-02 7.764334592000000000e+09
7.699753984000000000e+09 1.219967193901538849e-02 3.828708082437515259e-02 7.699753984000000000e+09
7.634749440000000000e+09 1.243642158806324005e-02 3.794203698635101318e-02 7.634749440000000000e+09
7.569350144000000000e+09 1.267679501324892044e-02 3.760620951652526855e-02 7.569350144000000000e+09
7.502940160000000000e+09 1.292219944298267365e-02 3.727975115180015564e-02 7.502940160000000000e+09
7.435916288000000000e+09 1.317282393574714661e-02 3.696493059396743774e-02 7.435916288000000000e+09
7.368685568000000000e+09 1.343019772320985794e-02 3.665831685066223145e-02 7.368685568000000000e+09
7.301092352000000000e+09 1.368922926485538483e-02 3.636082634329795837e-02 7.301092352000000000e+09
7.233300480000000000e+09 1.395259890705347061e-02 3.607133030891418457e-02 7.233300480000000000e+09
7.165081088000000000e+09 1.422044914215803146e-02 3.578914701938629150e-02 7.165081088000000000e+09
7.096577024000000000e+09 1.449422445148229599e-02 3.551480546593666077e-02 7.096577024000000000e+09
7.027396096000000000e+09 1.477474626153707504e-02 3.524745628237724304e-02 7.027396096000000000e+09
6.958391296000000000e+09 1.505804248154163361e-02 3.498779982328414917e-02 6.958391296000000000e+09
6.888941056000000000e+09 1.534706447273492813e-02 3.473428636789321899e-02 6.888941056000000000e+09
6.818851840000000000e+09 1.564204134047031403e-02 3.448781371116638184e-02 6.818851840000000000e+09
6.749288960000000000e+09 1.594051904976367950e-02 3.424931317567825317e-02 6.749288960000000000e+09
6.679387136000000000e+09 1.624362543225288391e-02 3.401756659150123596e-02 6.679387136000000000e+09
6.609071104000000000e+09 1.655234396457672119e-02 3.379294276237487793e-02 6.609071104000000000e+09
6.538616832000000000e+09 1.686578616499900818e-02 3.357598185539245605e-02 6.538616832000000000e+09
6.468154880000000000e+09 1.718398556113243103e-02 3.336573392152786255e-02 6.468154880000000000e+09
6.397477376000000000e+09 1.750759035348892212e-02 3.316355496644973755e-02 6.397477376000000000e+09
6.326245376000000000e+09 1.783763244748115540e-02 3.296718373894691467e-02 6.326245376000000000e+09
6.255545856000000000e+09 1.817161403596401215e-02 3.277671337127685547e-02 6.255545856000000000e+09
6.184340480000000000e+09 1.851531863212585449e-02 3.259217366576194763e-02 6.184340480000000000e+09
6.112976896000000000e+09 1.886315084993839264e-02 3.241350874304771423e-02 6.112976896000000000e+09
6.042446848000000000e+09 1.921255886554718018e-02 3.224185481667518616e-02 6.042446848000000000e+09
5.971575296000000000e+09 1.956639811396598816e-02 3.207632899284362793e-02 5.971575296000000000e+09
5.900772352000000000e+09 1.992746070027351379e-02 3.191671520471572876e-02 5.900772352000000000e+09
5.829960192000000000e+09 2.029340341687202454e-02 3.176319599151611328e-02 5.829960192000000000e+09
5.759232512000000000e+09 2.066477760672569275e-02 3.161609172821044922e-02 5.759232512000000000e+09
5.688611840000000000e+09 2.104209363460540771e-02 3.147494047880172729e-02 5.688611840000000000e+09
5.618153984000000000e+09 2.142615430057048798e-02 3.133976832032203674e-02 5.618153984000000000e+09
5.547761664000000000e+09 2.181374840438365936e-02 3.121006675064563751e-02 5.547761664000000000e+09
5.477426688000000000e+09 2.220821194350719452e-02 3.108558803796768188e-02 5.477426688000000000e+09
5.407198208000000000e+09 2.260811813175678253e-02 3.096592798829078674e-02 5.407198208000000000e+09
5.336288768000000000e+09 2.301860600709915161e-02 3.085098601877689362e-02 5.336288768000000000e+09
5.266306560000000000e+09 2.343088388442993164e-02 3.074118308722972870e-02 5.266306560000000000e+09
5.195935232000000000e+09 2.385236136615276337e-02 3.063617832958698273e-02 5.195935232000000000e+09
5.126823424000000000e+09 2.427660115063190460e-02 3.053604252636432648e-02 5.126823424000000000e+09
5.057613824000000000e+09 2.470697648823261261e-02 3.044070117175579071e-02 5.057613824000000000e+09
4.988772352000000000e+09 2.514356933534145355e-02 3.034983202815055847e-02 4.988772352000000000e+09
4.920198144000000000e+09 2.558913826942443848e-02 3.026308119297027588e-02 4.920198144000000000e+09
4.851610624000000000e+09 2.604157663881778717e-02 3.018127568066120148e-02 4.851610624000000000e+09
4.783821312000000000e+09 2.650007046759128571e-02 3.010320849716663361e-02 4.783821312000000000e+09
4.716519424000000000e+09 2.696459181606769562e-02 3.002894856035709381e-02 4.716519424000000000e+09
4.649817600000000000e+09 2.743594162166118622e-02 2.995835803449153900e-02 4.649817600000000000e+09
4.583288320000000000e+09 2.791207097470760345e-02 2.989196032285690308e-02 4.583288320000000000e+09
4.517189120000000000e+09 2.839622460305690765e-02 2.982898987829685211e-02 4.517189120000000000e+09
4.451805696000000000e+09 2.888720110058784485e-02 2.976907789707183838e-02 4.451805696000000000e+09
4.386841600000000000e+09 2.938432432711124420e-02 2.971264161169528961e-02 4.386841600000000000e+09
4.322653184000000000e+09 2.988852933049201965e-02 2.965890429913997650e-02 4.322653184000000000e+09
4.259178240000000000e+09 3.039668872952461243e-02 2.961012162268161774e-02 4.259178240000000000e+09
4.196149248000000000e+09 3.091333433985710144e-02 2.956499345600605011e-02 4.196149248000000000e+09
4.133924864000000000e+09 3.143591806292533875e-02 2.952288836240768433e-02 4.133924864000000000e+09
4.072267776000000000e+09 3.196496143937110901e-02 2.948281355202198029e-02 4.072267776000000000e+09
4.011488512000000000e+09 3.250126913189888000e-02 2.944513596594333649e-02 4.011488512000000000e+09
3.951582976000000000e+09 3.304164111614227295e-02 2.940941043198108673e-02 3.951582976000000000e+09
3.892322560000000000e+09 3.358943015336990356e-02 2.937602065503597260e-02 3.892322560000000000e+09
3.834182656000000000e+09 3.414440900087356567e-02 2.934455685317516327e-02 3.834182656000000000e+09
3.776824576000000000e+09 3.470738977193832397e-02 2.931465022265911102e-02 3.776824576000000000e+09
3.720214528000000000e+09 3.527894616127014160e-02 2.928651496767997742e-02 3.720214528000000000e+09
3.664645632000000000e+09 3.585642203688621521e-02 2.926013246178627014e-02 3.664645632000000000e+09
3.610020096000000000e+09 3.644073382019996643e-02 2.923499234020709991e-02 3.610020096000000000e+09
3.556672768000000000e+09 3.703071922063827515e-02 2.921117655932903290e-02 3.556672768000000000e+09
3.504410880000000000e+09 3.762790560722351074e-02 2.918944880366325378e-02 3.504410880000000000e+09
3.453115648000000000e+09 3.823295980691909790e-02 2.916911058127880096e-02 3.453115648000000000e+09
3.403077120000000000e+09 3.884585946798324585e-02 2.915001101791858673e-02 3.403077120000000000e+09
3.354459136000000000e+09 3.946683183312416077e-02 2.913175150752067566e-02 3.354459136000000000e+09
3.306961920000000000e+09 4.009206220507621765e-02 2.911421097815036774e-02 3.306961920000000000e+09
3.260681472000000000e+09 4.072496294975280762e-02 2.909745089709758759e-02 3.260681472000000000e+09
3.215875072000000000e+09 4.136599227786064148e-02 2.908123284578323364e-02 3.215875072000000000e+09
3.171564544000000000e+09 4.202333092689514160e-02 2.906560711562633514e-02 3.171564544000000000e+09
3.129499136000000000e+09 4.267798736691474915e-02 2.905038557946681976e-02 3.129499136000000000e+09
3.088935936000000000e+09 4.334215447306632996e-02 2.903567440807819366e-02 3.088935936000000000e+09
3.049754880000000000e+09 4.401347413659095764e-02 2.902140095829963684e-02 3.049754880000000000e+09
3.012018176000000000e+09 4.469527676701545715e-02 2.900804206728935242e-02 3.012018176000000000e+09
2.975868416000000000e+09 4.538219049572944641e-02 2.899516746401786804e-02 2.975868416000000000e+09
2.941422336000000000e+09 4.607824608683586121e-02 2.898262999951839447e-02 2.941422336000000000e+09
2.908491776000000000e+09 4.677798226475715637e-02 2.896990440785884857e-02 2.908491776000000000e+09
2.877102080000000000e+09 4.748650640249252319e-02 2.895750477910041809e-02 2.877102080000000000e+09
2.847481856000000000e+09 4.820393770933151245e-02 2.894499711692333221e-02 2.847481856000000000e+09
2.819692544000000000e+09 4.892729595303535461e-02 2.893270365893840790e-02 2.819692544000000000e+09
2.793700608000000000e+09 4.965881630778312683e-02 2.892102114856243134e-02 2.793700608000000000e+09
2.769556736000000000e+09 5.039931833744049072e-02 2.890954911708831787e-02 2.769556736000000000e+09
2.747224320000000000e+09 5.114625394344329834e-02 2.889837138354778290e-02 2.747224320000000000e+09
2.726807040000000000e+09 5.190119519829750061e-02 2.888775058090686798e-02 2.726807040000000000e+09
2.708320000000000000e+09 5.266752466559410095e-02 2.887736447155475616e-02 2.708320000000000000e+09
2.691979776000000000e+09 5.343300849199295044e-02 2.886724285781383514e-02 2.691979776000000000e+09
2.677669888000000000e+09 5.421485006809234619e-02 2.885722368955612183e-02 2.677669888000000000e+09
2.665403904000000000e+09 5.499791353940963745e-02 2.884718216955661774e-02 2.665403904000000000e+09
2.655190784000000000e+09 5.579686164855957031e-02 2.883709594607353210e-02 2.655190784000000000e+09
2.647238400000000000e+09 5.659552291035652161e-02 2.882684767246246338e-02 2.647238400000000000e+09
2.641451520000000000e+09 5.740565806627273560e-02 2.881670370697975159e-02 2.641451520000000000e+09
2.637902336000000000e+09 5.821803584694862366e-02 2.880668453872203827e-02 2.637902336000000000e+09
2.636603392000000000e+09 5.904381349682807922e-02 2.879670076072216034e-02 2.636603392000000000e+09
2.637604608000000000e+09 5.987880006432533264e-02 2.878727577626705170e-02 2.637604608000000000e+09
2.640961280000000000e+09 6.071585044264793396e-02 2.877808362245559692e-02 2.640961280000000000e+09
2.646705920000000000e+09 6.156147643923759460e-02 2.876899018883705139e-02 2.646705920000000000e+09
2.654854144000000000e+09 6.242652982473373413e-02 2.876029349863529205e-02 2.654854144000000000e+09
2.665278464000000000e+09 6.330132484436035156e-02 2.875140123069286346e-02 2.665278464000000000e+09
2.678126336000000000e+09 6.418727338314056396e-02 2.874275483191013336e-02 2.678126336000000000e+09
2.693522944000000000e+09 6.507214158773422241e-02 2.873376570641994476e-02 2.693522944000000000e+09
2.711436032000000000e+09 6.597438454627990723e-02 2.872515097260475159e-02 2.711436032000000000e+09
2.731967232000000000e+09 6.688306480646133423e-02 2.871655672788619995e-02 2.731967232000000000e+09
2.754978560000000000e+09 6.779878586530685425e-02 2.870764397084712982e-02 2.754978560000000000e+09
2.780592640000000000e+09 6.872364133596420288e-02 2.869903482496738434e-02 2.780592640000000000e+09
2.809088768000000000e+09 6.965819001197814941e-02 2.869094908237457275e-02 2.809088768000000000e+09
2.839992576000000000e+09 7.059285044670104980e-02 2.868354693055152893e-02 2.839992576000000000e+09
2.873169920000000000e+09 7.153850048780441284e-02 2.867602556943893433e-02 2.873169920000000000e+09
2.908727808000000000e+09 7.249949127435684204e-02 2.866851724684238434e-02 2.908727808000000000e+09
2.947230976000000000e+09 7.347822189331054688e-02 2.866135910153388977e-02 2.947230976000000000e+09
2.988586496000000000e+09 7.446093112230300903e-02 2.865456603467464447e-02 2.988586496000000000e+09
3.032100864000000000e+09 7.545147836208343506e-02 2.864756248891353607e-02 3.032100864000000000e+09
3.078677760000000000e+09 7.644907385110855103e-02 2.864063158631324768e-02 3.078677760000000000e+09
3.127780096000000000e+09 7.745604217052459717e-02 2.863322570919990540e-02 3.127780096000000000e+09
3.179793920000000000e+09 7.846798002719879150e-02 2.862600050866603851e-02 3.179793920000000000e+09
3.234676224000000000e+09 7.948717474937438965e-02 2.861918136477470398e-02 3.234676224000000000e+09
3.291376640000000000e+09 8.050992339849472046e-02 2.861212752759456635e-02 3.291376640000000000e+09
3.351461376000000000e+09 8.155205845832824707e-02 2.860509231686592102e-02 3.351461376000000000e+09
3.413591040000000000e+09 8.260002732276916504e-02 2.859829925000667572e-02 3.413591040000000000e+09
3.478936832000000000e+09 8.365913480520248413e-02 2.859159745275974274e-02 3.478936832000000000e+09
3.547368704000000000e+09 8.473911136388778687e-02 2.858492918312549591e-02 3.547368704000000000e+09
3.619399936000000000e+09 8.581221103668212891e-02 2.857842110097408295e-02 3.619399936000000000e+09
3.693946368000000000e+09 8.689535409212112427e-02 2.857253141701221466e-02 3.693946368000000000e+09
3.770907648000000000e+09 8.799052238464355469e-02 2.856646850705146790e-02 3.770907648000000000e+09
3.851031552000000000e+09 8.909216523170471191e-02 2.856061048805713654e-02 3.851031552000000000e+09
3.929193216000000000e+09 9.017480164766311646e-02 2.855477668344974518e-02 3.929193216000000000e+09
4.013441024000000000e+09 9.127686917781829834e-02 2.854964323341846466e-02 4.013441024000000000e+09
4.101794048000000000e+09 9.239456057548522949e-02 2.854572236537933350e-02 4.101794048000000000e+09
4.192145664000000000e+09 9.351776540279388428e-02 2.854193188250064850e-02 4.192145664000000000e+09
4.284272896000000000e+09 9.463324397802352905e-02 2.853786014020442963e-02 4.284272896000000000e+09
4.381006336000000000e+09 9.576912969350814819e-02 2.853359468281269073e-02 4.381006336000000000e+09
4.480581632000000000e+09 9.691309183835983276e-02 2.852916531264781952e-02 4.480581632000000000e+09
4.582928896000000000e+09 9.805461764335632324e-02 2.852403558790683746e-02 4.582928896000000000e+09
4.687866880000000000e+09 9.922015666961669922e-02 2.851864881813526154e-02 4.687866880000000000e+09
4.796059648000000000e+09 1.003767699003219604e-01 2.851247601211071014e-02 4.796059648000000000e+09
4.906282496000000000e+09 1.015597805380821228e-01 2.850580029189586639e-02 4.906282496000000000e+09
5.021323776000000000e+09 1.027467995882034302e-01 2.849865145981311798e-02 5.021323776000000000e+09
5.137603584000000000e+09 1.039494052529335022e-01 2.849256619811058044e-02 5.137603584000000000e+09
5.258392064000000000e+09 1.051514148712158203e-01 2.848707139492034912e-02 5.258392064000000000e+09
5.381156352000000000e+09 1.063573807477951050e-01 2.848144806921482086e-02 5.381156352000000000e+09
5.507365376000000000e+09 1.075795367360115051e-01 2.847576886415481567e-02 5.507365376000000000e+09
5.635841024000000000e+09 1.088089421391487122e-01 2.847017347812652588e-02 5.635841024000000000e+09
5.769408512000000000e+09 1.100357398390769958e-01 2.846467867493629456e-02 5.769408512000000000e+09
5.905316864000000000e+09 1.112812906503677368e-01 2.845957688987255096e-02 5.905316864000000000e+09
6.044774400000000000e+09 1.125229150056838989e-01 2.845477126538753510e-02 6.044774400000000000e+09
6.182065664000000000e+09 1.137783601880073547e-01 2.844987250864505768e-02 6.182065664000000000e+09
6.339680768000000000e+09 1.150870472192764282e-01 2.844479493796825409e-02 6.339680768000000000e+09
6.488662528000000000e+09 1.163689941167831421e-01 2.844013832509517670e-02 6.488662528000000000e+09
6.639106560000000000e+09 1.176635026931762695e-01 2.843567915260791779e-02 6.639106560000000000e+09
6.793963008000000000e+09 1.189632415771484375e-01 2.843130193650722504e-02 6.793963008000000000e+09
6.954578432000000000e+09 1.202538311481475830e-01 2.842712216079235077e-02 6.954578432000000000e+09
7.113329152000000000e+09 1.215590015053749084e-01 2.842342481017112732e-02 7.113329152000000000e+09
7.277692416000000000e+09 1.228959485888481140e-01 2.842055633664131165e-02 7.277692416000000000e+09
7.445299712000000000e+09 1.242221519351005554e-01 2.841770090162754059e-02 7.445299712000000000e+09
7.615351296000000000e+09 1.255647838115692139e-01 2.841486595571041107e-02 7.615351296000000000e+09
7.789122048000000000e+09 1.269222944974899292e-01 2.841231413185596466e-02 7.789122048000000000e+09
7.963527680000000000e+09 1.282882094383239746e-01 2.841043658554553986e-02 7.963527680000000000e+09
8.146597888000000000e+09 1.296585947275161743e-01 2.840863727033138275e-02 8.146597888000000000e+09
8.330033152000000000e+09 1.310283243656158447e-01 2.840757556259632111e-02 8.330033152000000000e+09
8.510439936000000000e+09 1.324209570884704590e-01 2.840712480247020721e-02 8.510439936000000000e+09
8.695698432000000000e+09 1.338218599557876587e-01 2.840698137879371643e-02 8.695698432000000000e+09
8.886102016000000000e+09 1.352362781763076782e-01 2.840661816298961639e-02 8.886102016000000000e+09
9.079248896000000000e+09 1.366683989763259888e-01 2.840617112815380096e-02 9.079248896000000000e+09
9.278949376000000000e+09 1.381056904792785645e-01 2.840567566454410553e-02 9.278949376000000000e+09
9.480383488000000000e+09 1.395436078310012817e-01 2.840519882738590240e-02 9.480383488000000000e+09
9.683116032000000000e+09 1.409831494092941284e-01 2.840484865009784698e-02 9.683116032000000000e+09
9.889177600000000000e+09 1.424219310283660889e-01 2.840515226125717163e-02 9.889177600000000000e+09
1.010009804800000000e+10 1.439123004674911499e-01 2.840518020093441010e-02 1.010009804800000000e+10
1.031427993600000000e+10 1.453771591186523438e-01 2.840522490441799164e-02 1.031427993600000000e+10
1.052925952000000000e+10 1.468514353036880493e-01 2.840532548725605011e-02 1.052925952000000000e+10
1.074576384000000000e+10 1.483266800642013550e-01 2.840553037822246552e-02 1.074576384000000000e+10
1.097233612800000000e+10 1.498333066701889038e-01 2.840552479028701782e-02 1.097233612800000000e+10
1.119705907200000000e+10 1.513295769691467285e-01 2.840555272996425629e-02 1.119705907200000000e+10
1.142543462400000000e+10 1.528429687023162842e-01 2.840565890073776245e-02 1.142543462400000000e+10
1.165350195200000000e+10 1.543708294630050659e-01 2.840570360422134399e-02 1.165350195200000000e+10
1.189172838400000000e+10 1.558901369571685791e-01 2.840611524879932404e-02 1.189172838400000000e+10
1.212694937600000000e+10 1.574227660894393921e-01 2.840675413608551025e-02 1.212694937600000000e+10
1.236712857600000000e+10 1.589681953191757202e-01 2.840754576027393341e-02 1.236712857600000000e+10
1.261355520000000000e+10 1.605133861303329468e-01 2.840818464756011963e-02 1.261355520000000000e+10
1.285961420800000000e+10 1.620585471391677856e-01 2.840914390981197357e-02 1.285961420800000000e+10
1.310204620800000000e+10 1.636300086975097656e-01 2.841079607605934143e-02 1.310204620800000000e+10
1.334577868800000000e+10 1.652026772499084473e-01 2.841220237314701080e-02 1.334577868800000000e+10
1.359863603200000000e+10 1.667608171701431274e-01 2.841330319643020630e-02 1.359863603200000000e+10
1.385443532800000000e+10 1.683395504951477051e-01 2.841428481042385101e-02 1.385443532800000000e+10
1.410479206400000000e+10 1.699306666851043701e-01 2.841523848474025726e-02 1.410479206400000000e+10
1.436242022400000000e+10 1.715205758810043335e-01 2.841629832983016968e-02 1.436242022400000000e+10
1.462126489600000000e+10 1.731199622154235840e-01 2.841769717633724213e-02 1.462126489600000000e+10
1.486165504000000000e+10 1.746822893619537354e-01 2.841945737600326538e-02 1.486165504000000000e+10
1.513003724800000000e+10 1.763046085834503174e-01 2.842103876173496246e-02 1.513003724800000000e+10
1.535609344000000000e+10 1.778441220521926880e-01 2.842279709875583649e-02 1.535609344000000000e+10
1.562271334400000000e+10 1.794636249542236328e-01 2.842460013926029205e-02 1.562271334400000000e+10
1.589510860800000000e+10 1.811048835515975952e-01 2.842617221176624298e-02 1.589510860800000000e+10
1.616629145600000000e+10 1.827304959297180176e-01 2.842807583510875702e-02 1.616629145600000000e+10
1.644742144000000000e+10 1.844080835580825806e-01 2.842998318374156952e-02 1.644742144000000000e+10
1.672207769600000000e+10 1.860811263322830200e-01 2.843178436160087585e-02 1.672207769600000000e+10
1.699745996800000000e+10 1.877521723508834839e-01 2.843343280255794525e-02 1.699745996800000000e+10
1.724143411200000000e+10 1.893600374460220337e-01 2.843488752841949463e-02 1.724143411200000000e+10
1.752600371200000000e+10 1.910555958747863770e-01 2.843618579208850861e-02 1.752600371200000000e+10
1.781989785600000000e+10 1.927503049373626709e-01 2.843757718801498413e-02 1.781989785600000000e+10
1.810445926400000000e+10 1.944521516561508179e-01 2.843867801129817963e-02 1.810445926400000000e+10
1.840673177600000000e+10 1.961848735809326172e-01 2.843963727355003357e-02 1.840673177600000000e+10
1.869166182400000000e+10 1.978903859853744507e-01 2.844095043838024139e-02 1.869166182400000000e+10
1.898028851200000000e+10 1.996118426322937012e-01 2.844249084591865540e-02 1.898028851200000000e+10
1.928053555200000000e+10 2.013720422983169556e-01 2.844418212771415710e-02 1.928053555200000000e+10
1.956363264000000000e+10 2.030735313892364502e-01 2.844572998583316803e-02 1.956363264000000000e+10
1.986553036800000000e+10 2.048204243183135986e-01 2.844718657433986664e-02 1.986553036800000000e+10
2.016770252800000000e+10 2.065730690956115723e-01 2.844869531691074371e-02 2.016770252800000000e+10
2.047939584000000000e+10 2.083376646041870117e-01 2.845015190541744232e-02 2.047939584000000000e+10
2.078322892800000000e+10 2.101114541292190552e-01 2.845158427953720093e-02 2.078322892800000000e+10
2.109039206400000000e+10 2.118772417306900024e-01 2.845301292836666107e-02 2.109039206400000000e+10
2.135817625600000000e+10 2.135771512985229492e-01 2.845433168113231659e-02 2.135817625600000000e+10
2.166770278400000000e+10 2.153421491384506226e-01 2.845572493970394135e-02 2.166770278400000000e+10
2.197354496000000000e+10 2.171551734209060669e-01 2.845705673098564148e-02 2.197354496000000000e+10
2.229446451200000000e+10 2.189669311046600342e-01 2.845856733620166779e-02 2.229446451200000000e+10
2.261143756800000000e+10 2.207754403352737427e-01 2.846002206206321716e-02 2.261143756800000000e+10
2.292727398400000000e+10 2.225815355777740479e-01 2.846146561205387115e-02 2.292727398400000000e+10
2.324960256000000000e+10 2.244116067886352539e-01 2.846292220056056976e-02 2.324960256000000000e+10
2.357490892800000000e+10 2.262495607137680054e-01 2.846442721784114838e-02 2.357490892800000000e+10
2.389967257600000000e+10 2.280873060226440430e-01 2.846608310937881470e-02 2.389967257600000000e+10
2.421115494400000000e+10 2.299069762229919434e-01 2.846762724220752716e-02 2.421115494400000000e+10
2.454226124800000000e+10 2.317630946636199951e-01 2.846908755600452423e-02 2.454226124800000000e+10
2.487352115200000000e+10 2.336302548646926880e-01 2.847054414451122284e-02 2.487352115200000000e+10
2.519391436800000000e+10 2.354468852281570435e-01 2.847205661237239838e-02 2.519391436800000000e+10
2.545862451200000000e+10 2.371673882007598877e-01 2.847338095307350159e-02 2.545862451200000000e+10
2.579075276800000000e+10 2.390543222427368164e-01 2.847480587661266327e-02 2.579075276800000000e+10
2.612182425600000000e+10 2.409068346023559570e-01 2.847624756395816803e-02 2.612182425600000000e+10
2.645029683200000000e+10 2.427407354116439819e-01 2.847811020910739899e-02 2.645029683200000000e+10
2.678880256000000000e+10 2.446426898241043091e-01 2.847971767187118530e-02 2.678880256000000000e+10
2.712991334400000000e+10 2.465229779481887817e-01 2.848151139914989471e-02 2.712991334400000000e+10
2.743323033600000000e+10 2.483825534582138062e-01 2.848338894546031952e-02 2.743323033600000000e+10
2.777109708800000000e+10 2.502571642398834229e-01 2.848515845835208893e-02 2.777109708800000000e+10
2.810598195200000000e+10 2.521362304687500000e-01 2.848683856427669525e-02 2.810598195200000000e+10
2.845398220800000000e+10 2.540267109870910645e-01 2.848911471664905548e-02 2.845398220800000000e+10
2.879902105600000000e+10 2.559219002723693848e-01 2.849186584353446960e-02 2.879902105600000000e+10
2.913713766400000000e+10 2.578437626361846924e-01 2.849469520151615143e-02 2.913713766400000000e+10
2.947253452800000000e+10 2.597176432609558105e-01 2.849735319614410400e-02 2.947253452800000000e+10
2.981941248000000000e+10 2.616442143917083740e-01 2.850011736154556274e-02 2.981941248000000000e+10
3.016606515200000000e+10 2.635618448257446289e-01 2.850293926894664764e-02 3.016606515200000000e+10
3.051713331200000000e+10 2.654938995838165283e-01 2.850577421486377716e-02 3.051713331200000000e+10
3.086725529600000000e+10 2.674434781074523926e-01 2.850862778723239899e-02 3.086725529600000000e+10
3.113594675200000000e+10 2.692382633686065674e-01 2.851138263940811157e-02 3.113594675200000000e+10
3.147588198400000000e+10 2.711760103702545166e-01 2.851404249668121338e-02 3.147588198400000000e+10
3.182501478400000000e+10 2.731059193611145020e-01 2.851677872240543365e-02 3.182501478400000000e+10
3.217535385600000000e+10 2.750816047191619873e-01 2.851951681077480316e-02 3.217535385600000000e+10
3.251988070400000000e+10 2.770417630672454834e-01 2.852212451398372650e-02 3.251988070400000000e+10
3.283984384000000000e+10 2.789347469806671143e-01 2.852474153041839600e-02 3.283984384000000000e+10
3.318833766400000000e+10 2.809114456176757812e-01 2.852725051343441010e-02 3.318833766400000000e+10
3.351642316800000000e+10 2.828506827354431152e-01 2.852975390851497650e-02 3.351642316800000000e+10
3.385985228800000000e+10 2.848231494426727295e-01 2.853216975927352905e-02 3.385985228800000000e+10
3.421708697600000000e+10 2.867979407310485840e-01 2.853475511074066162e-02 3.421708697600000000e+10
3.457186201600000000e+10 2.887983322143554688e-01 2.853716537356376648e-02 3.457186201600000000e+10
3.491431219200000000e+10 2.907652556896209717e-01 2.853968553245067596e-02 3.491431219200000000e+10
3.528443904000000000e+10 2.928163111209869385e-01 2.854241058230400085e-02 3.528443904000000000e+10
3.562421043200000000e+10 2.948084175586700439e-01 2.854501828551292419e-02 3.562421043200000000e+10
3.597420134400000000e+10 2.967785894870758057e-01 2.854776568710803986e-02 3.597420134400000000e+10
3.632934912000000000e+10 2.987998723983764648e-01 2.855050936341285706e-02 3.632934912000000000e+10
3.665935564800000000e+10 3.007875382900238037e-01 2.855312265455722809e-02 3.665935564800000000e+10
3.700957593600000000e+10 3.028016984462738037e-01 2.855586074292659760e-02 3.700957593600000000e+10
3.736516608000000000e+10 3.048590421676635742e-01 2.855872176587581635e-02 3.736516608000000000e+10
3.768419123200000000e+10 3.068183660507202148e-01 2.856173180043697357e-02 3.768419123200000000e+10
3.803938816000000000e+10 3.088611662387847900e-01 2.856492064893245697e-02 3.803938816000000000e+10
3.840792985600000000e+10 3.109264969825744629e-01 2.856813371181488037e-02 3.840792985600000000e+10
3.874752512000000000e+10 3.129526972770690918e-01 2.857127040624618530e-02 3.874752512000000000e+10
3.911484620800000000e+10 3.150106668472290039e-01 2.857480384409427643e-02 3.911484620800000000e+10
3.947991449600000000e+10 3.170659542083740234e-01 2.857794426381587982e-02 3.947991449600000000e+10
3.986060902400000000e+10 3.191469311714172363e-01 2.858127653598785400e-02 3.986060902400000000e+10
4.021907865600000000e+10 3.212265074253082275e-01 2.858461998403072357e-02 4.021907865600000000e+10
4.057583206400000000e+10 3.233115077018737793e-01 2.858816273510456085e-02 4.057583206400000000e+10
4.091627110400000000e+10 3.253620564937591553e-01 2.859159745275974274e-02 4.091627110400000000e+10
4.127980748800000000e+10 3.274447619915008545e-01 2.859496884047985077e-02 4.127980748800000000e+10
4.164204544000000000e+10 3.295250833034515381e-01 2.859820052981376648e-02 4.164204544000000000e+10
4.205143244800000000e+10 3.318252861499786377e-01 2.860164828598499298e-02 4.205143244800000000e+10
4.237005619200000000e+10 3.339171111583709717e-01 2.860487066209316254e-02 4.237005619200000000e+10
4.273521868800000000e+10 3.360364437103271484e-01 2.860820665955543518e-02 4.273521868800000000e+10
4.309061632000000000e+10 3.381543755531311035e-01 2.861163206398487091e-02 4.309061632000000000e+10
4.350990336000000000e+10 3.404800593852996826e-01 2.861543744802474976e-02 4.350990336000000000e+10
4.382481203200000000e+10 3.425801396369934082e-01 2.861883863806724548e-02 4.382481203200000000e+10
4.418271641600000000e+10 3.447119891643524170e-01 2.862249501049518585e-02 4.418271641600000000e+10
4.454634700800000000e+10 3.468075394630432129e-01 2.862596698105335236e-02 4.454634700800000000e+10
4.489239756800000000e+10 3.489171862602233887e-01 2.862964011728763580e-02 4.489239756800000000e+10
4.525565952000000000e+10 3.510548472404479980e-01 2.863311767578125000e-02 4.525565952000000000e+10
4.562635980800000000e+10 3.532142341136932373e-01 2.863659523427486420e-02 4.562635980800000000e+10
4.600022220800000000e+10 3.553791642189025879e-01 2.864027209579944611e-02 4.600022220800000000e+10
4.635516518400000000e+10 3.575094640254974365e-01 2.864397689700126648e-02 4.635516518400000000e+10
4.673673625600000000e+10 3.596880137920379639e-01 2.864745073020458221e-02 4.673673625600000000e+10
4.709302681600000000e+10 3.618461787700653076e-01 2.865123003721237183e-02 4.709302681600000000e+10
4.744349286400000000e+10 3.639638423919677734e-01 2.865501679480075836e-02 4.744349286400000000e+10
4.779037900800000000e+10 3.661232590675354004e-01 2.865873277187347412e-02 4.779037900800000000e+10
4.816773120000000000e+10 3.683038353919982910e-01 2.866231836378574371e-02 4.816773120000000000e+10
4.851864371200000000e+10 3.704224228858947754e-01 2.866602689027786255e-02 4.851864371200000000e+10
4.889679052800000000e+10 3.726373910903930664e-01 2.866982668638229370e-02 4.889679052800000000e+10
4.925881548800000000e+10 3.747924268245697021e-01 2.867362089455127716e-02 4.925881548800000000e+10
4.961497907200000000e+10 3.769533634185791016e-01 2.867743559181690216e-02 4.961497907200000000e+10
4.999956070400000000e+10 3.791672289371490479e-01 2.868114411830902100e-02 4.999956070400000000e+10
5.034444800000000000e+10 3.813170790672302246e-01 2.868498489260673523e-02 5.034444800000000000e+10
5.070507622400000000e+10 3.835122585296630859e-01 2.868877351284027100e-02 5.070507622400000000e+10
5.105095475200000000e+10 3.856714367866516113e-01 2.869258262217044830e-02 5.105095475200000000e+10
5.140879769600000000e+10 3.878438472747802734e-01 2.869642898440361023e-02 5.140879769600000000e+10
5.177195724800000000e+10 3.900317549705505371e-01 2.870023809373378754e-02 5.177195724800000000e+10
5.212261171200000000e+10 3.922055959701538086e-01 2.870414033532142639e-02 5.212261171200000000e+10
5.249888256000000000e+10 3.944088518619537354e-01 2.870795316994190216e-02 5.249888256000000000e+10
5.288233779200000000e+10 3.966526091098785400e-01 2.871179394423961639e-02 5.288233779200000000e+10
5.324471091200000000e+10 3.988586366176605225e-01 2.871560864150524139e-02 5.324471091200000000e+10
5.361822924800000000e+10 4.010616540908813477e-01 2.871946059167385101e-02 5.361822924800000000e+10
5.399416422400000000e+10 4.033226072788238525e-01 2.872337400913238525e-02 5.399416422400000000e+10
5.436622438400000000e+10 4.055083990097045898e-01 2.872739173471927643e-02 5.436622438400000000e+10
5.474201190400000000e+10 4.077406525611877441e-01 2.873131074011325836e-02 5.474201190400000000e+10
5.508554342400000000e+10 4.099561274051666260e-01 2.873526886105537415e-02 5.508554342400000000e+10
5.538828288000000000e+10 4.120733439922332764e-01 2.873933874070644379e-02 5.538828288000000000e+10
5.577307750400000000e+10 4.143567979335784912e-01 2.874325774610042572e-02 5.577307750400000000e+10
5.612313395200000000e+10 4.165681302547454834e-01 2.874710783362388611e-02 5.612313395200000000e+10
5.649078272000000000e+10 4.188117682933807373e-01 2.875103056430816650e-02 5.649078272000000000e+10
5.686496870400000000e+10 4.210583567619323730e-01 2.875515259802341461e-02 5.686496870400000000e+10
5.722875904000000000e+10 4.233086407184600830e-01 2.875901199877262115e-02 5.722875904000000000e+10
5.760433766400000000e+10 4.255465865135192871e-01 2.876315452158451080e-02 5.760433766400000000e+10
5.797946982400000000e+10 4.278066158294677734e-01 2.876710705459117889e-02 5.797946982400000000e+10
5.833033318400000000e+10 4.300211369991302490e-01 2.877106331288814545e-02 5.833033318400000000e+10
5.872046489600000000e+10 4.323276579380035400e-01 2.877520583570003510e-02 5.872046489600000000e+10
5.908216217600000000e+10 4.345434308052062988e-01 2.877913787961006165e-02 5.908216217600000000e+10
5.944692326400000000e+10 4.367829263210296631e-01 2.878328599035739899e-02 5.944692326400000000e+10
5.982590976000000000e+10 4.390828013420104980e-01 2.878717146813869476e-02 5.982590976000000000e+10
6.019528704000000000e+10 4.413370192050933838e-01 2.879131585359573364e-02 6.019528704000000000e+10
6.056599142400000000e+10 4.436042308807373047e-01 2.879535406827926636e-02 6.056599142400000000e+10
6.092615270400000000e+10 4.458605051040649414e-01 2.879950590431690216e-02 6.092615270400000000e+10
6.128388096000000000e+10 4.480964243412017822e-01 2.880368568003177643e-02 6.128388096000000000e+10
6.152484864000000000e+10 4.501254856586456299e-01 2.880764752626419067e-02 6.152484864000000000e+10
6.175858688000000000e+10 4.521080851554870605e-01 2.881179191172122955e-02 6.175858688000000000e+10
6.213917081600000000e+10 4.544136822223663330e-01 2.881574817001819611e-02 6.213917081600000000e+10
6.250905600000000000e+10 4.566731452941894531e-01 2.881990373134613037e-02 6.250905600000000000e+10
6.288039116800000000e+10 4.589305520057678223e-01 2.882387861609458923e-02 6.288039116800000000e+10
6.323572736000000000e+10 4.611647725105285645e-01 2.882811613380908966e-02 6.323572736000000000e+10
6.360612864000000000e+10 4.634184837341308594e-01 2.883230149745941162e-02 6.360612864000000000e+10
6.397433446400000000e+10 4.656726121902465820e-01 2.883627824485301971e-02 6.397433446400000000e+10
6.434481356800000000e+10 4.679422676563262939e-01 2.884043380618095398e-02 6.434481356800000000e+10
6.472718336000000000e+10 4.702095985412597656e-01 2.884439192712306976e-02 6.472718336000000000e+10
6.509744128000000000e+10 4.724551141262054443e-01 2.884861268103122711e-02 6.509744128000000000e+10
6.552142233600000000e+10 4.749574661254882812e-01 2.885293588042259216e-02 6.552142233600000000e+10
6.577929830400000000e+10 4.770819246768951416e-01 2.885678969323635101e-02 6.577929830400000000e+10
6.613599846400000000e+10 4.792988598346710205e-01 2.886090800166130066e-02 6.613599846400000000e+10
6.650260684800000000e+10 4.815912842750549316e-01 2.886483259499073029e-02 6.650260684800000000e+10
6.688896614400000000e+10 4.838445782661437988e-01 2.886866778135299683e-02 6.688896614400000000e+10
6.726398771200000000e+10 4.861392378807067871e-01 2.887249179184436798e-02 6.726398771200000000e+10
6.764495667200000000e+10 4.883584082126617432e-01 2.887631393969058990e-02 6.764495667200000000e+10
6.802605260800000000e+10 4.906369149684906006e-01 2.888022735714912415e-02 6.802605260800000000e+10
6.839307468800000000e+10 4.928693175315856934e-01 2.888407185673713684e-02 6.839307468800000000e+10
6.877216768000000000e+10 4.951513707637786865e-01 2.888809330761432648e-02 6.877216768000000000e+10
6.897939251200000000e+10 4.970552921295166016e-01 2.889190241694450378e-02 6.897939251200000000e+10
6.928440524800000000e+10 4.991878867149353027e-01 2.889581955969333649e-02 6.928440524800000000e+10
6.966183526400000000e+10 5.014823675155639648e-01 2.889966964721679688e-02 6.966183526400000000e+10
7.003138457600000000e+10 5.037046670913696289e-01 2.890362218022346497e-02 7.003138457600000000e+10
7.041989836800000000e+10 5.060029625892639160e-01 2.890776842832565308e-02 7.041989836800000000e+10
7.078682624000000000e+10 5.082507729530334473e-01 2.891170419752597809e-02 7.078682624000000000e+10
7.117217792000000000e+10 5.105547308921813965e-01 2.891584672033786774e-02 7.117217792000000000e+10
7.153789337600000000e+10 5.127917528152465820e-01 2.891980297863483429e-02 7.153789337600000000e+10
7.190331392000000000e+10 5.150511264801025391e-01 2.892395295202732086e-02 7.190331392000000000e+10
7.228021145600000000e+10 5.173093676567077637e-01 2.892790921032428741e-02 7.228021145600000000e+10
7.267209216000000000e+10 5.196163058280944824e-01 2.893205918371677399e-02 7.267209216000000000e+10
7.304415641600000000e+10 5.218673944473266602e-01 2.893604338169097900e-02 7.304415641600000000e+10
7.341201817600000000e+10 5.241287946701049805e-01 2.894022688269615173e-02 7.341201817600000000e+10
7.371529420800000000e+10 5.262418985366821289e-01 2.894448302686214447e-02 7.371529420800000000e+10
7.403932057600000000e+10 5.284212231636047363e-01 2.894864417612552643e-02 7.403932057600000000e+10
7.439681945600000000e+10 5.306420922279357910e-01 2.895263396203517914e-02 7.439681945600000000e+10
7.479496704000000000e+10 5.329788327217102051e-01 2.895685471594333649e-02 7.479496704000000000e+10
7.514426572800000000e+10 5.351997017860412598e-01 2.896104753017425537e-02 7.514426572800000000e+10
7.554068480000000000e+10 5.375107526779174805e-01 2.896503172814846039e-02 7.554068480000000000e+10
7.589990400000000000e+10 5.397746562957763672e-01 2.896928973495960236e-02 7.589990400000000000e+10
7.627479449600000000e+10 5.420275926589965820e-01 2.897354401648044586e-02 7.627479449600000000e+10
7.660258099200000000e+10 5.442053079605102539e-01 2.897775731980800629e-02 7.660258099200000000e+10
7.704332697600000000e+10 5.468235611915588379e-01 2.898219786584377289e-02 7.704332697600000000e+10
7.732319027200000000e+10 5.489690899848937988e-01 2.898646146059036255e-02 7.732319027200000000e+10
7.769047040000000000e+10 5.512729287147521973e-01 2.899074368178844452e-02 7.769047040000000000e+10
7.803294515200000000e+10 5.534821748733520508e-01 2.899503894150257111e-02 7.803294515200000000e+10
7.839531827200000000e+10 5.557662248611450195e-01 2.899932116270065308e-02 7.839531827200000000e+10
7.850485350400000000e+10 5.574828982353210449e-01 2.900327555835247040e-02 7.850485350400000000e+10
7.887308390400000000e+10 5.597887635231018066e-01 2.900754660367965698e-02 7.887308390400000000e+10
7.922963251200000000e+10 5.620729327201843262e-01 2.901175245642662048e-02 7.922963251200000000e+10
7.961433702400000000e+10 5.643951296806335449e-01 2.901604399085044861e-02 7.961433702400000000e+10
7.996770713600000000e+10 5.666764378547668457e-01 2.902033552527427673e-02 7.996770713600000000e+10
8.026275840000000000e+10 5.687983036041259766e-01 2.902462705969810486e-02 8.026275840000000000e+10
8.063613337600000000e+10 5.711412429809570312e-01 2.902892790734767914e-02 8.063613337600000000e+10
8.103014400000000000e+10 5.735049247741699219e-01 2.903319150209426880e-02 8.103014400000000000e+10
8.137741107200000000e+10 5.757495164871215820e-01 2.903748489916324615e-02 8.137741107200000000e+10
8.176727654400000000e+10 5.781145691871643066e-01 2.904176898300647736e-02 8.176727654400000000e+10
8.211025100800000000e+10 5.803701877593994141e-01 2.904609031975269318e-02 8.211025100800000000e+10
8.245835366400000000e+10 5.826771855354309082e-01 2.905048243701457977e-02 8.245835366400000000e+10
8.287291801600000000e+10 5.852755904197692871e-01 2.905524894595146179e-02 8.287291801600000000e+10
8.309124300800000000e+10 5.873975753784179688e-01 2.905974909663200378e-02 8.309124300800000000e+10
8.344860262400000000e+10 5.897190570831298828e-01 2.906406670808792114e-02 8.344860262400000000e+10
8.381426892800000000e+10 5.920376777648925781e-01 2.906844206154346466e-02 8.381426892800000000e+10
8.392595865600000000e+10 5.938315391540527344e-01 2.907273545861244202e-02 8.392595865600000000e+10
8.426780262400000000e+10 5.961413383483886719e-01 2.907718531787395477e-02 8.426780262400000000e+10
8.460659916800000000e+10 5.984536409378051758e-01 2.908179536461830139e-02 8.460659916800000000e+10
8.492800409600000000e+10 6.007195115089416504e-01 2.908622659742832184e-02 8.492800409600000000e+10
8.529358028800000000e+10 6.031101942062377930e-01 2.909076958894729614e-02 8.529358028800000000e+10
8.566106521600000000e+10 6.054547429084777832e-01 2.909520082175731659e-02 8.566106521600000000e+10
8.600903680000000000e+10 6.077733635902404785e-01 2.909983508288860321e-02 8.600903680000000000e+10
8.634685030400000000e+10 6.101009845733642578e-01 2.910434082150459290e-02 8.634685030400000000e+10
8.662126592000000000e+10 6.122891306877136230e-01 2.910897321999073029e-02 8.662126592000000000e+10
8.693940224000000000e+10 6.145683526992797852e-01 2.911340631544589996e-02 8.693940224000000000e+10
8.719700787200000000e+10 6.167605519294738770e-01 2.911802567541599274e-02 8.719700787200000000e+10
8.718542438400000000e+10 6.183299422264099121e-01 2.912201359868049622e-02 8.718542438400000000e+10
8.755367936000000000e+10 6.207458972930908203e-01 2.912653610110282898e-02 8.755367936000000000e+10
8.790686105600000000e+10 6.231057047843933105e-01 2.913093753159046173e-02 8.790686105600000000e+10
8.825304678400000000e+10 6.254802942276000977e-01 2.913556620478630066e-02 8.825304678400000000e+10
8.857567232000000000e+10 6.277919411659240723e-01 2.914000488817691803e-02 8.857567232000000000e+10
8.893870080000000000e+10 6.301928758621215820e-01 2.914465032517910004e-02 8.893870080000000000e+10
8.925023436800000000e+10 6.324818134307861328e-01 2.914919331669807434e-02 8.925023436800000000e+10
8.959122636800000000e+10 6.348661184310913086e-01 2.915385924279689789e-02 8.959122636800000000e+10
8.991370444800000000e+10 6.371829509735107422e-01 2.915858477354049683e-02 8.991370444800000000e+10
9.021872537600000000e+10 6.394723653793334961e-01 2.916324697434902191e-02 9.021872537600000000e+10
9.054075289600000000e+10 6.418511867523193359e-01 2.916767820715904236e-02 9.054075289600000000e+10
9.086121574400000000e+10 6.441924571990966797e-01 2.917230874300003052e-02 9.086121574400000000e+10
9.119686656000000000e+10 6.465710997581481934e-01 2.917684428393840790e-02 9.119686656000000000e+10
9.150885888000000000e+10 6.489042639732360840e-01 2.918148785829544067e-02 9.150885888000000000e+10
9.185050624000000000e+10 6.513155698776245117e-01 2.918621338903903961e-02 9.185050624000000000e+10
9.215355289600000000e+10 6.536042690277099609e-01 2.919087931513786316e-02 9.215355289600000000e+10
9.247025561600000000e+10 6.559541821479797363e-01 2.919541485607624054e-02 9.247025561600000000e+10
9.278577868800000000e+10 6.583274602890014648e-01 2.920005097985267639e-02 9.278577868800000000e+10
9.311935692800000000e+10 6.606975197792053223e-01 2.920470759272575378e-02 9.311935692800000000e+10
9.343492915200000000e+10 6.630502343177795410e-01 2.920924127101898193e-02 9.343492915200000000e+10
9.367588044800000000e+10 6.652593016624450684e-01 2.921389788389205933e-02 9.367588044800000000e+10
9.400418304000000000e+10 6.676620244979858398e-01 2.921854332089424133e-02 9.400418304000000000e+10
9.426558156800000000e+10 6.699249148368835449e-01 2.922307699918746948e-02 9.426558156800000000e+10
9.454204518400000000e+10 6.722027063369750977e-01 2.922776527702808380e-02 9.454204518400000000e+10
9.485416038400000000e+10 6.745457649230957031e-01 2.923247031867504120e-02 9.485416038400000000e+10
9.514864640000000000e+10 6.768587827682495117e-01 2.923713438212871552e-02 9.514864640000000000e+10
9.538337996800000000e+10 6.791070699691772461e-01 2.924166619777679443e-02 9.538337996800000000e+10
9.566756044800000000e+10 6.813957095146179199e-01 2.924633026123046875e-02 9.566756044800000000e+10
9.598142054400000000e+10 6.837788820266723633e-01 2.925106324255466461e-02 9.598142054400000000e+10
9.595221606400000000e+10 6.853483319282531738e-01 2.925528585910797119e-02 9.595221606400000000e+10
9.624876646400000000e+10 6.877157092094421387e-01 2.925979159772396088e-02 9.624876646400000000e+10
9.642834329600000000e+10 6.898302435874938965e-01 2.926442399621009827e-02 9.642834329600000000e+10
9.677358694400000000e+10 6.925971508026123047e-01 2.926932275295257568e-02 9.677358694400000000e+10
9.691151564800000000e+10 6.947271227836608887e-01 2.927396073937416077e-02 9.691151564800000000e+10
9.713542758400000000e+10 6.969645023345947266e-01 2.927841059863567352e-02 9.713542758400000000e+10
9.742562918400000000e+10 6.993209719657897949e-01 2.928305417299270630e-02 9.742562918400000000e+10
9.769050112000000000e+10 7.015904784202575684e-01 2.928780764341354370e-02 9.769050112000000000e+10
9.796594073600000000e+10 7.039110660552978516e-01 2.929247170686721802e-02 9.796594073600000000e+10
9.818669056000000000e+10 7.061278820037841797e-01 2.929700538516044617e-02 9.818669056000000000e+10
9.848009523200000000e+10 7.085169553756713867e-01 2.930164523422718048e-02 9.848009523200000000e+10
9.870769356800000000e+10 7.107503414154052734e-01 2.930630557239055634e-02 9.870769356800000000e+10
9.896343961600000000e+10 7.130131721496582031e-01 2.931104414165019989e-02 9.896343961600000000e+10
9.920956825600000000e+10 7.152811884880065918e-01 2.931557595729827881e-02 9.920956825600000000e+10
9.898435379200000000e+10 7.163498401641845703e-01 2.931976132094860077e-02 9.898435379200000000e+10
9.926458572800000000e+10 7.187559008598327637e-01 2.932441979646682739e-02 9.926458572800000000e+10
9.948813721600000000e+10 7.210238575935363770e-01 2.932885475456714630e-02 9.948813721600000000e+10
9.972047872000000000e+10 7.232660651206970215e-01 2.933356538414955139e-02 9.972047872000000000e+10
9.995857920000000000e+10 7.255673408508300781e-01 2.933802083134651184e-02 9.995857920000000000e+10
1.001823191040000000e+11 7.277851104736328125e-01 2.934276312589645386e-02 1.001823191040000000e+11
1.004020858880000000e+11 7.300224900245666504e-01 2.934742160141468048e-02 1.004020858880000000e+11
1.006120632320000000e+11 7.322442531585693359e-01 2.935216203331947327e-02 1.006120632320000000e+11
1.008573480960000000e+11 7.345268726348876953e-01 2.935682050883769989e-02 1.008573480960000000e+11
1.010850775040000000e+11 7.367844581604003906e-01 2.936127968132495880e-02 1.010850775040000000e+11
1.012731576320000000e+11 7.389511466026306152e-01 2.936601825058460236e-02 1.012731576320000000e+11
1.014568796160000000e+11 7.411651611328125000e-01 2.937074936926364899e-02 1.014568796160000000e+11
1.016675368960000000e+11 7.433719635009765625e-01 2.937520667910575867e-02 1.016675368960000000e+11
1.018422886400000000e+11 7.455093860626220703e-01 2.937987074255943298e-02 1.018422886400000000e+11
1.020630876160000000e+11 7.477214932441711426e-01 2.938458696007728577e-02 1.020630876160000000e+11
1.022619074560000000e+11 7.499582767486572266e-01 2.938927151262760162e-02 1.022619074560000000e+11
1.024516915200000000e+11 7.521407008171081543e-01 2.939380891621112823e-02 1.024516915200000000e+11
1.026465464320000000e+11 7.543384432792663574e-01 2.939847670495510101e-02 1.026465464320000000e+11
1.028380262400000000e+11 7.564879059791564941e-01 2.940320782363414764e-02 1.028380262400000000e+11
1.030054871040000000e+11 7.586656212806701660e-01 2.940795011818408966e-02 1.030054871040000000e+11
1.031543767040000000e+11 7.607579231262207031e-01 2.941261045634746552e-02 1.031543767040000000e+11
1.033139240960000000e+11 7.628992795944213867e-01 2.941714413464069366e-02 1.033139240960000000e+11
1.034820485120000000e+11 7.650427222251892090e-01 2.942180819809436798e-02 1.034820485120000000e+11
1.036277432320000000e+11 7.671562433242797852e-01 2.942647039890289307e-02 1.036277432320000000e+11
1.038056079360000000e+11 7.692434787750244141e-01 2.943100221455097198e-02 1.038056079360000000e+11
1.039483781120000000e+11 7.712904214859008789e-01 2.943573892116546631e-02 1.039483781120000000e+11
1.039397847040000000e+11 7.730901837348937988e-01 2.944037690758705139e-02 1.039397847040000000e+11
1.041015275520000000e+11 7.751985192298889160e-01 2.944483049213886261e-02 1.041015275520000000e+11
1.041678991360000000e+11 7.771223187446594238e-01 2.944946475327014923e-02 1.041678991360000000e+11
1.042760335360000000e+11 7.791457176208496094e-01 2.945419959723949432e-02 1.042760335360000000e+11
1.044307476480000000e+11 7.812515497207641602e-01 2.945886366069316864e-02 1.044307476480000000e+11
1.044717322240000000e+11 7.830943465232849121e-01 2.946339733898639679e-02 1.044717322240000000e+11
1.045962997760000000e+11 7.851240634918212891e-01 2.946806140244007111e-02 1.045962997760000000e+11
1.047158702080000000e+11 7.871447801589965820e-01 2.947279997169971466e-02 1.047158702080000000e+11
1.048490803200000000e+11 7.891975641250610352e-01 2.947725728154182434e-02 1.048490803200000000e+11
1.049542246400000000e+11 7.911835908889770508e-01 2.948191948235034943e-02 1.049542246400000000e+11
1.050467368960000000e+11 7.931376099586486816e-01 2.948664687573909760e-02 1.050467368960000000e+11
