# mean_total_loss mean_main_loss mean_smoothness_loss mean_l2_loss
2.268414464000000000e+09 7.754273712635040283e-03 4.632310196757316589e-02 2.268414464000000000e+09
2.263030528000000000e+09 8.081500418484210968e-03 4.576388001441955566e-02 2.263030528000000000e+09
2.257556224000000000e+09 8.425136096775531769e-03 4.522707685828208923e-02 2.257556224000000000e+09
2.251991040000000000e+09 8.784624747931957245e-03 4.472003877162933350e-02 2.251991040000000000e+09
2.246300416000000000e+09 9.162398986518383026e-03 4.423341527581214905e-02 2.246300416000000000e+09
2.240521472000000000e+09 9.555388242006301880e-03 4.376446828246116638e-02 2.240521472000000000e+09
2.234666752000000000e+09 9.963627904653549194e-03 4.331148788332939148e-02 2.234666752000000000e+09
2.228928512000000000e+09 1.037181913852691650e-02 4.287375882267951965e-02 2.228928512000000000e+09
2.222960384000000000e+09 1.080665364861488342e-02 4.245223850011825562e-02 2.222960384000000000e+09
2.216893952000000000e+09 1.125922426581382751e-02 4.204465821385383606e-02 2.216893952000000000e+09
2.210691840000000000e+09 1.173100899904966354e-02 4.164973646402359009e-02 2.210691840000000000e+09
2.204518400000000000e+09 1.221147179603576660e-02 4.126546904444694519e-02 2.204518400000000000e+09
2.198211840000000000e+09 1.271259412169456482e-02 4.089108854532241821e-02 2.198211840000000000e+09
2.191878656000000000e+09 1.322815846651792526e-02 4.052638262510299683e-02 2.191878656000000000e+09
2.185431552000000000e+09 1.376174855977296829e-02 4.017124325037002563e-02 2.185431552000000000e+09
2.178985472000000000e+09 1.431223284453153610e-02 3.982820361852645874e-02 2.178985472000000000e+09
2.172461056000000000e+09 1.488008722662925720e-02 3.949366137385368347e-02 2.172461056000000000e+09
2.165846528000000000e+09 1.546587329357862473e-02 3.916838392615318298e-02 2.165846528000000000e+09
2.159211008000000000e+09 1.607064157724380493e-02 3.885173425078392029e-02 2.159211008000000000e+09
2.152511488000000000e+09 1.668987423181533813e-02 3.854497522115707397e-02 2.152511488000000000e+09
2.145809408000000000e+09 1.732625998556613922e-02 3.824624046683311462e-02 2.145809408000000000e+09
2.139046016000000000e+09 1.798167079687118530e-02 3.795538842678070068e-02 2.139046016000000000e+09
2.132323840000000000e+09 1.864546537399291992e-02 3.767302259802818298e-02 2.132323840000000000e+09
2.125459968000000000e+09 1.933803223073482513e-02 3.739896044135093689e-02 2.125459968000000000e+09
2.118600704000000000e+09 2.004679478704929352e-02 3.713191300630569458e-02 2.118600704000000000e+09
2.111698304000000000e+09 2.077597565948963165e-02 3.687253221869468689e-02 2.111698304000000000e+09
2.104836736000000000e+09 2.151796221733093262e-02 3.662117943167686462e-02 2.104836736000000000e+09
2.097881728000000000e+09 2.228570356965065002e-02 3.637832775712013245e-02 2.097881728000000000e+09
2.090875136000000000e+09 2.307488210499286652e-02 3.614192456007003784e-02 2.090875136000000000e+09
2.083909120000000000e+09 2.387676201760768890e-02 3.591156750917434692e-02 2.083909120000000000e+09
2.076954624000000000e+09 2.469580434262752533e-02 3.568797186017036438e-02 2.076954624000000000e+09
2.070017280000000000e+09 2.553362771868705750e-02 3.547035902738571167e-02 2.070017280000000000e+09
2.063009408000000000e+09 2.639813721179962158e-02 3.525818511843681335e-02 2.063009408000000000e+09
2.056007296000000000e+09 2.728242799639701843e-02 3.505383431911468506e-02 2.056007296000000000e+09
2.049020288000000000e+09 2.818731591105461121e-02 3.485593199729919434e-02 2.049020288000000000e+09
2.042094976000000000e+09 2.910411730408668518e-02 3.466459736227989197e-02 2.042094976000000000e+09
2.035097600000000000e+09 3.005167283117771149e-02 3.447821736335754395e-02 2.035097600000000000e+09
2.028195072000000000e+09 3.101041540503501892e-02 3.429755941033363342e-02 2.028195072000000000e+09
2.021056256000000000e+09 3.202459216117858887e-02 3.412305563688278198e-02 2.021056256000000000e+09
2.014187008000000000e+09 3.302714601159095764e-02 3.395473584532737732e-02 2.014187008000000000e+09
2.007410688000000000e+09 3.404083475470542908e-02 3.379204869270324707e-02 2.007410688000000000e+09
2.000634880000000000e+09 3.508337587118148804e-02 3.363463282585144043e-02 2.000634880000000000e+09
1.993864320000000000e+09 3.615419566631317139e-02 3.348197788000106812e-02 1.993864320000000000e+09
1.987246720000000000e+09 3.722763806581497192e-02 3.333434835076332092e-02 1.987246720000000000e+09
1.980702208000000000e+09 3.831900656223297119e-02 3.319167718291282654e-02 1.980702208000000000e+09
1.974169472000000000e+09 3.943986818194389343e-02 3.305397555232048035e-02 1.974169472000000000e+09
1.967685760000000000e+09 4.057950899004936218e-02 3.292176127433776855e-02 1.967685760000000000e+09
1.961315968000000000e+09 4.173524677753448486e-02 3.279409930109977722e-02 1.961315968000000000e+09
1.955015936000000000e+09 4.290608316659927368e-02 3.267195820808410645e-02 1.955015936000000000e+09
1.948713216000000000e+09 4.411164298653602600e-02 3.255424275994300842e-02 1.948713216000000000e+09
1.942587520000000000e+09 4.531834274530410767e-02 3.244101628661155701e-02 1.942587520000000000e+09
1.936491648000000000e+09 4.654909670352935791e-02 3.233349695801734924e-02 1.936491648000000000e+09
1.930481408000000000e+09 4.779572039842605591e-02 3.223047405481338501e-02 1.930481408000000000e+09
1.924562944000000000e+09 4.906195402145385742e-02 3.213166818022727966e-02 1.924562944000000000e+09
1.918718848000000000e+09 5.034666508436203003e-02 3.203668445348739624e-02 1.918718848000000000e+09
1.913024640000000000e+09 5.163972824811935425e-02 3.194567188620567322e-02 1.913024640000000000e+09
1.907433344000000000e+09 5.294595286250114441e-02 3.185847401618957520e-02 1.907433344000000000e+09
1.901856896000000000e+09 5.428840965032577515e-02 3.177451714873313904e-02 1.901856896000000000e+09
1.896409088000000000e+09 5.563908442854881287e-02 3.169381245970726013e-02 1.896409088000000000e+09
1.891083392000000000e+09 5.700409039855003357e-02 3.161574155092239380e-02 1.891083392000000000e+09
1.885934848000000000e+09 5.837477371096611023e-02 3.154074400663375854e-02 1.885934848000000000e+09
1.880703232000000000e+09 5.978511273860931396e-02 3.146836161613464355e-02 1.880703232000000000e+09
1.875688704000000000e+09 6.119040772318840027e-02 3.139876946806907654e-02 1.875688704000000000e+09
1.870739072000000000e+09 6.262286007404327393e-02 3.133189305663108826e-02 1.870739072000000000e+09
1.865883392000000000e+09 6.407364457845687866e-02 3.126763552427291870e-02 1.865883392000000000e+09
1.861126528000000000e+09 6.553926318883895874e-02 3.120671398937702179e-02 1.861126528000000000e+09
1.856489600000000000e+09 6.701913475990295410e-02 3.114843182265758514e-02 1.856489600000000000e+09
1.851944960000000000e+09 6.851390749216079712e-02 3.109217435121536255e-02 1.851944960000000000e+09
1.847537536000000000e+09 7.001434266567230225e-02 3.103829175233840942e-02 1.847537536000000000e+09
1.843184384000000000e+09 7.153877615928649902e-02 3.098630160093307495e-02 1.843184384000000000e+09
1.838945024000000000e+09 7.307869940996170044e-02 3.093669191002845764e-02 1.838945024000000000e+09
1.834808704000000000e+09 7.463346421718597412e-02 3.088900446891784668e-02 1.834808704000000000e+09
1.830794496000000000e+09 7.618851214647293091e-02 3.084433451294898987e-02 1.830794496000000000e+09
1.826852096000000000e+09 7.777243107557296753e-02 3.080222383141517639e-02 1.826852096000000000e+09
1.822999424000000000e+09 7.936815917491912842e-02 3.076126798987388611e-02 1.822999424000000000e+09
1.819275008000000000e+09 8.097720146179199219e-02 3.072179108858108521e-02 1.819275008000000000e+09
1.815643136000000000e+09 8.257775008678436279e-02 3.068351931869983673e-02 1.815643136000000000e+09
1.812123648000000000e+09 8.421795070171356201e-02 3.064622357487678528e-02 1.812123648000000000e+09
1.808704000000000000e+09 8.582347631454467773e-02 3.060973994433879852e-02 1.808704000000000000e+09
1.805341056000000000e+09 8.747265487909317017e-02 3.057419508695602417e-02 1.805341056000000000e+09
1.802063360000000000e+09 8.914248645305633545e-02 3.053903765976428986e-02 1.802063360000000000e+09
1.798849920000000000e+09 9.082877635955810547e-02 3.050457686185836792e-02 1.798849920000000000e+09
1.795738112000000000e+09 9.252454340457916260e-02 3.047074750065803528e-02 1.795738112000000000e+09
1.792707072000000000e+09 9.422416239976882935e-02 3.043804690241813660e-02 1.792707072000000000e+09
1.789804032000000000e+09 9.591265022754669189e-02 3.040586598217487335e-02 1.789804032000000000e+09
1.786936960000000000e+09 9.764295816421508789e-02 3.037401475012302399e-02 1.786936960000000000e+09
1.784166144000000000e+09 9.935991466045379639e-02 3.034451790153980255e-02 1.784166144000000000e+09
1.781455360000000000e+09 1.010973080992698669e-01 3.031586855649948120e-02 1.781455360000000000e+09
1.778827008000000000e+09 1.028349101543426514e-01 3.028763271868228912e-02 1.778827008000000000e+09
1.776266880000000000e+09 1.045824289321899414e-01 3.025964088737964630e-02 1.776266880000000000e+09
1.773768192000000000e+09 1.063579171895980835e-01 3.023239411413669586e-02 1.773768192000000000e+09
1.771325312000000000e+09 1.081494763493537903e-01 3.020559996366500854e-02 1.771325312000000000e+09
1.768949504000000000e+09 1.099488139152526855e-01 3.018045239150524139e-02 1.768949504000000000e+09
1.766670208000000000e+09 1.117312982678413391e-01 3.015613742172718048e-02 1.766670208000000000e+09
1.764434560000000000e+09 1.135316044092178345e-01 3.013230115175247192e-02 1.764434560000000000e+09
1.762255744000000000e+09 1.153585016727447510e-01 3.010893613100051880e-02 1.762255744000000000e+09
1.760093184000000000e+09 1.172161847352981567e-01 3.008590638637542725e-02 1.760093184000000000e+09
1.757988608000000000e+09 1.190465390682220459e-01 3.006278537213802338e-02 1.757988608000000000e+09
1.755933184000000000e+09 1.209203377366065979e-01 3.004135191440582275e-02 1.755933184000000000e+09
1.753944320000000000e+09 1.227731257677078247e-01 3.002023510634899139e-02 1.753944320000000000e+09
1.751980544000000000e+09 1.246767863631248474e-01 2.999969758093357086e-02 1.751980544000000000e+09
1.750066048000000000e+09 1.265648901462554932e-01 2.998005598783493042e-02 1.750066048000000000e+09
1.748206080000000000e+09 1.284890174865722656e-01 2.996018715202808380e-02 1.748206080000000000e+09
1.746376320000000000e+09 1.304093897342681885e-01 2.994013577699661255e-02 1.746376320000000000e+09
1.744577536000000000e+09 1.323172450065612793e-01 2.992009930312633514e-02 1.744577536000000000e+09
1.742836864000000000e+09 1.342673599720001221e-01 2.990004792809486389e-02 1.742836864000000000e+09
1.741105152000000000e+09 1.362406462430953979e-01 2.988102845847606659e-02 1.741105152000000000e+09
1.739411200000000000e+09 1.381869763135910034e-01 2.986237779259681702e-02 1.739411200000000000e+09
1.737741312000000000e+09 1.401500850915908813e-01 2.984417416155338287e-02 1.737741312000000000e+09
1.736100992000000000e+09 1.421449035406112671e-01 2.982582151889801025e-02 1.736100992000000000e+09
1.734472704000000000e+09 1.441335976123809814e-01 2.980767749249935150e-02 1.734472704000000000e+09
1.732854656000000000e+09 1.461339592933654785e-01 2.978947572410106659e-02 1.732854656000000000e+09
1.731274112000000000e+09 1.481666117906570435e-01 2.977288886904716492e-02 1.731274112000000000e+09
1.729693056000000000e+09 1.501769721508026123e-01 2.975665591657161713e-02 1.729693056000000000e+09
1.728175104000000000e+09 1.522207111120223999e-01 2.974094077944755554e-02 1.728175104000000000e+09
1.726629888000000000e+09 1.542255282402038574e-01 2.972552552819252014e-02 1.726629888000000000e+09
1.725109760000000000e+09 1.562804579734802246e-01 2.971030026674270630e-02 1.725109760000000000e+09
1.723637760000000000e+09 1.583658903837203979e-01 2.969645522534847260e-02 1.723637760000000000e+09
1.722180096000000000e+09 1.604535579681396484e-01 2.968276478350162506e-02 1.722180096000000000e+09
1.720702592000000000e+09 1.625208407640457153e-01 2.966976352035999298e-02 1.720702592000000000e+09
1.719346944000000000e+09 1.646560877561569214e-01 2.965722791850566864e-02 1.719346944000000000e+09
1.717889152000000000e+09 1.667882204055786133e-01 2.964483574032783508e-02 1.717889152000000000e+09
1.716488192000000000e+09 1.689475625753402710e-01 2.963267266750335693e-02 1.716488192000000000e+09
1.715130880000000000e+09 1.711276173591613770e-01 2.962067350745201111e-02 1.715130880000000000e+09
1.713760256000000000e+09 1.732704341411590576e-01 2.961016446352005005e-02 1.713760256000000000e+09
1.712375552000000000e+09 1.754230409860610962e-01 2.960061840713024139e-02 1.712375552000000000e+09
1.711015680000000000e+09 1.776110827922821045e-01 2.959166467189788818e-02 1.711015680000000000e+09
1.709659392000000000e+09 1.797885298728942871e-01 2.958390489220619202e-02 1.709659392000000000e+09
1.708382464000000000e+09 1.820060908794403076e-01 2.957629412412643433e-02 1.708382464000000000e+09
1.707053568000000000e+09 1.842297017574310303e-01 2.956866472959518433e-02 1.707053568000000000e+09
1.705768192000000000e+09 1.864697933197021484e-01 2.956059761345386505e-02 1.705768192000000000e+09
1.704504320000000000e+09 1.887072622776031494e-01 2.955296821892261505e-02 1.704504320000000000e+09
1.703170432000000000e+09 1.909748911857604980e-01 2.954530529677867889e-02 1.703170432000000000e+09
1.701867136000000000e+09 1.932360231876373291e-01 2.953852526843547821e-02 1.701867136000000000e+09
1.700586368000000000e+09 1.955258846282958984e-01 2.953148074448108673e-02 1.700586368000000000e+09
1.699296128000000000e+09 1.978278458118438721e-01 2.952398546040058136e-02 1.699296128000000000e+09
1.697989504000000000e+09 2.001290321350097656e-01 2.951632626354694366e-02 1.697989504000000000e+09
1.696679552000000000e+09 2.024358361959457397e-01 2.950811572372913361e-02 1.696679552000000000e+09
1.695356032000000000e+09 2.047341167926788330e-01 2.949987165629863739e-02 1.695356032000000000e+09
1.693975040000000000e+09 2.070191055536270142e-01 2.949107810854911804e-02 1.693975040000000000e+09
1.692762496000000000e+09 2.093795090913772583e-01 2.948201820254325867e-02 1.692762496000000000e+09
1.691488768000000000e+09 2.117331475019454956e-01 2.947378903627395630e-02 1.691488768000000000e+09
1.690198016000000000e+09 2.140914648771286011e-01 2.946566790342330933e-02 1.690198016000000000e+09
1.688895104000000000e+09 2.164614051580429077e-01 2.945790998637676239e-02 1.688895104000000000e+09
1.687734016000000000e+09 2.188817560672760010e-01 2.945136278867721558e-02 1.687734016000000000e+09
1.686399872000000000e+09 2.212934643030166626e-01 2.944465912878513336e-02 1.686399872000000000e+09
1.685149568000000000e+09 2.237345576286315918e-01 2.943767793476581573e-02 1.685149568000000000e+09
1.683912576000000000e+09 2.262015193700790405e-01 2.943137474358081818e-02 1.683912576000000000e+09
1.682611840000000000e+09 2.286507934331893921e-01 2.942466922104358673e-02 1.682611840000000000e+09
1.681398912000000000e+09 2.311446070671081543e-01 2.941748686134815216e-02 1.681398912000000000e+09
1.680114944000000000e+09 2.336233556270599365e-01 2.940954640507698059e-02 1.680114944000000000e+09
1.678866304000000000e+09 2.361181825399398804e-01 2.940236032009124756e-02 1.678866304000000000e+09
1.677550080000000000e+09 2.386094331741333008e-01 2.939523570239543915e-02 1.677550080000000000e+09
1.676237696000000000e+09 2.411033213138580322e-01 2.938832342624664307e-02 1.676237696000000000e+09
1.675020288000000000e+09 2.436481416225433350e-01 2.938164025545120239e-02 1.675020288000000000e+09
1.673742848000000000e+09 2.462051808834075928e-01 2.937521412968635559e-02 1.673742848000000000e+09
1.672533120000000000e+09 2.487835884094238281e-01 2.936969883739948273e-02 1.672533120000000000e+09
1.671201152000000000e+09 2.513230144977569580e-01 2.936502732336521149e-02 1.671201152000000000e+09
1.669956480000000000e+09 2.539016902446746826e-01 2.936032600700855255e-02 1.669956480000000000e+09
1.668722816000000000e+09 2.565041482448577881e-01 2.935601212084293365e-02 1.668722816000000000e+09
1.667504896000000000e+09 2.591160833835601807e-01 2.935182116925716400e-02 1.667504896000000000e+09
1.666295424000000000e+09 2.617452442646026611e-01 2.934786491096019745e-02 1.666295424000000000e+09
1.665043712000000000e+09 2.643773853778839111e-01 2.934395149350166321e-02 1.665043712000000000e+09
1.663852800000000000e+09 2.670062184333801270e-01 2.933982573449611664e-02 1.663852800000000000e+09
1.662668160000000000e+09 2.696635425090789795e-01 2.933597750961780548e-02 1.662668160000000000e+09
1.661531776000000000e+09 2.723557949066162109e-01 2.933215908706188202e-02 1.661531776000000000e+09
1.660399872000000000e+09 2.750589847564697266e-01 2.932871133089065552e-02 1.660399872000000000e+09
1.659121152000000000e+09 2.777041792869567871e-01 2.932545728981494904e-02 1.659121152000000000e+09
1.657981696000000000e+09 2.804198563098907471e-01 2.932215481996536255e-02 1.657981696000000000e+09
1.656602368000000000e+09 2.830069363117218018e-01 2.931973710656166077e-02 1.656602368000000000e+09
1.655468928000000000e+09 2.857263088226318359e-01 2.931738086044788361e-02 1.655468928000000000e+09
1.654279296000000000e+09 2.884357571601867676e-01 2.931510098278522491e-02 1.654279296000000000e+09
1.653156352000000000e+09 2.911877036094665527e-01 2.931305207312107086e-02 1.653156352000000000e+09
1.652064000000000000e+09 2.939449846744537354e-01 2.931117825210094452e-02 1.652064000000000000e+09
1.650981248000000000e+09 2.967182695865631104e-01 2.930928021669387817e-02 1.650981248000000000e+09
1.649854848000000000e+09 2.994613945484161377e-01 2.930737473070621490e-02 1.649854848000000000e+09
1.648787584000000000e+09 3.022443056106567383e-01 2.930534631013870239e-02 1.648787584000000000e+09
1.647790080000000000e+09 3.050189018249511719e-01 2.930318005383014679e-02 1.647790080000000000e+09
1.646811008000000000e+09 3.078107535839080811e-01 2.930117398500442505e-02 1.646811008000000000e+09
1.645767040000000000e+09 3.105879426002502441e-01 2.929915487766265869e-02 1.645767040000000000e+09
1.644820352000000000e+09 3.134032189846038818e-01 2.929724566638469696e-02 1.644820352000000000e+09
1.643700608000000000e+09 3.161744773387908936e-01 2.929534018039703369e-02 1.643700608000000000e+09
1.642797696000000000e+09 3.190061748027801514e-01 2.929350920021533966e-02 1.642797696000000000e+09
1.641839232000000000e+09 3.218328356742858887e-01 2.929165773093700409e-02 1.641839232000000000e+09
1.640881536000000000e+09 3.246727883815765381e-01 2.929008752107620239e-02 1.640881536000000000e+09
1.640000640000000000e+09 3.275136947631835938e-01 2.928829938173294067e-02 1.640000640000000000e+09
1.639030272000000000e+09 3.303490579128265381e-01 2.928720042109489441e-02 1.639030272000000000e+09
1.638227712000000000e+09 3.332422077655792236e-01 2.928638458251953125e-02 1.638227712000000000e+09
1.637089792000000000e+09 3.359697759151458740e-01 2.928576990962028503e-02 1.637089792000000000e+09
1.636105216000000000e+09 3.387769460678100586e-01 2.928628027439117432e-02 1.636105216000000000e+09
1.635385216000000000e+09 3.416781127452850342e-01 2.928720787167549133e-02 1.635385216000000000e+09
1.634515328000000000e+09 3.445318639278411865e-01 2.928794734179973602e-02 1.634515328000000000e+09
1.633702784000000000e+09 3.473877310752868652e-01 2.928913384675979614e-02 1.633702784000000000e+09
1.632987008000000000e+09 3.502958118915557861e-01 2.929020673036575317e-02 1.632987008000000000e+09
1.632168704000000000e+09 3.531636297702789307e-01 2.929151989519596100e-02 1.632168704000000000e+09
1.631425536000000000e+09 3.560495972633361816e-01 2.929268963634967804e-02 1.631425536000000000e+09
1.630775808000000000e+09 3.589636385440826416e-01 2.929387614130973816e-02 1.630775808000000000e+09
1.630033792000000000e+09 3.618633151054382324e-01 2.929499559104442596e-02 1.630033792000000000e+09
1.629499392000000000e+09 3.647869229316711426e-01 2.929626591503620148e-02 1.629499392000000000e+09
1.628876416000000000e+09 3.676744401454925537e-01 2.929724752902984619e-02 1.628876416000000000e+09
1.628175360000000000e+09 3.705710470676422119e-01 2.929827384650707245e-02 1.628175360000000000e+09
1.627551616000000000e+09 3.734824061393737793e-01 2.929925732314586639e-02 1.627551616000000000e+09
1.626883840000000000e+09 3.763685822486877441e-01 2.930024079978466034e-02 1.626883840000000000e+09
1.626294656000000000e+09 3.792524933815002441e-01 2.930163592100143433e-02 1.626294656000000000e+09
1.625674624000000000e+09 3.821943700313568115e-01 2.930306643247604370e-02 1.625674624000000000e+09
1.625170048000000000e+09 3.851286172866821289e-01 2.930450625717639923e-02 1.625170048000000000e+09
1.624701440000000000e+09 3.880732059478759766e-01 2.930589951574802399e-02 1.624701440000000000e+09
1.624163456000000000e+09 3.910086750984191895e-01 2.930702455341815948e-02 1.624163456000000000e+09
1.623693696000000000e+09 3.939704298973083496e-01 2.930821292102336884e-02 1.623693696000000000e+09
1.623305216000000000e+09 3.969744741916656494e-01 2.930916659533977509e-02 1.623305216000000000e+09
1.622817536000000000e+09 3.999513387680053711e-01 2.931071072816848755e-02 1.622817536000000000e+09
1.622374912000000000e+09 4.029073715209960938e-01 2.931249886751174927e-02 1.622374912000000000e+09
1.622059392000000000e+09 4.059266746044158936e-01 2.931407652795314789e-02 1.622059392000000000e+09
1.621680128000000000e+09 4.089367091655731201e-01 2.931592054665088654e-02 1.621680128000000000e+09
1.621340928000000000e+09 4.119639098644256592e-01 2.931771799921989441e-02 1.621340928000000000e+09
1.621040512000000000e+09 4.150063395500183105e-01 2.931931801140308380e-02 1.621040512000000000e+09
1.620635648000000000e+09 4.179904162883758545e-01 2.932108379900455475e-02 1.620635648000000000e+09
1.620269952000000000e+09 4.209996759891510010e-01 2.932276017963886261e-02 1.620269952000000000e+09
1.620007552000000000e+09 4.240275621414184570e-01 2.932456322014331818e-02 1.620007552000000000e+09
1.619599872000000000e+09 4.270149469375610352e-01 2.932680398225784302e-02 1.619599872000000000e+09
1.619235584000000000e+09 4.299943745136260986e-01 2.932981215417385101e-02 1.619235584000000000e+09
1.619067264000000000e+09 4.330839216709136963e-01 2.933310717344284058e-02 1.619067264000000000e+09
1.618772224000000000e+09 4.361316561698913574e-01 2.933631651103496552e-02 1.618772224000000000e+09
1.618336384000000000e+09 4.391235113143920898e-01 2.933941781520843506e-02 1.618336384000000000e+09
1.618235776000000000e+09 4.422298669815063477e-01 2.934251911938190460e-02 1.618235776000000000e+09
1.617895424000000000e+09 4.452693164348602295e-01 2.934537641704082489e-02 1.617895424000000000e+09
1.617628800000000000e+09 4.483241736888885498e-01 2.934803254902362823e-02 1.617628800000000000e+09
1.617339520000000000e+09 4.514158070087432861e-01 2.935076504945755005e-02 1.617339520000000000e+09
1.617035136000000000e+09 4.544652402400970459e-01 2.935348823666572571e-02 1.617035136000000000e+09
1.616859392000000000e+09 4.575603008270263672e-01 2.935685031116008759e-02 1.616859392000000000e+09
1.616685056000000000e+09 4.606605768203735352e-01 2.936025895178318024e-02 1.616685056000000000e+09
1.616438912000000000e+09 4.637628793716430664e-01 2.936349995434284210e-02 1.616438912000000000e+09
1.615983232000000000e+09 4.667926132678985596e-01 2.936694212257862091e-02 1.615983232000000000e+09
1.615848448000000000e+09 4.699238836765289307e-01 2.937030605971813202e-02 1.615848448000000000e+09
1.615662336000000000e+09 4.730376303195953369e-01 2.937361970543861389e-02 1.615662336000000000e+09
1.615328128000000000e+09 4.761044085025787354e-01 2.937685325741767883e-02 1.615328128000000000e+09
1.615169664000000000e+09 4.792746901512145996e-01 2.938018366694450378e-02 1.615169664000000000e+09
1.614926336000000000e+09 4.824122190475463867e-01 2.938413433730602264e-02 1.614926336000000000e+09
1.614900480000000000e+09 4.855498671531677246e-01 2.938806265592575073e-02 1.614900480000000000e+09
1.614696576000000000e+09 4.887118041515350342e-01 2.939211018383502960e-02 1.614696576000000000e+09
1.614509696000000000e+09 4.918282032012939453e-01 2.939595095813274384e-02 1.614509696000000000e+09
1.614495616000000000e+09 4.950441122055053711e-01 2.939976193010807037e-02 1.614495616000000000e+09
1.614480768000000000e+09 4.982288181781768799e-01 2.940365113317966461e-02 1.614480768000000000e+09
1.614574464000000000e+09 5.014685988426208496e-01 2.940749935805797577e-02 1.614574464000000000e+09
1.614133504000000000e+09 5.045156478881835938e-01 2.941128052771091461e-02 1.614133504000000000e+09
1.614212736000000000e+09 5.077328681945800781e-01 2.941523678600788116e-02 1.614212736000000000e+09
1.614209024000000000e+09 5.109228491783142090e-01 2.941931597888469696e-02 1.614209024000000000e+09
1.614242560000000000e+09 5.141599178314208984e-01 2.942326478660106659e-02 1.614242560000000000e+09
1.614202624000000000e+09 5.173867344856262207e-01 2.942718192934989929e-02 1.614202624000000000e+09
1.614246272000000000e+09 5.205868482589721680e-01 2.943123131990432739e-02 1.614246272000000000e+09
1.614510720000000000e+09 5.238299369812011719e-01 2.943518385291099548e-02 1.614510720000000000e+09
1.614755200000000000e+09 5.271227359771728516e-01 2.943941392004489899e-02 1.614755200000000000e+09
1.615071360000000000e+09 5.304033160209655762e-01 2.944339439272880554e-02 1.615071360000000000e+09
1.615298688000000000e+09 5.336477756500244141e-01 2.944756299257278442e-02 1.615298688000000000e+09
1.615547136000000000e+09 5.369054675102233887e-01 2.945173718035221100e-02 1.615547136000000000e+09
1.615833216000000000e+09 5.401421785354614258e-01 2.945579215884208679e-02 1.615833216000000000e+09
1.616268544000000000e+09 5.434378385543823242e-01 2.946006320416927338e-02 1.616268544000000000e+09
1.616761728000000000e+09 5.467290282249450684e-01 2.946427650749683380e-02 1.616761728000000000e+09
1.617240320000000000e+09 5.500166416168212891e-01 2.946853451430797577e-02 1.617240320000000000e+09
1.617573120000000000e+09 5.532487034797668457e-01 2.947282977402210236e-02 1.617573120000000000e+09
1.618211712000000000e+09 5.565816760063171387e-01 2.947759442031383514e-02 1.618211712000000000e+09
1.618595968000000000e+09 5.598374605178833008e-01 2.948235720396041870e-02 1.618595968000000000e+09
1.618623744000000000e+09 5.629660487174987793e-01 2.948678657412528992e-02 1.618623744000000000e+09
1.619135488000000000e+09 5.662413835525512695e-01 2.949142642319202423e-02 1.619135488000000000e+09
1.619538688000000000e+09 5.694811940193176270e-01 2.949582785367965698e-02 1.619538688000000000e+09
1.619904896000000000e+09 5.727009177207946777e-01 2.950048260390758514e-02 1.619904896000000000e+09
1.620509056000000000e+09 5.759804844856262207e-01 2.950491197407245636e-02 1.620509056000000000e+09
1.620988032000000000e+09 5.792514085769653320e-01 2.950954623520374298e-02 1.620988032000000000e+09
1.621637760000000000e+09 5.825406312942504883e-01 2.951394207775592804e-02 1.621637760000000000e+09
1.622131840000000000e+09 5.858020186424255371e-01 2.951846830546855927e-02 1.622131840000000000e+09
1.622745088000000000e+09 5.890908241271972656e-01 2.952276542782783508e-02 1.622745088000000000e+09
1.623162368000000000e+09 5.923348665237426758e-01 2.952705696225166321e-02 1.623162368000000000e+09
1.623748992000000000e+09 5.956803560256958008e-01 2.953134849667549133e-02 1.623748992000000000e+09
1.623918208000000000e+09 5.988699793815612793e-01 2.953563444316387177e-02 1.623918208000000000e+09
1.624190720000000000e+09 6.020439863204956055e-01 2.954005450010299683e-02 1.624190720000000000e+09
1.624605952000000000e+09 6.052771806716918945e-01 2.954448387026786804e-02 1.624605952000000000e+09
1.624948608000000000e+09 6.085105538368225098e-01 2.954901568591594696e-02 1.624948608000000000e+09
1.625564672000000000e+09 6.117783784866333008e-01 2.955342084169387817e-02 1.625564672000000000e+09
1.626065792000000000e+09 6.151136159896850586e-01 2.955773659050464630e-02 1.626065792000000000e+09
1.626549888000000000e+09 6.183832883834838867e-01 2.956233732402324677e-02 1.626549888000000000e+09
1.626996736000000000e+09 6.216944456100463867e-01 2.956665866076946259e-02 1.626996736000000000e+09
1.627382016000000000e+09 6.249919533729553223e-01 2.957142330706119537e-02 1.627382016000000000e+09
1.627842304000000000e+09 6.283126473426818848e-01 2.957616560161113739e-02 1.627842304000000000e+09
1.628262912000000000e+09 6.315860152244567871e-01 2.958060055971145630e-02 1.628262912000000000e+09
1.628680704000000000e+09 6.349021196365356445e-01 2.958524972200393677e-02 1.628680704000000000e+09
1.629212416000000000e+09 6.382200717926025391e-01 2.959010377526283264e-02 1.629212416000000000e+09
1.629689344000000000e+09 6.415228843688964844e-01 2.959492430090904236e-02 1.629689344000000000e+09
1.630325376000000000e+09 6.448623538017272949e-01 2.959977090358734131e-02 1.630325376000000000e+09
1.630713728000000000e+09 6.481202244758605957e-01 2.960454113781452179e-02 1.630713728000000000e+09
1.631200768000000000e+09 6.514078378677368164e-01 2.960923872888088226e-02 1.631200768000000000e+09
1.631637632000000000e+09 6.546240448951721191e-01 2.961396984755992889e-02 1.631637632000000000e+09
1.632252416000000000e+09 6.578971147537231445e-01 2.961863577365875244e-02 1.632252416000000000e+09
1.632885760000000000e+09 6.611955761909484863e-01 2.962316758930683136e-02 1.632885760000000000e+09
1.633492992000000000e+09 6.644252538681030273e-01 2.962825074791908264e-02 1.633492992000000000e+09
1.634027136000000000e+09 6.676849722862243652e-01 2.963315509259700775e-02 1.634027136000000000e+09
1.634832512000000000e+09 6.709905266761779785e-01 2.963818609714508057e-02 1.634832512000000000e+09
1.635652352000000000e+09 6.742910742759704590e-01 2.964305691421031952e-02 1.635652352000000000e+09
1.636654080000000000e+09 6.775784492492675781e-01 2.964782528579235077e-02 1.636654080000000000e+09
1.637475200000000000e+09 6.808664798736572266e-01 2.965256385505199432e-02 1.637475200000000000e+09
1.638387456000000000e+09 6.841243505477905273e-01 2.965723536908626556e-02 1.638387456000000000e+09
1.639029248000000000e+09 6.873371005058288574e-01 2.966202795505523682e-02 1.639029248000000000e+09
1.639763584000000000e+09 6.905185580253601074e-01 2.966689318418502808e-02 1.639763584000000000e+09
1.640653440000000000e+09 6.937658190727233887e-01 2.967166714370250702e-02 1.640653440000000000e+09
1.641454208000000000e+09 6.969555020332336426e-01 2.967643551528453827e-02 1.641454208000000000e+09
1.642116736000000000e+09 7.001340389251708984e-01 2.968119643628597260e-02 1.642116736000000000e+09
1.643170688000000000e+09 7.033932805061340332e-01 2.968586422502994537e-02 1.643170688000000000e+09
1.643961216000000000e+09 7.065634727478027344e-01 2.969039417803287506e-02 1.643961216000000000e+09
1.644814976000000000e+09 7.097690105438232422e-01 2.969504147768020630e-02 1.644814976000000000e+09
1.645376640000000000e+09 7.128568887710571289e-01 2.969969809055328369e-02 1.645376640000000000e+09
1.646440448000000000e+09 7.160669565200805664e-01 2.970422245562076569e-02 1.646440448000000000e+09
1.647275136000000000e+09 7.192236781120300293e-01 2.970889024436473846e-02 1.647275136000000000e+09
1.648068480000000000e+09 7.223504185676574707e-01 2.971362881362438202e-02 1.648068480000000000e+09
1.648948224000000000e+09 7.254785299301147461e-01 2.971836738288402557e-02 1.648948224000000000e+09
1.649692032000000000e+09 7.286027669906616211e-01 2.972306311130523682e-02 1.649692032000000000e+09
1.650444928000000000e+09 7.316405177116394043e-01 2.972780726850032806e-02 1.650444928000000000e+09
1.650908032000000000e+09 7.346086502075195312e-01 2.973235584795475006e-02 1.650908032000000000e+09
1.651681280000000000e+09 7.376624345779418945e-01 2.973712421953678131e-02 1.651681280000000000e+09
1.652335488000000000e+09 7.406913638114929199e-01 2.974189445376396179e-02 1.652335488000000000e+09
1.652739840000000000e+09 7.436588406562805176e-01 2.974666655063629150e-02 1.652739840000000000e+09
1.653626368000000000e+09 7.467168569564819336e-01 2.975166775286197662e-02 1.653626368000000000e+09
1.654222976000000000e+09 7.496911883354187012e-01 2.975651994347572327e-02 1.654222976000000000e+09
1.654843264000000000e+09 7.526264786720275879e-01 2.976131252944469452e-02 1.654843264000000000e+09
1.655395072000000000e+09 7.555403709411621094e-01 2.976611442863941193e-02 1.655395072000000000e+09
1.656026752000000000e+09 7.584773302078247070e-01 2.977119199931621552e-02 1.656026752000000000e+09
1.656754944000000000e+09 7.614454030990600586e-01 2.977607026696205139e-02 1.656754944000000000e+09
1.657333120000000000e+09 7.643274664878845215e-01 2.978089265525341034e-02 1.657333120000000000e+09
1.658017024000000000e+09 7.672240138053894043e-01 2.978597581386566162e-02 1.658017024000000000e+09
1.658446592000000000e+09 7.700480222702026367e-01 2.979085035622119904e-02 1.658446592000000000e+09
1.659048448000000000e+09 7.728915214538574219e-01 2.979575097560882568e-02 1.659048448000000000e+09
1.659700096000000000e+09 7.757689356803894043e-01 2.980078756809234619e-02 1.659700096000000000e+09
1.660148096000000000e+09 7.784907817840576172e-01 2.980566769838333130e-02 1.660148096000000000e+09
1.660936704000000000e+09 7.813640236854553223e-01 2.981080114841461182e-02 1.660936704000000000e+09
1.661712000000000000e+09 7.841607928276062012e-01 2.981570921838283539e-02 1.661712000000000000e+09
1.662611840000000000e+09 7.869940400123596191e-01 2.982088737189769745e-02 1.662611840000000000e+09
1.662742912000000000e+09 7.895814776420593262e-01 2.982571534812450409e-02 1.662742912000000000e+09
1.663135360000000000e+09 7.922379374504089355e-01 2.983089722692966461e-02 1.663135360000000000e+09
1.663739136000000000e+09 7.949150204658508301e-01 2.983581088483333588e-02 1.663739136000000000e+09
1.664407040000000000e+09 7.976334095001220703e-01 2.984094806015491486e-02 1.664407040000000000e+09
1.664763136000000000e+09 8.002125024795532227e-01 2.984608151018619537e-02 1.664763136000000000e+09
1.665391872000000000e+09 8.028795719146728516e-01 2.985106408596038818e-02 1.665391872000000000e+09
1.665771136000000000e+09 8.054682016372680664e-01 2.985620312392711639e-02 1.665771136000000000e+09
1.666312448000000000e+09 8.080801367759704590e-01 2.986134029924869537e-02 1.666312448000000000e+09
1.666575360000000000e+09 8.106227517127990723e-01 2.986632287502288818e-02 1.666575360000000000e+09
1.666627840000000000e+09 8.131101131439208984e-01 2.987145632505416870e-02 1.666627840000000000e+09
1.666763264000000000e+09 8.155657052993774414e-01 2.987657114863395691e-02 1.666763264000000000e+09
1.666905984000000000e+09 8.180359005928039551e-01 2.988150529563426971e-02 1.666905984000000000e+09
1.667138176000000000e+09 8.205215334892272949e-01 2.988671325147151947e-02 1.667138176000000000e+09
1.666992256000000000e+09 8.229483366012573242e-01 2.989183925092220306e-02 1.666992256000000000e+09
1.666978688000000000e+09 8.253975510597229004e-01 2.989683672785758972e-02 1.666978688000000000e+09
1.666812032000000000e+09 8.277788758277893066e-01 2.990195527672767639e-02 1.666812032000000000e+09
1.666760960000000000e+09 8.302142620086669922e-01 2.990709803998470306e-02 1.666760960000000000e+09
1.666627968000000000e+09 8.325996994972229004e-01 2.991210483014583588e-02 1.666627968000000000e+09
1.666466816000000000e+09 8.350207805633544922e-01 2.991726621985435486e-02 1.666466816000000000e+09
1.666065408000000000e+09 8.373839259147644043e-01 2.992245927453041077e-02 1.666065408000000000e+09
1.665564032000000000e+09 8.397095203399658203e-01 2.992762066423892975e-02 1.665564032000000000e+09
1.664997760000000000e+09 8.420342206954956055e-01 2.993284165859222412e-02 1.664997760000000000e+09
1.664331776000000000e+09 8.443188071250915527e-01 2.993785403668880463e-02 1.664331776000000000e+09
1.663631360000000000e+09 8.465943932533264160e-01 2.994302473962306976e-02 1.663631360000000000e+09
1.663352320000000000e+09 8.489673137664794922e-01 2.994826622307300568e-02 1.663352320000000000e+09
1.662511232000000000e+09 8.512215018272399902e-01 2.995350584387779236e-02 1.662511232000000000e+09
1.661385088000000000e+09 8.534511923789978027e-01 2.995872683823108673e-02 1.661385088000000000e+09
1.660480768000000000e+09 8.556839227676391602e-01 2.996397204697132111e-02 1.660480768000000000e+09
1.659372928000000000e+09 8.578628897666931152e-01 2.996921353042125702e-02 1.659372928000000000e+09
1.658472704000000000e+09 8.601177930831909180e-01 2.997446246445178986e-02 1.658472704000000000e+09
1.656891136000000000e+09 8.622005581855773926e-01 2.997970394790172577e-02 1.656891136000000000e+09
1.655557376000000000e+09 8.643565773963928223e-01 2.998495101928710938e-02 1.655557376000000000e+09
1.654348032000000000e+09 8.665302395820617676e-01 2.999022230505943298e-02 1.654348032000000000e+09
1.652854784000000000e+09 8.686689734458923340e-01 2.999554201960563660e-02 1.652854784000000000e+09
1.652525056000000000e+09 8.710829615592956543e-01 3.000106289982795715e-02 1.652525056000000000e+09
1.651076992000000000e+09 8.731918931007385254e-01 3.000638075172901154e-02 1.651076992000000000e+09
1.649555328000000000e+09 8.753165006637573242e-01 3.001164644956588745e-02 1.649555328000000000e+09
1.647809664000000000e+09 8.773508667945861816e-01 3.001689910888671875e-02 1.647809664000000000e+09
1.646273792000000000e+09 8.794497847557067871e-01 3.002217970788478851e-02 1.646273792000000000e+09
1.644258944000000000e+09 8.814015388488769531e-01 3.002749942243099213e-02 1.644258944000000000e+09
1.642465280000000000e+09 8.834288716316223145e-01 3.003298304975032806e-02 1.642465280000000000e+09
1.640588544000000000e+09 8.854330778121948242e-01 3.003833070397377014e-02 1.640588544000000000e+09
1.638853760000000000e+09 8.874354958534240723e-01 3.004360944032669067e-02 1.638853760000000000e+09
1.636829568000000000e+09 8.893693685531616211e-01 3.004894778132438660e-02 1.636829568000000000e+09
1.634717952000000000e+09 8.912788033485412598e-01 3.005444072186946869e-02 1.634717952000000000e+09
1.632660608000000000e+09 8.931914567947387695e-01 3.005978651344776154e-02 1.632660608000000000e+09
1.630974080000000000e+09 8.951829671859741211e-01 3.006509132683277130e-02 1.630974080000000000e+09
1.628653696000000000e+09 8.970108628273010254e-01 3.007043898105621338e-02 1.628653696000000000e+09
1.627271040000000000e+09 8.991327881813049316e-01 3.007602877914905548e-02 1.627271040000000000e+09
1.625339904000000000e+09 9.010380506515502930e-01 3.008140437304973602e-02 1.625339904000000000e+09
1.623035520000000000e+09 9.028196334838867188e-01 3.008689358830451965e-02 1.623035520000000000e+09
1.620887168000000000e+09 9.046733379364013672e-01 3.009226545691490173e-02 1.620887168000000000e+09
1.618528640000000000e+09 9.064319729804992676e-01 3.009782917797565460e-02 1.618528640000000000e+09
1.616372608000000000e+09 9.082374572753906250e-01 3.010320477187633514e-02 1.616372608000000000e+09
1.614184832000000000e+09 9.100313782691955566e-01 3.010858409106731415e-02 1.614184832000000000e+09
1.611799808000000000e+09 9.117882847785949707e-01 3.011417202651500702e-02 1.611799808000000000e+09
1.608984192000000000e+09 9.134132266044616699e-01 3.011951968073844910e-02 1.608984192000000000e+09
1.606846336000000000e+09 9.152265787124633789e-01 3.012510947883129120e-02 1.606846336000000000e+09
1.604139136000000000e+09 9.168387651443481445e-01 3.013041242957115173e-02 1.604139136000000000e+09
1.601518336000000000e+09 9.185149669647216797e-01 3.013599850237369537e-02 1.601518336000000000e+09
1.598967296000000000e+09 9.202136993408203125e-01 3.014138154685497284e-02 1.598967296000000000e+09
1.596391552000000000e+09 9.219151735305786133e-01 3.014697134494781494e-02 1.596391552000000000e+09
1.593742976000000000e+09 9.235621690750122070e-01 3.015242144465446472e-02 1.593742976000000000e+09
1.590933376000000000e+09 9.251907467842102051e-01 3.015801124274730682e-02 1.590933376000000000e+09
1.588015616000000000e+09 9.267570972442626953e-01 3.016339242458343506e-02 1.588015616000000000e+09
1.585266560000000000e+09 9.283803701400756836e-01 3.016900271177291870e-02 1.585266560000000000e+09
1.583676800000000000e+09 9.301893115043640137e-01 3.017459996044635773e-02 1.583676800000000000e+09
1.581174144000000000e+09 9.317976236343383789e-01 3.017997927963733673e-02 1.581174144000000000e+09
1.578446976000000000e+09 9.333997368812561035e-01 3.018559142947196960e-02 1.578446976000000000e+09
1.575632128000000000e+09 9.349617362022399902e-01 3.019104897975921631e-02 1.575632128000000000e+09
1.572555136000000000e+09 9.364944696426391602e-01 3.019666858017444611e-02 1.572555136000000000e+09
1.569663360000000000e+09 9.380552768707275391e-01 3.020228818058967590e-02 1.569663360000000000e+09
1.566817152000000000e+09 9.396414756774902344e-01 3.020797669887542725e-02 1.566817152000000000e+09
1.563531136000000000e+09 9.410914778709411621e-01 3.021338768303394318e-02 1.563531136000000000e+09
1.560931072000000000e+09 9.427125453948974609e-01 3.021907992660999298e-02 1.560931072000000000e+09
1.557681664000000000e+09 9.441424012184143066e-01 3.022476471960544586e-02 1.557681664000000000e+09
1.554414080000000000e+09 9.456037878990173340e-01 3.023038990795612335e-02 1.554414080000000000e+09
1.551585408000000000e+09 9.471775293350219727e-01 3.023589961230754852e-02 1.551585408000000000e+09
1.548474880000000000e+09 9.486103653907775879e-01 3.024152107536792755e-02 1.548474880000000000e+09
1.545117824000000000e+09 9.499945640563964844e-01 3.024721890687942505e-02 1.545117824000000000e+09
1.542021504000000000e+09 9.514696598052978516e-01 3.025293163955211639e-02 1.542021504000000000e+09
1.538734080000000000e+09 9.528737068176269531e-01 3.025864809751510620e-02 1.538734080000000000e+09
1.535527680000000000e+09 9.542924761772155762e-01 3.026434592902660370e-02 1.535527680000000000e+09
1.532028288000000000e+09 9.556565880775451660e-01 3.026999533176422119e-02 1.532028288000000000e+09
1.528558720000000000e+09 9.569882154464721680e-01 3.027571365237236023e-02 1.528558720000000000e+09
1.525251200000000000e+09 9.583960175514221191e-01 3.028144314885139465e-02 1.525251200000000000e+09
1.521710080000000000e+09 9.597040414810180664e-01 3.028723038733005524e-02 1.521710080000000000e+09
1.518467968000000000e+09 9.611237645149230957e-01 3.029295615851879120e-02 1.518467968000000000e+09
1.515282816000000000e+09 9.625256061553955078e-01 3.029870055615901947e-02 1.515282816000000000e+09
1.511878784000000000e+09 9.639069437980651855e-01 3.030443005263805389e-02 1.511878784000000000e+09
1.508337920000000000e+09 9.652258753776550293e-01 3.031018003821372986e-02 1.508337920000000000e+09
1.504654720000000000e+09 9.664748311042785645e-01 3.031597658991813660e-02 1.504654720000000000e+09
1.501376128000000000e+09 9.678484201431274414e-01 3.032173030078411102e-02 1.501376128000000000e+09
1.497822720000000000e+09 9.691537022590637207e-01 3.032769635319709778e-02 1.497822720000000000e+09
1.494859648000000000e+09 9.705934524536132812e-01 3.033352084457874298e-02 1.494859648000000000e+09
1.491268224000000000e+09 9.718913435935974121e-01 3.033936768770217896e-02 1.491268224000000000e+09
1.487584128000000000e+09 9.731698632240295410e-01 3.034531325101852417e-02 1.487584128000000000e+09
1.485062784000000000e+09 9.747875332832336426e-01 3.035126253962516785e-02 1.485062784000000000e+09
1.481152384000000000e+09 9.760072231292724609e-01 3.035725280642509460e-02 1.481152384000000000e+09
1.477513984000000000e+09 9.772779345512390137e-01 3.036308102309703827e-02 1.477513984000000000e+09
1.474129536000000000e+09 9.786021709442138672e-01 3.036893159151077271e-02 1.474129536000000000e+09
1.470208768000000000e+09 9.797933101654052734e-01 3.037497214972972870e-02 1.470208768000000000e+09
1.466591744000000000e+09 9.810878038406372070e-01 3.038075752556324005e-02 1.466591744000000000e+09
1.462979200000000000e+09 9.823345541954040527e-01 3.038681857287883759e-02 1.462979200000000000e+09
1.459182208000000000e+09 9.835853576660156250e-01 3.039274737238883972e-02 1.459182208000000000e+09
1.455365632000000000e+09 9.848043322563171387e-01 3.039881400763988495e-02 1.455365632000000000e+09
1.451472256000000000e+09 9.860317707061767578e-01 3.040469437837600708e-02 1.451472256000000000e+09
1.447673728000000000e+09 9.872751235961914062e-01 3.041076473891735077e-02 1.447673728000000000e+09
1.444074880000000000e+09 9.885421395301818848e-01 3.041683696210384369e-02 1.444074880000000000e+09
1.440103424000000000e+09 9.896943569183349609e-01 3.042278811335563660e-02 1.440103424000000000e+09
1.435929472000000000e+09 9.908158779144287109e-01 3.042885474860668182e-02 1.435929472000000000e+09
1.432182528000000000e+09 9.920203685760498047e-01 3.043495304882526398e-02 1.432182528000000000e+09
1.427968640000000000e+09 9.931254982948303223e-01 3.044083528220653534e-02 1.427968640000000000e+09
1.424028160000000000e+09 9.943068623542785645e-01 3.044700436294078827e-02 1.424028160000000000e+09
1.420110336000000000e+09 9.954933524131774902e-01 3.045317344367504120e-02 1.420110336000000000e+09
1.415995776000000000e+09 9.966276288032531738e-01 3.045929595828056335e-02 1.415995776000000000e+09
1.412019456000000000e+09 9.978533387184143066e-01 3.046547062695026398e-02 1.412019456000000000e+09
1.408038784000000000e+09 9.990409612655639648e-01 3.047166951000690460e-02 1.408038784000000000e+09
1.403927424000000000e+09 1.000197172164916992e+00 3.047765605151653290e-02 1.403927424000000000e+09
1.399926400000000000e+09 1.001412034034729004e+00 3.048385493457317352e-02 1.399926400000000000e+09
1.395928704000000000e+09 1.002664327621459961e+00 3.049005381762981415e-02 1.395928704000000000e+09
1.392073216000000000e+09 1.003896713256835938e+00 3.049646876752376556e-02 1.392073216000000000e+09
1.387954816000000000e+09 1.005076646804809570e+00 3.050266951322555542e-02 1.387954816000000000e+09
1.383880448000000000e+09 1.006308317184448242e+00 3.050896339118480682e-02 1.383880448000000000e+09
1.379604992000000000e+09 1.007439017295837402e+00 3.051518648862838745e-02 1.379604992000000000e+09
1.375603456000000000e+09 1.008708000183105469e+00 3.052140027284622192e-02 1.375603456000000000e+09
1.371676672000000000e+09 1.010002851486206055e+00 3.052771836519241333e-02 1.371676672000000000e+09
1.367378944000000000e+09 1.011209011077880859e+00 3.053415939211845398e-02 1.367378944000000000e+09
1.363209600000000000e+09 1.012438178062438965e+00 3.054046817123889923e-02 1.363209600000000000e+09
1.359118464000000000e+09 1.013755321502685547e+00 3.054679557681083679e-02 1.359118464000000000e+09
1.355007360000000000e+09 1.015070319175720215e+00 3.055333904922008514e-02 1.355007360000000000e+09
1.351027200000000000e+09 1.016379356384277344e+00 3.055966272950172424e-02 1.351027200000000000e+09
1.346692480000000000e+09 1.017653822898864746e+00 3.056620806455612183e-02 1.346692480000000000e+09
1.342449664000000000e+09 1.018936753273010254e+00 3.057254105806350708e-02 1.342449664000000000e+09
1.338268544000000000e+09 1.020214676856994629e+00 3.057909198105335236e-02 1.338268544000000000e+09
1.334244864000000000e+09 1.021565079689025879e+00 3.058565966784954071e-02 1.334244864000000000e+09
1.330141568000000000e+09 1.022886157035827637e+00 3.059207275509834290e-02 1.330141568000000000e+09
1.325964032000000000e+09 1.024144053459167480e+00 3.059863857924938202e-02 1.325964032000000000e+09
1.321619712000000000e+09 1.025344610214233398e+00 3.060520812869071960e-02 1.321619712000000000e+09
1.317552640000000000e+09 1.026615858078002930e+00 3.061164170503616333e-02 1.317552640000000000e+09
1.313414656000000000e+09 1.027899861335754395e+00 3.061822243034839630e-02 1.313414656000000000e+09
1.309506944000000000e+09 1.029216051101684570e+00 3.062486834824085236e-02 1.309506944000000000e+09
1.305385088000000000e+09 1.030413269996643066e+00 3.063153475522994995e-02 1.305385088000000000e+09
1.301644416000000000e+09 1.031774878501892090e+00 3.063819184899330139e-02 1.301644416000000000e+09
1.297691264000000000e+09 1.033064723014831543e+00 3.064486198127269745e-02 1.297691264000000000e+09
1.293934464000000000e+09 1.034374833106994629e+00 3.065154142677783966e-02 1.293934464000000000e+09
1.290075264000000000e+09 1.035669445991516113e+00 3.065823949873447418e-02 1.290075264000000000e+09
1.285840384000000000e+09 1.036765098571777344e+00 3.066491335630416870e-02 1.285840384000000000e+09
1.281658496000000000e+09 1.037913560867309570e+00 3.067159838974475861e-02 1.281658496000000000e+09
1.277847936000000000e+09 1.039125561714172363e+00 3.067830391228199005e-02 1.277847936000000000e+09
1.273676800000000000e+09 1.040243029594421387e+00 3.068508021533489227e-02 1.273676800000000000e+09
1.270092672000000000e+09 1.041526675224304199e+00 3.069200180470943451e-02 1.270092672000000000e+09
1.266241920000000000e+09 1.042660951614379883e+00 3.069877438247203827e-02 1.266241920000000000e+09
1.262350208000000000e+09 1.043873071670532227e+00 3.070555999875068665e-02 1.262350208000000000e+09
1.258570752000000000e+09 1.045043826103210449e+00 3.071257285773754120e-02 1.258570752000000000e+09
1.254609792000000000e+09 1.046142101287841797e+00 3.071930631995201111e-02 1.254609792000000000e+09
1.250766720000000000e+09 1.047290802001953125e+00 3.072630986571311951e-02 1.250766720000000000e+09
1.246830720000000000e+09 1.048400402069091797e+00 3.073314018547534943e-02 1.246830720000000000e+09
1.242765312000000000e+09 1.049370527267456055e+00 3.074025362730026245e-02 1.242765312000000000e+09
1.238893440000000000e+09 1.050484538078308105e+00 3.074728325009346008e-02 1.238893440000000000e+09
1.235299456000000000e+09 1.051657438278198242e+00 3.075419552624225616e-02 1.235299456000000000e+09
1.231106816000000000e+09 1.052628755569458008e+00 3.076124005019664764e-02 1.231106816000000000e+09
1.227257088000000000e+09 1.053719162940979004e+00 3.076836653053760529e-02 1.227257088000000000e+09
1.223474688000000000e+09 1.054842948913574219e+00 3.077544085681438446e-02 1.223474688000000000e+09
1.219555840000000000e+09 1.055871367454528809e+00 3.078259155154228210e-02 1.219555840000000000e+09
1.215550592000000000e+09 1.056854486465454102e+00 3.078972920775413513e-02 1.215550592000000000e+09
