# mean_total_loss mean_main_loss mean_smoothness_loss mean_l2_loss
1.153002116848025600e+16 8.522684685885906219e-03 4.748030751943588257e-02 1.153002116848025600e+16
1.151917637605785600e+16 8.656236343085765839e-03 4.695599153637886047e-02 1.151917637605785600e+16
1.150848405497446400e+16 8.794985711574554443e-03 4.644836112856864929e-02 1.150848405497446400e+16
1.149668577981235200e+16 8.937953971326351166e-03 4.595374688506126404e-02 1.149668577981235200e+16
1.148525472435404800e+16 9.084784425795078278e-03 4.547187685966491699e-02 1.148525472435404800e+16
1.147370877852057600e+16 9.233306162059307098e-03 4.500191286206245422e-02 1.147370877852057600e+16
1.146202754121728000e+16 9.387711063027381897e-03 4.454324766993522644e-02 1.146202754121728000e+16
1.145034737765580800e+16 9.543490596115589142e-03 4.409692063927650452e-02 1.145034737765580800e+16
1.143852870139904000e+16 9.702502749860286713e-03 4.366618767380714417e-02 1.143852870139904000e+16
1.142659942973440000e+16 9.864855557680130005e-03 4.324713349342346191e-02 1.142659942973440000e+16
1.141461647097856000e+16 1.002924703061580658e-02 4.283521696925163269e-02 1.141461647097856000e+16
1.140301683805388800e+16 1.019735448062419891e-02 4.243056848645210266e-02 1.140301683805388800e+16
1.139035312698163200e+16 1.037135161459445953e-02 4.203329235315322876e-02 1.139035312698163200e+16
1.137806629928960000e+16 1.054793130606412888e-02 4.164410009980201721e-02 1.137806629928960000e+16
1.136571504708812800e+16 1.072814594954252243e-02 4.126395285129547119e-02 1.136571504708812800e+16
1.135324568328601600e+16 1.091131474822759628e-02 4.089515656232833862e-02 1.135324568328601600e+16
1.134069149387980800e+16 1.109761558473110199e-02 4.053583368659019470e-02 1.134069149387980800e+16
1.132805355261132800e+16 1.128680631518363953e-02 4.018751159310340881e-02 1.132805355261132800e+16
1.131529749974220800e+16 1.148009020835161209e-02 3.985014930367469788e-02 1.131529749974220800e+16
1.130247487488000000e+16 1.167652290314435959e-02 3.952257707715034485e-02 1.130247487488000000e+16
1.128948904126054400e+16 1.187872048467397690e-02 3.920374438166618347e-02 1.128948904126054400e+16
1.127645811048448000e+16 1.208430621773004532e-02 3.889497369527816772e-02 1.127645811048448000e+16
1.126338423003545600e+16 1.229317300021648407e-02 3.859424963593482971e-02 1.126338423003545600e+16
1.125019760669491200e+16 1.250639930367469788e-02 3.830147162079811096e-02 1.125019760669491200e+16
1.123691971529932800e+16 1.272367406636476517e-02 3.801780194044113159e-02 1.123691971529932800e+16
1.122358384184524800e+16 1.294253021478652954e-02 3.774157539010047913e-02 1.122358384184524800e+16
1.121017495394713600e+16 1.316535379737615585e-02 3.747325390577316284e-02 1.121017495394713600e+16
1.119663506954649600e+16 1.339373923838138580e-02 3.721335157752037048e-02 1.119663506954649600e+16
1.118306512037478400e+16 1.362540479749441147e-02 3.696049749851226807e-02 1.118306512037478400e+16
1.116938135456972800e+16 1.386096607893705368e-02 3.671548143029212952e-02 1.116938135456972800e+16
1.115557840342220800e+16 1.410189177840948105e-02 3.647709265351295471e-02 1.115557840342220800e+16
1.114164982448128000e+16 1.434801146388053894e-02 3.624537214636802673e-02 1.114164982448128000e+16
1.112766326348185600e+16 1.459792163223028183e-02 3.602064028382301331e-02 1.112766326348185600e+16
1.111358113946009600e+16 1.485177408903837204e-02 3.580421954393386841e-02 1.111358113946009600e+16
1.109934654409932800e+16 1.511139236390590668e-02 3.559634834527969360e-02 1.109934654409932800e+16
1.108517422576435200e+16 1.537269353866577148e-02 3.539559617638587952e-02 1.108517422576435200e+16
1.107085050983219200e+16 1.563972048461437225e-02 3.520193696022033691e-02 1.107085050983219200e+16
1.105646881184153600e+16 1.591068878769874573e-02 3.501412272453308105e-02 1.105646881184153600e+16
1.104194967489740800e+16 1.618688553571701050e-02 3.483209386467933655e-02 1.104194967489740800e+16
1.102730276267622400e+16 1.646810583770275116e-02 3.465710580348968506e-02 1.102730276267622400e+16
1.101253666511257600e+16 1.675571314990520477e-02 3.448763489723205566e-02 1.101253666511257600e+16
1.099766641459200000e+16 1.704849861562252045e-02 3.432378172874450684e-02 1.099766641459200000e+16
1.098328149537587200e+16 1.734378375113010406e-02 3.416587039828300476e-02 1.098328149537587200e+16
1.096785397284864000e+16 1.764431223273277283e-02 3.401459008455276489e-02 1.096785397284864000e+16
1.095278722757427200e+16 1.795074716210365295e-02 3.387072309851646423e-02 1.095278722757427200e+16
1.093770115494707200e+16 1.826041005551815033e-02 3.373244404792785645e-02 1.093770115494707200e+16
1.092250878187929600e+16 1.857526414096355438e-02 3.359892964363098145e-02 1.092250878187929600e+16
1.090730996636057600e+16 1.889449916779994965e-02 3.347027301788330078e-02 1.090730996636057600e+16
1.089188996002611200e+16 1.921938918530941010e-02 3.334629535675048828e-02 1.089188996002611200e+16
1.087654189439385600e+16 1.954733952879905701e-02 3.322780504822731018e-02 1.087654189439385600e+16
1.086106283225907200e+16 1.988163217902183533e-02 3.311336413025856018e-02 1.086106283225907200e+16
1.084556014780416000e+16 2.021916396915912628e-02 3.300282731652259827e-02 1.084556014780416000e+16
1.082993935174860800e+16 2.056430652737617493e-02 3.289654850959777832e-02 1.082993935174860800e+16
1.081413709332480000e+16 2.091683261096477509e-02 3.279485180974006653e-02 1.081413709332480000e+16
1.079847120011264000e+16 2.126983366906642914e-02 3.269634768366813660e-02 1.079847120011264000e+16
1.078270652265267200e+16 2.162920497357845306e-02 3.260242566466331482e-02 1.078270652265267200e+16
1.076680225875558400e+16 2.199511416256427765e-02 3.251254186034202576e-02 1.076680225875558400e+16
1.075079921061068800e+16 2.236745320260524750e-02 3.242493420839309692e-02 1.075079921061068800e+16
1.073484125962240000e+16 2.274338528513908386e-02 3.234005719423294067e-02 1.073484125962240000e+16
1.071884680141209600e+16 2.312190271914005280e-02 3.225756436586380005e-02 1.071884680141209600e+16
1.070277288630681600e+16 2.350580319762229919e-02 3.217747434973716736e-02 1.070277288630681600e+16
1.068658408082636800e+16 2.389653772115707397e-02 3.209982439875602722e-02 1.068658408082636800e+16
1.067035339941478400e+16 2.429104782640933990e-02 3.202448040246963501e-02 1.067035339941478400e+16
1.065410768561766400e+16 2.468961104750633240e-02 3.195191174745559692e-02 1.065410768561766400e+16
1.063779325234380800e+16 2.509466558694839478e-02 3.188193589448928833e-02 1.063779325234380800e+16
1.062154216983756800e+16 2.550249546766281128e-02 3.181365504860877991e-02 1.062154216983756800e+16
1.060511499367219200e+16 2.591982483863830566e-02 3.174698725342750549e-02 1.060511499367219200e+16
1.058873184092160000e+16 2.633991092443466187e-02 3.168153762817382812e-02 1.058873184092160000e+16
1.057225312514867200e+16 2.676794305443763733e-02 3.161764517426490784e-02 1.057225312514867200e+16
1.055574327086284800e+16 2.720196358859539032e-02 3.155698254704475403e-02 1.055574327086284800e+16
1.053912711613644800e+16 2.764400467276573181e-02 3.149757534265518188e-02 1.053912711613644800e+16
1.052255068985753600e+16 2.808960713446140289e-02 3.144121542572975159e-02 1.052255068985753600e+16
1.050595386248396800e+16 2.854054234921932220e-02 3.138695284724235535e-02 1.050595386248396800e+16
1.048925073466982400e+16 2.899878658354282379e-02 3.133402392268180847e-02 1.048925073466982400e+16
1.047254545937203200e+16 2.946458384394645691e-02 3.128254786133766174e-02 1.047254545937203200e+16
1.045578864446668800e+16 2.993677742779254913e-02 3.123235516250133514e-02 1.045578864446668800e+16
1.043899854356480000e+16 3.041671775281429291e-02 3.118327446281909943e-02 1.043899854356480000e+16
1.042229648949248000e+16 3.090175427496433258e-02 3.113603405654430389e-02 1.042229648949248000e+16
1.040544518530662400e+16 3.139641508460044861e-02 3.109108284115791321e-02 1.040544518530662400e+16
1.038869696033587200e+16 3.189387544989585876e-02 3.104697354137897491e-02 1.038869696033587200e+16
1.037178660034969600e+16 3.240524232387542725e-02 3.100407496094703674e-02 1.037178660034969600e+16
1.035504803905536000e+16 3.291967883706092834e-02 3.096212074160575867e-02 1.035504803905536000e+16
1.033825364318617600e+16 3.344393894076347351e-02 3.092135861515998840e-02 1.033825364318617600e+16
1.032139160158208000e+16 3.397908434271812439e-02 3.088093549013137817e-02 1.032139160158208000e+16
1.030508361075916800e+16 3.451943024992942810e-02 3.084134310483932495e-02 1.030508361075916800e+16
1.028782535842201600e+16 3.506859764456748962e-02 3.080211952328681946e-02 1.028782535842201600e+16
1.027108464964403200e+16 3.562687709927558899e-02 3.076407127082347870e-02 1.027108464964403200e+16
1.025426770519654400e+16 3.619411960244178772e-02 3.072738833725452423e-02 1.025426770519654400e+16
1.023747867803648000e+16 3.677426278591156006e-02 3.069209866225719452e-02 1.023747867803648000e+16
1.022068642965094400e+16 3.736228123307228088e-02 3.065739013254642487e-02 1.022068642965094400e+16
1.020398759680409600e+16 3.796226531267166138e-02 3.062340430915355682e-02 1.020398759680409600e+16
1.018730594382643200e+16 3.856935724616050720e-02 3.058970719575881958e-02 1.018730594382643200e+16
1.017056630879027200e+16 3.918924927711486816e-02 3.055667132139205933e-02 1.017056630879027200e+16
1.015395015406387200e+16 3.981317952275276184e-02 3.052531555294990540e-02 1.015395015406387200e+16
1.013735654791577600e+16 4.044610634446144104e-02 3.049481660127639771e-02 1.013735654791577600e+16
1.012082844001894400e+16 4.108533635735511780e-02 3.046509996056556702e-02 1.012082844001894400e+16
1.010456876757811200e+16 4.172819107770919800e-02 3.043606504797935486e-02 1.010456876757811200e+16
1.008812441154355200e+16 4.238897189497947693e-02 3.040837496519088745e-02 1.008812441154355200e+16
1.007177024982220800e+16 4.305421933531761169e-02 3.038262575864791870e-02 1.007177024982220800e+16
1.005530764017664000e+16 4.373809695243835449e-02 3.035783581435680389e-02 1.005530764017664000e+16
1.003893307736064000e+16 4.442974179983139038e-02 3.033365122973918915e-02 1.003893307736064000e+16
1.002283231870976000e+16 4.511917009949684143e-02 3.031015954911708832e-02 1.002283231870976000e+16
1.000648889440665600e+16 4.583115130662918091e-02 3.028867021203041077e-02 1.000648889440665600e+16
9.990134732685312000e+15 4.655297100543975830e-02 3.026854246854782104e-02 9.990134732685312000e+15
9.974062965063680000e+15 4.727308824658393860e-02 3.024909086525440216e-02 9.974062965063680000e+15
9.957861274681344000e+15 4.801076278090476990e-02 3.023087047040462494e-02 9.957861274681344000e+15
9.941802391961600000e+15 4.875618219375610352e-02 3.021336346864700317e-02 9.941802391961600000e+15
9.925526613393408000e+15 4.951945692300796509e-02 3.019810467958450317e-02 9.925526613393408000e+15
9.909482763059200000e+15 5.028230324387550354e-02 3.018341958522796631e-02 9.909482763059200000e+15
9.893136117530624000e+15 5.106686800718307495e-02 3.016938269138336182e-02 9.893136117530624000e+15
9.876771218391040000e+15 5.185561999678611755e-02 3.015600889921188354e-02 9.876771218391040000e+15
9.860386991898624000e+15 5.265191942453384399e-02 3.014315664768218994e-02 9.860386991898624000e+15
9.843917939802112000e+15 5.344629660248756409e-02 3.013041801750659943e-02 9.843917939802112000e+15
9.827602432786432000e+15 5.421321094036102295e-02 3.011798672378063202e-02 9.827602432786432000e+15
9.812317717921792000e+15 5.489671230316162109e-02 3.010545857250690460e-02 9.812317717921792000e+15
9.801133623083008000e+15 5.523880198597908020e-02 3.009210526943206787e-02 9.801133623083008000e+15
9.790984615362560000e+15 5.542644485831260681e-02 3.007803857326507568e-02 9.790984615362560000e+15
9.778112598376448000e+15 5.576790496706962585e-02 3.006373345851898193e-02 9.778112598376448000e+15
9.764085235187712000e+15 5.615142360329627991e-02 3.004897572100162506e-02 9.764085235187712000e+15
9.748823068901376000e+15 5.659076198935508728e-02 3.003393113613128662e-02 9.748823068901376000e+15
9.730115265101824000e+15 5.725093558430671692e-02 3.001846373081207275e-02 9.730115265101824000e+15
9.714394611056640000e+15 5.768400058150291443e-02 3.000309690833091736e-02 9.714394611056640000e+15
9.698832870801408000e+15 5.811464786529541016e-02 2.998733334243297577e-02 9.698832870801408000e+15
9.681509120212992000e+15 5.867131054401397705e-02 2.997112460434436798e-02 9.681509120212992000e+15
9.663776273989632000e+15 5.925032496452331543e-02 2.995478175580501556e-02 9.663776273989632000e+15
9.646795047043072000e+15 5.976802855730056763e-02 2.993787825107574463e-02 9.646795047043072000e+15
9.629172796227584000e+15 6.033012270927429199e-02 2.992102317512035370e-02 9.629172796227584000e+15
9.610074150404096000e+15 6.099148839712142944e-02 2.990402281284332275e-02 9.610074150404096000e+15
9.589132963610624000e+15 6.177769228816032410e-02 2.988723479211330414e-02 9.589132963610624000e+15
9.570649571852288000e+15 6.235938891768455505e-02 2.987132966518402100e-02 9.570649571852288000e+15
9.554874156974080000e+15 6.277032941579818726e-02 2.985623292624950409e-02 9.554874156974080000e+15
9.532954791378944000e+15 6.364743411540985107e-02 2.984237484633922577e-02 9.532954791378944000e+15
9.517669002772480000e+15 6.401397287845611572e-02 2.982796728610992432e-02 9.517669002772480000e+15
9.496596819476480000e+15 6.485126912593841553e-02 2.981472015380859375e-02 9.496596819476480000e+15
9.480937368715264000e+15 6.521034240722656250e-02 2.980137616395950317e-02 9.480937368715264000e+15
9.457158282280960000e+15 6.621125340461730957e-02 2.978899888694286346e-02 9.457158282280960000e+15
9.443519613632512000e+15 6.647431105375289917e-02 2.977800555527210236e-02 9.443519613632512000e+15
9.420796015411200000e+15 6.740536540746688843e-02 2.976809442043304443e-02 9.420796015411200000e+15
9.406737513709568000e+15 6.768663227558135986e-02 2.975784614682197571e-02 9.406737513709568000e+15
9.381750467723264000e+15 6.878758221864700317e-02 2.974847517907619476e-02 9.381750467723264000e+15
9.369042733236224000e+15 6.897555291652679443e-02 2.973841875791549683e-02 9.369042733236224000e+15
9.344558198423552000e+15 7.003199309110641479e-02 2.972901798784732819e-02 9.344558198423552000e+15
9.332884477313024000e+15 7.017064094543457031e-02 2.971901185810565948e-02 9.332884477313024000e+15
9.311501982629888000e+15 7.099577784538269043e-02 2.970994636416435242e-02 9.311501982629888000e+15
9.295162853294080000e+15 7.139822095632553101e-02 2.970078401267528534e-02 9.295162853294080000e+15
9.269706582130688000e+15 7.247129082679748535e-02 2.969299070537090302e-02 9.269706582130688000e+15
9.255674923974656000e+15 7.272059470415115356e-02 2.968491613864898682e-02 9.255674923974656000e+15
9.232118102097920000e+15 7.365386188030242920e-02 2.967749536037445068e-02 9.232118102097920000e+15
9.215723138187264000e+15 7.403667271137237549e-02 2.967023663222789764e-02 9.215723138187264000e+15
9.187202407858176000e+15 7.533919811248779297e-02 2.966400794684886932e-02 9.187202407858176000e+15
9.174632112324608000e+15 7.548568397760391235e-02 2.965651452541351318e-02 9.174632112324608000e+15
9.152429278887936000e+15 7.631481438875198364e-02 2.965008281171321869e-02 9.152429278887936000e+15
9.130120145010688000e+15 7.707793265581130981e-02 2.964404411613941193e-02 9.130120145010688000e+15
9.112191877775360000e+15 7.753352820873260498e-02 2.963887713849544525e-02 9.112191877775360000e+15
9.086359796973568000e+15 7.855490595102310181e-02 2.963444031774997711e-02 9.086359796973568000e+15
9.066602947411968000e+15 7.910548150539398193e-02 2.962936647236347198e-02 9.066602947411968000e+15
9.040401499422720000e+15 8.011586964130401611e-02 2.962491288781166077e-02 9.040401499422720000e+15
9.016471015391232000e+15 8.091446012258529663e-02 2.962017804384231567e-02 9.016471015391232000e+15
8.992117477081088000e+15 8.174229413270950317e-02 2.961540408432483673e-02 8.992117477081088000e+15
8.967330683944960000e+15 8.259221166372299194e-02 2.961050346493721008e-02 8.967330683944960000e+15
8.936217403981824000e+15 8.392021059989929199e-02 2.960644662380218506e-02 8.936217403981824000e+15
8.920079601238016000e+15 8.424959331750869751e-02 2.960146218538284302e-02 8.920079601238016000e+15
8.893032581562368000e+15 8.537717163562774658e-02 2.959826402366161346e-02 8.893032581562368000e+15
8.875714736553984000e+15 8.576402068138122559e-02 2.959486655890941620e-02 8.875714736553984000e+15
8.848598997401600000e+15 8.684350550174713135e-02 2.959214709699153900e-02 8.848598997401600000e+15
8.828428220366848000e+15 8.738560974597930908e-02 2.958954125642776489e-02 8.828428220366848000e+15
8.799858634784768000e+15 8.852199465036392212e-02 2.958739921450614929e-02 8.799858634784768000e+15
8.779313121853440000e+15 8.907261490821838379e-02 2.958499081432819366e-02 8.779313121853440000e+15
8.751091965493248000e+15 9.017170965671539307e-02 2.958308719098567963e-02 8.751091965493248000e+15
8.727871761678336000e+15 9.087959676980972290e-02 2.958096377551555634e-02 8.727871761678336000e+15
8.699518535073792000e+15 9.194746613502502441e-02 2.957879751920700073e-02 8.699518535073792000e+15
8.672840345714688000e+15 9.285609424114227295e-02 2.957714349031448364e-02 8.672840345714688000e+15
8.645512005681152000e+15 9.379815310239791870e-02 2.957617118954658508e-02 8.645512005681152000e+15
8.612395660345344000e+15 9.517043828964233398e-02 2.957548387348651886e-02 8.612395660345344000e+15
8.592413861871616000e+15 9.565567225217819214e-02 2.957438491284847260e-02 8.592413861871616000e+15
8.563471687876608000e+15 9.677941352128982544e-02 2.957452461123466492e-02 8.563471687876608000e+15
8.539819302977536000e+15 9.749037772417068481e-02 2.957500144839286804e-02 8.539819302977536000e+15
8.504419645652992000e+15 9.911371767520904541e-02 2.957629971206188202e-02 8.504419645652992000e+15
8.487083010162688000e+15 9.941049665212631226e-02 2.957619167864322662e-02 8.487083010162688000e+15
8.460928806813696000e+15 1.003528237342834473e-01 2.957632765173912048e-02 8.460928806813696000e+15
8.435366772080640000e+15 1.011924967169761658e-01 2.957643754780292511e-02 8.435366772080640000e+15
8.410451666796544000e+15 1.019804850220680237e-01 2.957641147077083588e-02 8.410451666796544000e+15
8.380227981934592000e+15 1.031278893351554871e-01 2.957678027451038361e-02 8.380227981934592000e+15
8.351852206751744000e+15 1.041132509708404541e-01 2.957772277295589447e-02 8.351852206751744000e+15
8.325692097822720000e+15 1.049673631787300110e-01 2.957833930850028992e-02 8.325692097822720000e+15
8.294148247388160000e+15 1.061770394444465637e-01 2.957960404455661774e-02 8.294148247388160000e+15
8.268119671832576000e+15 1.070177108049392700e-01 2.958048693835735321e-02 8.268119671832576000e+15
8.237754789920768000e+15 1.081663221120834351e-01 2.958202548325061798e-02 8.237754789920768000e+15
8.211272021573632000e+15 1.090393215417861938e-01 2.958334237337112427e-02 8.211272021573632000e+15
8.179959562502144000e+15 1.102434396743774414e-01 2.958522550761699677e-02 8.179959562502144000e+15
8.147049912467456000e+15 1.115201264619827271e-01 2.958682738244533539e-02 8.147049912467456000e+15
8.124566295543808000e+15 1.121518090367317200e-01 2.958784997463226318e-02 8.124566295543808000e+15
8.093619982434304000e+15 1.133742406964302063e-01 2.958907186985015869e-02 8.093619982434304000e+15
8.069832842936320000e+15 1.140913888812065125e-01 2.958965301513671875e-02 8.069832842936320000e+15
8.037583007252480000e+15 1.153863221406936646e-01 2.959059737622737885e-02 8.037583007252480000e+15
8.011714419228672000e+15 1.162142679095268250e-01 2.959105744957923889e-02 8.011714419228672000e+15
7.983865314410496000e+15 1.171876713633537292e-01 2.959155291318893433e-02 7.983865314410496000e+15
7.954062536343552000e+15 1.182810440659523010e-01 2.959206327795982361e-02 7.954062536343552000e+15
7.927336028602368000e+15 1.191779449582099915e-01 2.959248609840869904e-02 7.927336028602368000e+15
7.897774305574912000e+15 1.202635839581489563e-01 2.959287911653518677e-02 7.897774305574912000e+15
7.869450606870528000e+15 1.212910637259483337e-01 2.959343977272510529e-02 7.869450606870528000e+15
7.839455092146176000e+15 1.223655641078948975e-01 2.959394268691539764e-02 7.839455092146176000e+15
7.809747340230656000e+15 1.234508901834487915e-01 2.959442324936389923e-02 7.809747340230656000e+15
7.777148001583104000e+15 1.247210055589675903e-01 2.959492430090904236e-02 7.777148001583104000e+15
7.753088131661824000e+15 1.254878491163253784e-01 2.959502860903739929e-02 7.753088131661824000e+15
7.723574190145536000e+15 1.265573650598526001e-01 2.959629707038402557e-02 7.723574190145536000e+15
7.694556854222848000e+15 1.276060491800308228e-01 2.959762327373027802e-02 7.694556854222848000e+15
7.659988809940992000e+15 1.290210634469985962e-01 2.959915809333324432e-02 7.659988809940992000e+15
7.637421441155072000e+15 1.296768635511398315e-01 2.960003353655338287e-02 7.637421441155072000e+15
7.609284036657152000e+15 1.307117491960525513e-01 2.960112318396568298e-02 7.609284036657152000e+15
7.581540158537728000e+15 1.317263394594192505e-01 2.960218116641044617e-02 7.581540158537728000e+15
7.553481137192960000e+15 1.326957941055297852e-01 2.960311621427536011e-02 7.553481137192960000e+15
7.523430861635584000e+15 1.338295936584472656e-01 2.960406243801116943e-02 7.523430861635584000e+15
7.497050635632640000e+15 1.347285360097885132e-01 2.960456535220146179e-02 7.497050635632640000e+15
7.465402632241152000e+15 1.359730511903762817e-01 2.960539050400257111e-02 7.465402632241152000e+15
7.440989501259776000e+15 1.367597728967666626e-01 2.960583381354808807e-02 7.440989501259776000e+15
7.412514941829120000e+15 1.378185451030731201e-01 2.960729412734508514e-02 7.412514941829120000e+15
7.379372826689536000e+15 1.391667425632476807e-01 2.960957027971744537e-02 7.379372826689536000e+15
7.356865587445760000e+15 1.398542672395706177e-01 2.961124107241630554e-02 7.356865587445760000e+15
7.325654596976640000e+15 1.411023139953613281e-01 2.961359918117523193e-02 7.325654596976640000e+15
7.298914130591744000e+15 1.420351862907409668e-01 2.961584366858005524e-02 7.298914130591744000e+15
7.270904501370880000e+15 1.430592536926269531e-01 2.961812727153301239e-02 7.270904501370880000e+15
7.247567796568064000e+15 1.438173204660415649e-01 2.962017245590686798e-02 7.247567796568064000e+15
7.216392239579136000e+15 1.450751125812530518e-01 2.962305769324302673e-02 7.216392239579136000e+15
7.194127129116672000e+15 1.457807570695877075e-01 2.962544746696949005e-02 7.194127129116672000e+15
7.167644897640448000e+15 1.467579603195190430e-01 2.962826937437057495e-02 7.167644897640448000e+15
7.139663722577920000e+15 1.478240340948104858e-01 2.963116578757762909e-02 7.139663722577920000e+15
7.113578238705664000e+15 1.487728059291839600e-01 2.963436581194400787e-02 7.113578238705664000e+15
7.088372149387264000e+15 1.496794670820236206e-01 2.963744103908538818e-02 7.088372149387264000e+15
7.055893069824000000e+15 1.510511636734008789e-01 2.964114397764205933e-02 7.055893069824000000e+15
7.033386367451136000e+15 1.518022269010543823e-01 2.964411675930023193e-02 7.033386367451136000e+15
7.003695258533888000e+15 1.530165076255798340e-01 2.964746020734310150e-02 7.003695258533888000e+15
6.978718949965824000e+15 1.539290845394134521e-01 2.965055964887142181e-02 6.978718949965824000e+15
6.954660153786368000e+15 1.547973155975341797e-01 2.965342067182064056e-02 6.954660153786368000e+15
6.927611523497984000e+15 1.558574587106704712e-01 2.965630590915679932e-02 6.927611523497984000e+15
6.903502261452800000e+15 1.567497700452804565e-01 2.965879254043102264e-02 6.903502261452800000e+15
6.877521467408384000e+15 1.577647328376770020e-01 2.966118045151233673e-02 6.877521467408384000e+15
6.853522263900160000e+15 1.586732864379882812e-01 2.966322004795074463e-02 6.853522263900160000e+15
6.827138816671744000e+15 1.597353368997573853e-01 2.966544404625892639e-02 6.827138816671744000e+15
6.803415027941376000e+15 1.606432199478149414e-01 2.966785617172718048e-02 6.803415027941376000e+15
6.778539114233856000e+15 1.616325974464416504e-01 2.967026643455028534e-02 6.778539114233856000e+15
6.754270938398720000e+15 1.625919789075851440e-01 2.967265807092189789e-02 6.754270938398720000e+15
6.724503056941056000e+15 1.638938486576080322e-01 2.967548556625843048e-02 6.724503056941056000e+15
6.703765881094144000e+15 1.646570712327957153e-01 2.967783994972705841e-02 6.703765881094144000e+15
6.676286143463424000e+15 1.658509820699691772e-01 2.968059480190277100e-02 6.676286143463424000e+15
6.655348714766336000e+15 1.666415482759475708e-01 2.968274615705013275e-02 6.655348714766336000e+15
6.632103278018560000e+15 1.675819307565689087e-01 2.968514896929264069e-02 6.632103278018560000e+15
6.608959846744064000e+15 1.685231328010559082e-01 2.968753315508365631e-02 6.608959846744064000e+15
6.585487850471424000e+15 1.694923490285873413e-01 2.968989312648773193e-02 6.585487850471424000e+15
6.562212885823488000e+15 1.704578995704650879e-01 2.969227731227874756e-02 6.562212885823488000e+15
6.539539753467904000e+15 1.713939458131790161e-01 2.969445288181304932e-02 6.539539753467904000e+15
6.517101770571776000e+15 1.723252087831497192e-01 2.969645708799362183e-02 6.517101770571776000e+15
6.493683461390336000e+15 1.733226329088211060e-01 2.969826757907867432e-02 6.493683461390336000e+15
6.469868404604928000e+15 1.743518710136413574e-01 2.970014885067939758e-02 6.469868404604928000e+15
6.448085404221440000e+15 1.752640753984451294e-01 2.970183826982975006e-02 6.448085404221440000e+15
6.425396165738496000e+15 1.762364953756332397e-01 2.970361895859241486e-02 6.425396165738496000e+15
6.403998638669824000e+15 1.771402359008789062e-01 2.970505505800247192e-02 6.403998638669824000e+15
6.382277378441216000e+15 1.780788451433181763e-01 2.970645017921924591e-02 6.382277378441216000e+15
6.359754569940992000e+15 1.790706068277359009e-01 2.970756776630878448e-02 6.359754569940992000e+15
6.337595223048192000e+15 1.800421327352523804e-01 2.970875240862369537e-02 6.337595223048192000e+15
6.317557053128704000e+15 1.809009164571762085e-01 2.970934659242630005e-02 6.317557053128704000e+15
6.294930628542464000e+15 1.819189935922622681e-01 2.970985136926174164e-02 6.294930628542464000e+15
6.272756786135040000e+15 1.829123049974441528e-01 2.971018850803375244e-02 6.272756786135040000e+15
6.254551493509120000e+15 1.836902499198913574e-01 2.971028536558151245e-02 6.254551493509120000e+15
6.234917587386368000e+15 1.845471113920211792e-01 2.971028536558151245e-02 6.234917587386368000e+15
6.215775991889920000e+15 1.853888332843780518e-01 2.971028536558151245e-02 6.215775991889920000e+15
6.196105041674240000e+15 1.862726807594299316e-01 2.971025742590427399e-02 6.196105041674240000e+15
6.175390414405632000e+15 1.872226297855377197e-01 2.971018850803375244e-02 6.175390414405632000e+15
6.156688516186112000e+15 1.880570650100708008e-01 2.971018292009830475e-02 6.156688516186112000e+15
6.136165551833088000e+15 1.890102624893188477e-01 2.971066534519195557e-02 6.136165551833088000e+15
6.114808290082816000e+15 1.900149285793304443e-01 2.971121855080127716e-02 6.114808290082816000e+15
6.098246359318528000e+15 1.907485872507095337e-01 2.971158735454082489e-02 6.098246359318528000e+15
6.080269236830208000e+15 1.915711909532546997e-01 2.971183322370052338e-02 6.080269236830208000e+15
6.061834700324864000e+15 1.924282610416412354e-01 2.971253916621208191e-02 6.061834700324864000e+15
6.041104503799808000e+15 1.934376209974288940e-01 2.971318177878856659e-02 6.041104503799808000e+15
6.024625251155968000e+15 1.941871643066406250e-01 2.971375919878482819e-02 6.024625251155968000e+15
6.006872003837952000e+15 1.950216293334960938e-01 2.971455827355384827e-02 6.006872003837952000e+15
5.989539663314944000e+15 1.958447396755218506e-01 2.971516549587249756e-02 5.989539663314944000e+15
5.972030692261888000e+15 1.966864168643951416e-01 2.971598692238330841e-02 5.972030692261888000e+15
5.954851896819712000e+15 1.975182741880416870e-01 2.971662580966949463e-02 5.954851896819712000e+15
5.934840570445824000e+15 1.985142976045608521e-01 2.971829473972320557e-02 5.934840570445824000e+15
5.917197381664768000e+15 1.993480175733566284e-01 2.971985563635826111e-02 5.917197381664768000e+15
5.901362910986240000e+15 2.001003772020339966e-01 2.972160838544368744e-02 5.901362910986240000e+15
5.882513910136832000e+15 2.010453045368194580e-01 2.972330152988433838e-02 5.882513910136832000e+15
5.867437501186048000e+15 2.017769515514373779e-01 2.972507290542125702e-02 5.867437501186048000e+15
5.849387901124608000e+15 2.026897817850112915e-01 2.972701750695705414e-02 5.849387901124608000e+15
5.834272300597248000e+15 2.034278512001037598e-01 2.972899936139583588e-02 5.834272300597248000e+15
5.818975774572544000e+15 2.041878998279571533e-01 2.973116934299468994e-02 5.818975774572544000e+15
5.804000297353216000e+15 2.049399465322494507e-01 2.973320893943309784e-02 5.804000297353216000e+15
5.788127708839936000e+15 2.057412117719650269e-01 2.973555773496627808e-02 5.788127708839936000e+15
5.769281929216000000e+15 2.067301124334335327e-01 2.973795123398303986e-02 5.769281929216000000e+15
5.755117127073792000e+15 2.074413597583770752e-01 2.974036522209644318e-02 5.755117127073792000e+15
5.739789462536192000e+15 2.082303315401077271e-01 2.974316850304603577e-02 5.739789462536192000e+15
5.723740780363776000e+15 2.090603262186050415e-01 2.974594570696353912e-02 5.723740780363776000e+15
5.707170796535808000e+15 2.099307626485824585e-01 2.974881231784820557e-02 5.707170796535808000e+15
5.692845469990912000e+15 2.106623500585556030e-01 2.975174225866794586e-02 5.692845469990912000e+15
5.676279781130240000e+15 2.115442752838134766e-01 2.975474856793880463e-02 5.676279781130240000e+15
5.661085797449728000e+15 2.123420536518096924e-01 2.975797466933727264e-02 5.661085797449728000e+15
5.648429065699328000e+15 2.129961103200912476e-01 2.976117841899394989e-02 5.648429065699328000e+15
5.633961468362752000e+15 2.137625366449356079e-01 2.976428531110286713e-02 5.633961468362752000e+15
5.620057585483776000e+15 2.145055085420608521e-01 2.976764924824237823e-02 5.620057585483776000e+15
5.605332826980352000e+15 2.153005748987197876e-01 2.977129258215427399e-02 5.605332826980352000e+15
5.591487463030784000e+15 2.160397171974182129e-01 2.977469749748706818e-02 5.591487463030784000e+15
5.576888332320768000e+15 2.168387919664382935e-01 2.977847866714000702e-02 5.576888332320768000e+15
5.562778291011584000e+15 2.176072895526885986e-01 2.978219091892242432e-02 5.562778291011584000e+15
5.548859375747072000e+15 2.183690667152404785e-01 2.978607453405857086e-02 5.548859375747072000e+15
5.535318417604608000e+15 2.191133201122283936e-01 2.978988923132419586e-02 5.535318417604608000e+15
5.519134443962368000e+15 2.200020849704742432e-01 2.979410625994205475e-02 5.519134443962368000e+15
5.505851720728576000e+15 2.207254022359848022e-01 2.979813516139984131e-02 5.505851720728576000e+15
5.492831527370752000e+15 2.214470952749252319e-01 2.980266511440277100e-02 5.492831527370752000e+15
5.479946625482752000e+15 2.221585661172866821e-01 2.980705536901950836e-02 5.479946625482752000e+15
5.465958453870592000e+15 2.229468226432800293e-01 2.981172502040863037e-02 5.465958453870592000e+15
5.453196495421440000e+15 2.236604243516921997e-01 2.981625497341156006e-02 5.453196495421440000e+15
5.439425756528640000e+15 2.244391888380050659e-01 2.982095070183277130e-02 5.439425756528640000e+15
5.426228395769856000e+15 2.251881659030914307e-01 2.982571534812450409e-02 5.426228395769856000e+15
5.412665425920000000e+15 2.259565889835357666e-01 2.983049117028713226e-02 5.412665425920000000e+15
5.400067213099008000e+15 2.266733348369598389e-01 2.983536012470722198e-02 5.400067213099008000e+15
5.386705032970240000e+15 2.274393141269683838e-01 2.984033524990081787e-02 5.386705032970240000e+15
5.373454521991168000e+15 2.281999289989471436e-01 2.984558418393135071e-02 5.373454521991168000e+15
5.361650341249024000e+15 2.288942486047744751e-01 2.985083125531673431e-02 5.361650341249024000e+15
5.349078971973632000e+15 2.296032905578613281e-01 2.985610440373420715e-02 5.349078971973632000e+15
5.337330625806336000e+15 2.302815765142440796e-01 2.986145205795764923e-02 5.337330625806336000e+15
5.323196425306112000e+15 2.311192750930786133e-01 2.986716292798519135e-02 5.323196425306112000e+15
5.311955422150656000e+15 2.317665964365005493e-01 2.987276017665863037e-02 5.311955422150656000e+15
5.299101121904640000e+15 2.325292378664016724e-01 2.987827360630035400e-02 5.299101121904640000e+15
5.288043191730176000e+15 2.331708371639251709e-01 2.988399006426334381e-02 5.288043191730176000e+15
5.275755290296320000e+15 2.338977009057998657e-01 2.988995239138603210e-02 5.275755290296320000e+15
5.264774669533184000e+15 2.345452457666397095e-01 2.989575639367103577e-02 5.264774669533184000e+15
5.253383342522368000e+15 2.352221608161926270e-01 2.990153990685939789e-02 5.253383342522368000e+15
5.239854195539968000e+15 2.360308766365051270e-01 2.990770526230335236e-02 5.239854195539968000e+15
5.227209811820544000e+15 2.367915213108062744e-01 2.991380169987678528e-02 5.227209811820544000e+15
5.216567419731968000e+15 2.374232709407806396e-01 2.991996705532073975e-02 5.216567419731968000e+15
5.204192008339456000e+15 2.381684780120849609e-01 2.992595732212066650e-02 5.204192008339456000e+15
5.193567869861888000e+15 2.388054281473159790e-01 2.993212267756462097e-02 5.193567869861888000e+15
5.181651483099136000e+15 2.395375818014144897e-01 2.993834950029850006e-02 5.181651483099136000e+15
5.169617521606656000e+15 2.402737736701965332e-01 2.994445152580738068e-02 5.169617521606656000e+15
5.159378856443904000e+15 2.409005463123321533e-01 2.995106391608715057e-02 5.159378856443904000e+15
5.149063418740736000e+15 2.415303587913513184e-01 2.995763719081878662e-02 5.149063418740736000e+15
5.137777855299584000e+15 2.422253638505935669e-01 2.996407076716423035e-02 5.137777855299584000e+15
5.127077481152512000e+15 2.428942620754241943e-01 2.997067384421825409e-02 5.127077481152512000e+15
5.115949220888576000e+15 2.435931712388992310e-01 2.997732348740100861e-02 5.115949220888576000e+15
5.105228445646848000e+15 2.442649751901626587e-01 2.998400479555130005e-02 5.105228445646848000e+15
5.093646529462272000e+15 2.450016885995864868e-01 2.999080158770084381e-02 5.093646529462272000e+15
5.083146945036288000e+15 2.456683367490768433e-01 2.999781630933284760e-02 5.083146945036288000e+15
5.072549113233408000e+15 2.463530749082565308e-01 3.000460937619209290e-02 5.072549113233408000e+15
5.060774460391424000e+15 2.471184730529785156e-01 3.001168556511402130e-02 5.060774460391424000e+15
5.050220115132416000e+15 2.478013485670089722e-01 3.001846373081207275e-02 5.050220115132416000e+15
5.040125868244992000e+15 2.484627068042755127e-01 3.002548404037952423e-02 5.040125868244992000e+15
5.029398113681408000e+15 2.491737008094787598e-01 3.003252483904361725e-02 5.029398113681408000e+15
5.019145489874944000e+15 2.498640120029449463e-01 3.003944456577301025e-02 5.019145489874944000e+15
5.006995564265472000e+15 2.506568729877471924e-01 3.004635311663150787e-02 5.006995564265472000e+15
4.997171363446784000e+15 2.513155043125152588e-01 3.005351126194000244e-02 4.997171363446784000e+15
4.987180195774464000e+15 2.519902884960174561e-01 3.006030060350894928e-02 4.987180195774464000e+15
4.977061789696000000e+15 2.526761293411254883e-01 3.006697446107864380e-02 4.977061789696000000e+15
4.965263514533888000e+15 2.534759342670440674e-01 3.007400967180728912e-02 4.965263514533888000e+15
4.955930550599680000e+15 2.541098296642303467e-01 3.008066676557064056e-02 4.955930550599680000e+15
4.946395186331648000e+15 2.547658085823059082e-01 3.008746355772018433e-02 4.946395186331648000e+15
4.935993312411648000e+15 2.554840147495269775e-01 3.009413927793502808e-02 4.935993312411648000e+15
4.926007513448448000e+15 2.561856806278228760e-01 3.010092303156852722e-02 4.926007513448448000e+15
4.914593637859328000e+15 2.569777667522430420e-01 3.010752983391284943e-02 4.914593637859328000e+15
4.905628967370752000e+15 2.576155364513397217e-01 3.011416643857955933e-02 4.905628967370752000e+15
4.896381902782464000e+15 2.582653462886810303e-01 3.012037090957164764e-02 4.896381902782464000e+15
4.887121416421376000e+15 2.589220702648162842e-01 3.012694045901298523e-02 4.887121416421376000e+15
4.877329427857408000e+15 2.596147954463958740e-01 3.013323992490768433e-02 4.877329427857408000e+15
4.866895341682688000e+15 2.603533864021301270e-01 3.013943880796432495e-02 4.866895341682688000e+15
4.857442118664192000e+15 2.610302269458770752e-01 3.014561720192432404e-02 4.857442118664192000e+15
4.846862540472320000e+15 2.617615461349487305e-01 3.015184216201305389e-02 4.846862540472320000e+15
4.836160018841600000e+15 2.625215351581573486e-01 3.015815280377864838e-02 4.836160018841600000e+15
4.826458761461760000e+15 2.632183730602264404e-01 3.016460873186588287e-02 4.826458761461760000e+15
4.816632413159424000e+15 2.639367580413818359e-01 3.017094917595386505e-02 4.816632413159424000e+15
4.807824508977152000e+15 2.645864486694335938e-01 3.017745912075042725e-02 4.807824508977152000e+15
4.798024467349504000e+15 2.653100192546844482e-01 3.018390201032161713e-02 4.798024467349504000e+15
4.789390509342720000e+15 2.659576833248138428e-01 3.019002638757228851e-02 4.789390509342720000e+15
4.780396847824896000e+15 2.666351497173309326e-01 3.019665926694869995e-02 4.780396847824896000e+15
4.772141383811072000e+15 2.672640979290008545e-01 3.020283021032810211e-02 4.772141383811072000e+15
4.762075054211072000e+15 2.680194675922393799e-01 3.020905703306198120e-02 4.762075054211072000e+15
4.753473845329920000e+15 2.686853706836700439e-01 3.021570481359958649e-02 4.753473845329920000e+15
4.743917006225408000e+15 2.694033682346343994e-01 3.022183105349540710e-02 4.743917006225408000e+15
4.734551293165568000e+15 2.701205611228942871e-01 3.022860735654830933e-02 4.734551293165568000e+15
4.725687017537536000e+15 2.707968652248382568e-01 3.023526258766651154e-02 4.725687017537536000e+15
4.716635373961216000e+15 2.715031802654266357e-01 3.024196811020374298e-02 4.716635373961216000e+15
4.707808679297024000e+15 2.721887826919555664e-01 3.024876862764358521e-02 4.707808679297024000e+15
4.699116739231744000e+15 2.728703916072845459e-01 3.025534935295581818e-02 4.699116739231744000e+15
4.689203417841664000e+15 2.736398279666900635e-01 3.026281483471393585e-02 4.689203417841664000e+15
4.681716752973824000e+15 2.742422819137573242e-01 3.026962466537952423e-02 4.681716752973824000e+15
4.673005485555712000e+15 2.749467790126800537e-01 3.027711994946002960e-02 4.673005485555712000e+15
4.664437562671104000e+15 2.756321132183074951e-01 3.028392791748046875e-02 4.664437562671104000e+15
4.655740253896704000e+15 2.763339877128601074e-01 3.029120713472366333e-02 4.655740253896704000e+15
4.647359162089472000e+15 2.770106494426727295e-01 3.029868379235267639e-02 4.647359162089472000e+15
4.639339921276928000e+15 2.776685059070587158e-01 3.030630759894847870e-02 4.639339921276928000e+15
4.630337132953600000e+15 2.783935964107513428e-01 3.031351789832115173e-02 4.630337132953600000e+15
4.621611906891776000e+15 2.791039347648620605e-01 3.032124973833560944e-02 4.621611906891776000e+15
4.613869691469824000e+15 2.797516584396362305e-01 3.032888285815715790e-02 4.613869691469824000e+15
4.606160225173504000e+15 2.803972959518432617e-01 3.033685497939586639e-02 4.606160225173504000e+15
4.597350173507584000e+15 2.811212539672851562e-01 3.034449182450771332e-02 4.597350173507584000e+15
4.589118868684800000e+15 2.818059325218200684e-01 3.035270050168037415e-02 4.589118868684800000e+15
4.580099974234112000e+15 2.825440764427185059e-01 3.036059252917766571e-02 4.580099974234112000e+15
4.571437025198080000e+15 2.832684814929962158e-01 3.036877885460853577e-02 4.571437025198080000e+15
4.563517105504256000e+15 2.839381098747253418e-01 3.037693724036216736e-02 4.563517105504256000e+15
4.554923949686784000e+15 2.846643030643463135e-01 3.038536757230758667e-02 4.554923949686784000e+15
4.547281055383552000e+15 2.853175103664398193e-01 3.039323166012763977e-02 4.547281055383552000e+15
4.539461530550272000e+15 2.859914004802703857e-01 3.040167503058910370e-02 4.539461530550272000e+15
4.531384307679232000e+15 2.866781353950500488e-01 3.041015751659870148e-02 4.531384307679232000e+15
4.523398889734144000e+15 2.873626053333282471e-01 3.041874058544635773e-02 4.523398889734144000e+15
4.516038926401536000e+15 2.879963219165802002e-01 3.042732365429401398e-02 4.516038926401536000e+15
4.507596631310336000e+15 2.887198626995086670e-01 3.043566271662712097e-02 4.507596631310336000e+15
4.500135199375360000e+15 2.893763184547424316e-01 3.044459037482738495e-02 4.500135199375360000e+15
4.490540510871552000e+15 2.901771366596221924e-01 3.045323677361011505e-02 4.490540510871552000e+15
4.483166052024320000e+15 2.908116579055786133e-01 3.046216443181037903e-02 4.483166052024320000e+15
4.475487455805440000e+15 2.914729118347167969e-01 3.047097474336624146e-02 4.475487455805440000e+15
4.468338751176704000e+15 2.921127676963806152e-01 3.047990053892135620e-02 4.468338751176704000e+15
4.460831953649664000e+15 2.927650809288024902e-01 3.048885986208915710e-02 4.460831953649664000e+15
4.453455078883328000e+15 2.934141457080841064e-01 3.049768321216106415e-02 4.453455078883328000e+15
4.446057266151424000e+15 2.940575182437896729e-01 3.050711564719676971e-02 4.446057266151424000e+15
4.438440678522880000e+15 2.947221994400024414e-01 3.051615506410598755e-02 4.438440678522880000e+15
4.430818185314304000e+15 2.953957021236419678e-01 3.052555210888385773e-02 4.430818185314304000e+15
4.423493118590976000e+15 2.960360944271087646e-01 3.053471259772777557e-02 4.423493118590976000e+15
4.416135571177472000e+15 2.966829240322113037e-01 3.054380603134632111e-02 4.416135571177472000e+15
4.408918147072000000e+15 2.973259985446929932e-01 3.055289015173912048e-02 4.408918147072000000e+15
4.401687569629184000e+15 2.979627251625061035e-01 3.056275099515914917e-02 4.401687569629184000e+15
4.394268282060800000e+15 2.986161112785339355e-01 3.057194314897060394e-02 4.394268282060800000e+15
4.385595400912896000e+15 2.993645966053009033e-01 3.058157302439212799e-02 4.385595400912896000e+15
4.379344612884480000e+15 2.999299764633178711e-01 3.059101291000843048e-02 4.379344612884480000e+15
4.373060270424064000e+15 3.005019724369049072e-01 3.060051612555980682e-02 4.373060270424064000e+15
4.366437699289088000e+15 3.011005520820617676e-01 3.061008639633655548e-02 4.366437699289088000e+15
4.359543203037184000e+15 3.017204403877258301e-01 3.061996772885322571e-02 4.359543203037184000e+15
4.352537037635584000e+15 3.023479580879211426e-01 3.062963299453258514e-02 4.352537037635584000e+15
4.345782664691712000e+15 3.029583096504211426e-01 3.063927777111530304e-02 4.345782664691712000e+15
4.339116070141952000e+15 3.035596609115600586e-01 3.064915910363197327e-02 4.339116070141952000e+15
4.331533573816320000e+15 3.042373657226562500e-01 3.065907582640647888e-02 4.331533573816320000e+15
4.325226682777600000e+15 3.048097193241119385e-01 3.066886775195598602e-02 4.325226682777600000e+15
4.318719270453248000e+15 3.054080009460449219e-01 3.067874722182750702e-02 4.318719270453248000e+15
4.311755249418240000e+15 3.060261607170104980e-01 3.068877011537551880e-02 4.311755249418240000e+15
4.305465269813248000e+15 3.066156208515167236e-01 3.069877438247203827e-02 4.305465269813248000e+15
4.298666873454592000e+15 3.072171509265899658e-01 3.070878237485885620e-02 4.298666873454592000e+15
4.292409106104320000e+15 3.077955543994903564e-01 3.071880154311656952e-02 4.292409106104320000e+15
4.286604994674688000e+15 3.083300888538360596e-01 3.072882257401943207e-02 4.286604994674688000e+15
4.280116641267712000e+15 3.089302778244018555e-01 3.073893114924430847e-02 4.280116641267712000e+15
4.273612718604288000e+15 3.095209598541259766e-01 3.074932284653186798e-02 4.273612718604288000e+15
4.267338576691200000e+15 3.100942969322204590e-01 3.075930289924144745e-02 4.267338576691200000e+15
4.260549844008960000e+15 3.107172250747680664e-01 3.076972626149654388e-02 4.260549844008960000e+15
4.252745888432128000e+15 3.114075958728790283e-01 3.077984414994716644e-02 4.252745888432128000e+15
4.247234103214080000e+15 3.119186758995056152e-01 3.078996017575263977e-02 4.247234103214080000e+15
4.242015986384896000e+15 3.124103844165802002e-01 3.080031648278236389e-02 4.242015986384896000e+15
4.235536222912512000e+15 3.130013644695281982e-01 3.081035800278186798e-02 4.235536222912512000e+15
4.227835614986240000e+15 3.136892616748809814e-01 3.082074038684368134e-02 4.227835614986240000e+15
4.223013440454656000e+15 3.141566812992095947e-01 3.083075396716594696e-02 4.223013440454656000e+15
4.217174163980288000e+15 3.146928548812866211e-01 3.084087930619716644e-02 4.217174163980288000e+15
4.210814391156736000e+15 3.152777552604675293e-01 3.085101395845413208e-02 4.210814391156736000e+15
4.205417496313856000e+15 3.157868981361389160e-01 3.086134605109691620e-02 4.205417496313856000e+15
4.199919401304064000e+15 3.162903487682342529e-01 3.087139129638671875e-02 4.199919401304064000e+15
4.193018194165760000e+15 3.169116973876953125e-01 3.088175132870674133e-02 4.193018194165760000e+15
4.187636063272960000e+15 3.174121379852294922e-01 3.089192695915699005e-02 4.187636063272960000e+15
4.182030325645312000e+15 3.179311752319335938e-01 3.090201504528522491e-02 4.182030325645312000e+15
4.174964299137024000e+15 3.185669183731079102e-01 3.091237321496009827e-02 4.174964299137024000e+15
4.169838792540160000e+15 3.190363347530364990e-01 3.092251904308795929e-02 4.169838792540160000e+15
4.164694227025920000e+15 3.195300102233886719e-01 3.093289583921432495e-02 4.164694227025920000e+15
4.159246329446400000e+15 3.200230896472930908e-01 3.094292432069778442e-02 4.159246329446400000e+15
4.153468793126912000e+15 3.205603957176208496e-01 3.095327690243721008e-02 4.153468793126912000e+15
4.148220611526656000e+15 3.210527598857879639e-01 3.096329793334007263e-02 4.148220611526656000e+15
4.143371325014016000e+15 3.215093314647674561e-01 3.097378090023994446e-02 4.143371325014016000e+15
4.137893631098880000e+15 3.220192790031433105e-01 3.098357841372489929e-02 4.137893631098880000e+15
4.131919600025600000e+15 3.225663602352142334e-01 3.099396266043186188e-02 4.131919600025600000e+15
4.127434848862208000e+15 3.229871094226837158e-01 3.100429847836494446e-02 4.127434848862208000e+15
4.122313637232640000e+15 3.234715759754180908e-01 3.101444430649280548e-02 4.122313637232640000e+15
4.116892583198720000e+15 3.239717781543731689e-01 3.102480433881282806e-02 4.116892583198720000e+15
4.111297046118400000e+15 3.244936764240264893e-01 3.103539720177650452e-02 4.111297046118400000e+15
4.105181281124352000e+15 3.250584900379180908e-01 3.104556538164615631e-02 4.105181281124352000e+15
4.100255758942208000e+15 3.255154192447662354e-01 3.105637431144714355e-02 4.100255758942208000e+15
4.095370770513920000e+15 3.259782195091247559e-01 3.106654062867164612e-02 4.095370770513920000e+15
4.089995887378432000e+15 3.264746665954589844e-01 3.107725642621517181e-02 4.089995887378432000e+15
4.085157875154944000e+15 3.269387185573577881e-01 3.108742460608482361e-02 4.085157875154944000e+15
4.080009014673408000e+15 3.274244666099548340e-01 3.109791874885559082e-02 4.080009014673408000e+15
4.073751784194048000e+15 3.279917538166046143e-01 3.110850788652896881e-02 4.073751784194048000e+15
4.068698755170304000e+15 3.284688293933868408e-01 3.111889958381652832e-02 4.068698755170304000e+15
4.062932493139968000e+15 3.289986550807952881e-01 3.112901374697685242e-02 4.062932493139968000e+15
4.058762348331008000e+15 3.294004797935485840e-01 3.113937191665172577e-02 4.058762348331008000e+15
4.054639448162304000e+15 3.298173248767852783e-01 3.114941716194152832e-02 4.054639448162304000e+15
4.049743453880320000e+15 3.302814960479736328e-01 3.115950524806976318e-02 4.049743453880320000e+15
4.044845312114688000e+15 3.307459056377410889e-01 3.116953559219837189e-02 4.044845312114688000e+15
4.040035754049536000e+15 3.312166929244995117e-01 3.117945976555347443e-02 4.040035754049536000e+15
4.033853417062400000e+15 3.317827582359313965e-01 3.118943609297275543e-02 4.033853417062400000e+15
4.029891578167296000e+15 3.321743905544281006e-01 3.119909949600696564e-02 4.029891578167296000e+15
4.025348576509952000e+15 3.326173722743988037e-01 3.120899945497512817e-02 4.025348576509952000e+15
4.020772557291520000e+15 3.330572843551635742e-01 3.121888451278209686e-02 4.020772557291520000e+15
4.016189558751232000e+15 3.334975838661193848e-01 3.122856840491294861e-02 4.016189558751232000e+15
4.011067541815296000e+15 3.339889347553253174e-01 3.123817592859268188e-02 4.011067541815296000e+15
4.005883784724480000e+15 3.344720005989074707e-01 3.124822117388248444e-02 4.005883784724480000e+15
4.001671227113472000e+15 3.348872363567352295e-01 3.125800192356109619e-02 4.001671227113472000e+15
3.996925288251392000e+15 3.353510499000549316e-01 3.126754239201545715e-02 3.996925288251392000e+15
3.992553011544064000e+15 3.357866108417510986e-01 3.127717226743698120e-02 3.992553011544064000e+15
3.988336427401216000e+15 3.361939489841461182e-01 3.128671273589134216e-02 3.988336427401216000e+15
3.984091657535488000e+15 3.366200327873229980e-01 3.129670023918151855e-02 3.984091657535488000e+15
3.979271898923008000e+15 3.370944857597351074e-01 3.130629658699035645e-02 3.979271898923008000e+15
3.974745808699392000e+15 3.375350832939147949e-01 3.131628781557083130e-02 3.974745808699392000e+15
3.970121202663424000e+15 3.380019962787628174e-01 3.132664412260055542e-02 3.970121202663424000e+15
3.964908991414272000e+15 3.384937644004821777e-01 3.133668750524520874e-02 3.964908991414272000e+15
3.961001108045824000e+15 3.388885855674743652e-01 3.134680539369583130e-02 3.961001108045824000e+15
3.957039537586176000e+15 3.392879962921142578e-01 3.135786950588226318e-02 3.957039537586176000e+15
3.951988119175168000e+15 3.397844731807708740e-01 3.136968240141868591e-02 3.951988119175168000e+15
