NCONFIGS 1000
NJACKS 10
Bflux 1
J3J05_CORR_TAU	-0.000085568484	0.000000517485
J3J05_CORR_TAU	0.000020018707	0.000000208175
J3J05_CORR_TAU	-0.000011926544	0.000000115950
J3J05_CORR_TAU	0.000011783507	0.000000127877
J3J05_CORR_TAU	-0.000004369762	0.000000068281
J3J05_CORR_TAU	0.000007848374	0.000000072030
J3J05_CORR_TAU	-0.000001947876	0.000000034899
J3J05_CORR_TAU	0.000005993063	0.000000056016
J3J05_CORR_TAU	-0.000000901852	0.000000027611
J3J05_CORR_TAU	0.000005097225	0.000000051943
J3J05_CORR_TAU	-0.000000396821	0.000000022676
J3J05_CORR_TAU	0.000004554041	0.000000046559
J3J05_CORR_TAU	-0.000000146424	0.000000012597
J3J05_CORR_TAU	0.000004294696	0.000000029174
J3J05_CORR_TAU	-0.000000027027	0.000000007798
J3J05_CORR_TAU	0.000004131545	0.000000029983
J3J05_CORR_TAU	-0.000000000000	0.000000000000
J3J05_CORR_TAU	0.000004117802	0.000000029698
J3J05_CORR_TAU	-0.000000035931	0.000000009354
J3J05_CORR_TAU	0.000004234942	0.000000032044
J3J05_CORR_TAU	-0.000000163689	0.000000013683
J3J05_CORR_TAU	0.000004480267	0.000000043188
J3J05_CORR_TAU	-0.000000413782	0.000000030048
J3J05_CORR_TAU	0.000005019575	0.000000044129
J3J05_CORR_TAU	-0.000000927863	0.000000043761
J3J05_CORR_TAU	0.000005986218	0.000000089778
J3J05_CORR_TAU	-0.000001942784	0.000000112230
J3J05_CORR_TAU	0.000007864082	0.000000136997
J3J05_CORR_TAU	-0.000004279650	0.000000158363
J3J05_CORR_TAU	0.000011480807	0.000000232561
J3J05_CORR_TAU	-0.000011694674	0.000000554821
J3J05_CORR_TAU	0.000019297209	0.000000861841
JACK_SAMPLE_0	-0.000085889582	-0.000085650616	-0.000085228789	-0.000085606092	-0.000085589382	-0.000085650806	-0.000085425394	-0.000085712945	-0.000085489781	-0.000085441451
JACK_SAMPLE_1	0.000019976530	0.000019975407	0.000020043545	0.000020057376	0.000019898070	0.000020050977	0.000020135540	0.000020108135	0.000019954263	0.000019987227
JACK_SAMPLE_2	-0.000011942160	-0.000011908140	-0.000011876870	-0.000011952505	-0.000011905702	-0.000011942154	-0.000012014200	-0.000011911269	-0.000011936160	-0.000011876277
JACK_SAMPLE_3	0.000011720310	0.000011769138	0.000011815348	0.000011805935	0.000011692209	0.000011834709	0.000011791785	0.000011818385	0.000011795278	0.000011791977
JACK_SAMPLE_4	-0.000004377311	-0.000004372933	-0.000004343271	-0.000004365131	-0.000004360627	-0.000004369523	-0.000004421794	-0.000004383278	-0.000004371581	-0.000004332169
JACK_SAMPLE_5	0.000007822353	0.000007873493	0.000007846091	0.000007873369	0.000007795260	0.000007852835	0.000007858260	0.000007874965	0.000007835357	0.000007851759
JACK_SAMPLE_6	-0.000001947229	-0.000001931309	-0.000001942934	-0.000001940512	-0.000001931112	-0.000001943174	-0.000001963092	-0.000001959262	-0.000001964435	-0.000001955699
JACK_SAMPLE_7	0.000005971502	0.000006000698	0.000005993049	0.000006022762	0.000005958255	0.000005987838	0.000006005637	0.000006008493	0.000005976380	0.000006006018
JACK_SAMPLE_8	-0.000000906870	-0.000000889689	-0.000000894446	-0.000000918371	-0.000000895744	-0.000000887409	-0.000000907841	-0.000000908812	-0.000000904417	-0.000000904918
JACK_SAMPLE_9	0.000005074446	0.000005117283	0.000005085888	0.000005109988	0.000005079373	0.000005096668	0.000005108460	0.000005104622	0.000005072418	0.000005123108
JACK_SAMPLE_10	-0.000000396484	-0.000000387142	-0.000000401876	-0.000000408197	-0.000000390491	-0.000000385916	-0.000000404169	-0.000000405880	-0.000000391584	-0.000000396473
JACK_SAMPLE_11	0.000004555287	0.000004573593	0.000004553187	0.000004569851	0.000004529059	0.000004535782	0.000004552214	0.000004555053	0.000004538469	0.000004577910
JACK_SAMPLE_12	-0.000000144831	-0.000000141442	-0.000000144012	-0.000000152617	-0.000000146637	-0.000000145594	-0.000000150370	-0.000000153823	-0.000000141394	-0.000000143521
JACK_SAMPLE_13	0.000004299511	0.000004294542	0.000004303893	0.000004303898	0.000004295036	0.000004282478	0.000004292478	0.000004288650	0.000004276530	0.000004309939
JACK_SAMPLE_14	-0.000000028263	-0.000000024713	-0.000000023283	-0.000000030552	-0.000000027359	-0.000000024732	-0.000000026853	-0.000000032200	-0.000000026678	-0.000000025635
JACK_SAMPLE_15	0.000004134000	0.000004129298	0.000004125377	0.000004142169	0.000004127204	0.000004127790	0.000004134103	0.000004150137	0.000004110547	0.000004134830
JACK_SAMPLE_16	-0.000000000000	-0.000000000000	-0.000000000000	-0.000000000000	-0.000000000000	-0.000000000000	-0.000000000000	-0.000000000000	-0.000000000000	-0.000000000000
JACK_SAMPLE_17	0.000004123544	0.000004118939	0.000004127112	0.000004111927	0.000004105824	0.000004122226	0.000004123802	0.000004133659	0.000004099535	0.000004111450
JACK_SAMPLE_18	-0.000000042070	-0.000000037216	-0.000000039183	-0.000000032402	-0.000000031996	-0.000000036516	-0.000000037191	-0.000000032228	-0.000000036440	-0.000000034066
JACK_SAMPLE_19	0.000004238356	0.000004250997	0.000004235542	0.000004225594	0.000004225042	0.000004226913	0.000004245976	0.000004250338	0.000004219097	0.000004231565
JACK_SAMPLE_20	-0.000000173108	-0.000000161426	-0.000000165128	-0.000000157022	-0.000000160023	-0.000000167767	-0.000000162861	-0.000000160562	-0.000000168091	-0.000000160904
JACK_SAMPLE_21	0.000004462808	0.000004483365	0.000004473958	0.000004474295	0.000004469978	0.000004470692	0.000004505638	0.000004507900	0.000004471696	0.000004482340
JACK_SAMPLE_22	-0.000000413853	-0.000000401746	-0.000000409476	-0.000000423040	-0.000000404179	-0.000000430948	-0.000000422016	-0.000000420747	-0.000000397945	-0.000000413867
JACK_SAMPLE_23	0.000005014207	0.000005022495	0.000004988979	0.000005030213	0.000005014260	0.000005008444	0.000005022195	0.000005047958	0.000005017103	0.000005029892
JACK_SAMPLE_24	-0.000000920297	-0.000000937385	-0.000000941727	-0.000000909927	-0.000000909463	-0.000000932865	-0.000000923465	-0.000000954255	-0.000000911104	-0.000000938142
JACK_SAMPLE_25	0.000005936575	0.000005976363	0.000005931570	0.000005987867	0.000006011605	0.000005987253	0.000005988391	0.000006029349	0.000006012232	0.000006000971
JACK_SAMPLE_26	-0.000001856840	-0.000001949938	-0.000001948284	-0.000001916296	-0.000001960075	-0.000002006584	-0.000001942148	-0.000001971149	-0.000001920793	-0.000001955737
JACK_SAMPLE_27	0.000007859376	0.000007861773	0.000007825886	0.000007891000	0.000007891733	0.000007747973	0.000007890304	0.000007880496	0.000007922447	0.000007869835
JACK_SAMPLE_28	-0.000004178426	-0.000004320826	-0.000004221040	-0.000004305770	-0.000004346138	-0.000004237225	-0.000004349870	-0.000004287397	-0.000004258327	-0.000004291484
JACK_SAMPLE_29	0.000011545603	0.000011458078	0.000011436557	0.000011573188	0.000011437033	0.000011360680	0.000011607915	0.000011548629	0.000011405439	0.000011434945
JACK_SAMPLE_30	-0.000011471058	-0.000011919536	-0.000011572157	-0.000011754170	-0.000011747599	-0.000011496001	-0.000012004503	-0.000011891413	-0.000011569934	-0.000011520374
JACK_SAMPLE_31	0.000019768682	0.000019043374	0.000019118374	0.000019681193	0.000019079202	0.000019343944	0.000019335550	0.000019418943	0.000018768573	0.000019414252
