0.0	0.032812927287317044
0.01002	0.026921211470128333
0.02004	0.02148097031411534
0.03006	0.017079387736190627
0.04008	0.014148246655243992
0.0501	0.012880744619808343
0.06012	0.013227465594947425
0.07014	0.014939488363091284
0.08016	0.01763399071829425
0.09018	0.02086470169471686
0.1002	0.02418566409343322
0.11022	0.027201761726965916
0.12024	0.029603290854346834
0.130261	0.031184585008735898
0.140281	0.03184847867525264
0.150301	0.03159939206018059
0.160321	0.030528216122466582
0.170341	0.028792142168265335
0.180361	0.02659226022625298
0.190381	0.02415126572107671
0.200401	0.02169305847327239
0.210421	0.01942546049220642
0.220441	0.01752676606061759
0.230461	0.01613639757284793
0.240481	0.015349587345424388
0.250501	0.01521574219601217
0.260521	0.0157399694089388
0.270541	0.016887140312950563
0.280561	0.018587828931680997
0.290581	0.020745474846577516
0.300601	0.023244168541635024
0.310621	0.025956532094941382
0.320641	0.028751257669175273
0.330661	0.03149996211528334
0.340681	0.03408311124233748
0.350701	0.03639485676923467
0.360721	0.0383467090931024
0.370741	0.039870037592609535
0.380762	0.04091744618156201
0.390782	0.04146311509655574
0.400802	0.04150223098538354
0.410822	0.041049647289786814
0.420842	0.04013792702971304
0.430862	0.03881492190856937
0.440882	0.037141036736314345
0.450902	0.03518631804177937
0.460922	0.03302749185135321
0.470942	0.030745059240744887
0.480962	0.02842054054560024
0.490982	0.02613394099236901
0.501002	0.023961492750984935
0.511022	0.021973711612103302
0.521042	0.020233791092120056
0.531062	0.018796343066012453
0.541082	0.017706482195921927
0.551102	0.016999241534327577
0.561122	0.016699298723092844
0.571142	0.01682098610667312
0.581162	0.017368553703587516
0.591182	0.018336651174996606
0.601202	0.019710993511571916
0.611222	0.021469174937712044
0.621242	0.02358159631142179
0.631263	0.026012472889513943
0.641283	0.028720891551950293
0.651303	0.03166188927062789
0.661323	0.03478752761752721
0.671343	0.038047941303344004
0.681363	0.04139234200722375
0.691383	0.044769962005774336
0.701403	0.04813092525729269
0.711423	0.051427036583540704
0.721443	0.05461248236981326
0.731463	0.05764443874123455
0.741483	0.06048358544776459
0.751503	0.06309452569103968
0.761523	0.06544611385022227
0.771543	0.06751169451587977
0.781563	0.06926925743058894
0.791583	0.07070151387688255
0.801603	0.07179590076495874
0.811623	0.07254451917411227
0.821643	0.07294401441431755
0.831663	0.0729954048196044
0.841683	0.0727038664846132
0.851703	0.07207848103130399
0.861723	0.07113195326463354
0.871743	0.06988030526334067
0.881764	0.0683425530726302
0.891784	0.06654037173582929
0.901804	0.06449775393670219
0.911824	0.062240667036108206
0.921844	0.05979671278750895
0.931864	0.05719479351532834
0.941884	0.054464788046692754
0.951904	0.05163724020756573
0.961924	0.048743062234364684
0.971944	0.04581325501623265
0.981964	0.04287864667458209
0.991984	0.0399696506077093
1.002004	0.037116043780730475
1.012024	0.03434676572560913
1.022044	0.03168973843279617
1.032064	0.02917170706461985
1.042084	0.026818101200247045
1.052104	0.02465291613162058
1.062124	0.022698613567837474
1.072144	0.020976040970309643
1.082164	0.019504368630958693
1.092184	0.01830104351873489
1.102204	0.01738175885397775
1.112224	0.01676043832358876
1.122244	0.016449233820720686
1.132265	0.016458535578808515
1.142285	0.016796993569436952
1.152305	0.01747154904501206
1.162325	0.018487475128822158
1.172345	0.01984842538528483
1.182365	0.021556489340542592
1.192385	0.02361225396675821
1.202405	0.026014870191261124
1.212425	0.02876212354300599
1.222445	0.031850508102631674
1.232465	0.035275302977877204
1.242485	0.039030650582430465
1.252505	0.043109636052786
1.262525	0.04750436719376382
1.272545	0.05220605439850344
1.282565	0.057205090042550075
1.292585	0.062491126903760824
1.302605	0.06805315520986698
1.312625	0.07387957796342666
1.322645	0.0799582842394048
1.332665	0.08627672019359514
1.342685	0.09282195756048789
1.352705	0.09958075945691046
1.362725	0.10653964334284917
1.372745	0.11368494102327524
1.382766	0.12100285560462433
1.392786	0.12847951534683552
1.402806	0.13610102437665778
1.412826	0.1438535102503293
1.422846	0.1517231683738591
1.432866	0.1596963033070818
1.442886	0.16775936699352229
1.452906	0.17589899397204245
1.462926	0.18410203363832478
1.472946	0.1923555796346444
1.482966	0.20064699645516415
1.492986	0.20896394336132101
1.503006	0.21729439570782655
1.513026	0.2256266637845357
1.523046	0.23394940928301333
1.533066	0.24225165949918584
1.543086	0.25052281938508375
1.553106	0.25875268156345654
1.563126	0.2669314344190806
1.573146	0.27504966837993583
1.583166	0.28309838050021713
1.593186	0.2910689774554016
1.603206	0.2989532770574235
1.613226	0.3067435083954419
1.623246	0.31443231070480615
1.633267	0.32201273106367684
1.643287	0.32947822101337837
1.653307	0.3368226321950258
1.663327	0.3440402110912755
1.673347	0.35112559295828255
1.683367	0.3580737950290929
1.693387	0.3648802090658339
1.703407	0.3715405933341658
1.713427	0.3780510640695983
1.723447	0.384408086501429
1.733467	0.3906084654962796
1.743487	0.396649335879494
1.753507	0.4025281524890167
1.763527	0.40824268001283914
1.773547	0.41379098265765063
1.783567	0.4191714136930067
1.793587	0.42438260491210333
1.803607	0.42942345604715776
1.813627	0.43429312417441357
1.823647	0.43899101314095
1.833667	0.44351676304274645
1.843687	0.44787023978086477
1.853707	0.4520515247201458
1.863727	0.45606090447247283
1.873747	0.45989886082444387
1.883768	0.46356606082719687
1.893788	0.4670633470641629
1.903808	0.47039172811066093
1.913828	0.4735523691975097
1.923848	0.47654658308919506
1.933868	0.479375821185609
1.943888	0.4820416648549495
1.953908	0.48454581700404836
1.963928	0.48689009389116367
1.973948	0.48907641718513345
1.983968	0.49110680627373643
1.993988	0.4929833708231351
2.004008	0.49470830358938656
2.014028	0.4962838734821881
2.024048	0.49771241888028245
2.034068	0.4989963411972657
2.044088	0.500138098695929
2.054108	0.5011402005487059
2.064128	0.5020052011413022
2.074148	0.5027356946161335
2.084168	0.5033343096518031
2.094188	0.5038037044744972
2.104208	0.5041465620968698
2.114228	0.5043655857797213
2.124248	0.5044634947115417
2.134269	0.5044430199007988
2.144289	0.5043069002756844
2.154309	0.5040578789859004
2.164329	0.5036986999009602
2.174349	0.5032321042994012
2.184369	0.502660827743246
2.194389	0.5019875971320147
2.204409	0.5012151279305759
2.214429	0.5003461215651236
2.224449	0.49938326298158703
2.234469	0.4983292183608101
2.244489	0.4971866329848878
2.254509	0.49595812924909904
2.264529	0.4946463048139476
2.274549	0.4932537308918987
2.284569	0.4917829506634858
2.294589	0.4902364778175541
2.304609	0.48861679521050894
2.314629	0.48692635363954195
2.324649	0.4851675707249162
2.334669	0.4833428298965082
2.344689	0.48145447947992004
2.354709	0.4795048318775958
2.364729	0.47749616284049706
2.374749	0.47543071082601696
2.38477	0.4733106764379371
2.39479	0.47113822194435384
2.40481	0.46891547086962904
2.41483	0.46664450765654325
2.42485	0.4643273773949548
2.43487	0.4619660856133898
2.44489	0.45956259813011396
2.45491	0.4571188409603537
2.46493	0.45463670027645897
2.47495	0.4521180224179121
2.48497	0.4495646139482067
2.49499	0.4469782417557346
2.50501	0.44436063319592634
2.51503	0.44171347627200497
2.52505	0.43903841985181513
2.53507	0.43633707391829846
2.54509	0.43361100985128304
2.55511	0.4308617607383575
2.56513	0.4280908217126956
2.57515	0.4252996503157913
2.58517	0.42248966688315526
2.59519	0.41966225495111115
2.60521	0.41681876168292054
2.61523	0.4139604983125412
2.625251	0.41108874060441103
2.635271	0.40820472932772306
2.645291	0.40530967074373614
2.655311	0.40240473710473434
2.665331	0.39949106716332256
2.675351	0.3965697666908104
2.685371	0.39364190900350515
2.695391	0.3907085354957924
2.705411	0.38777065617894857
2.715431	0.3848292502246864
2.725451	0.38188526651248694
2.735471	0.3789396241798311
2.745491	0.3759932131744905
2.755511	0.3730468948080908
2.765531	0.3701015023102041
2.775551	0.36715784138227725
2.785571	0.3642166907507411
2.795591	0.3612788027186938
2.805611	0.3583449037155846
2.815631	0.3554156948443668
2.825651	0.35249185242562603
2.835671	0.3495740285382192
2.845691	0.34666285155599935
2.855711	0.34375892668022817
2.865731	0.3408628364673123
2.875752	0.3379751413515235
2.885772	0.33509638016239524
2.895792	0.33222707063650964
2.905812	0.32936770992341824
2.915832	0.3265187750854582
2.925852	0.32368072359125155
2.935872	0.32085399380269686
2.945892	0.31803900545527847
2.955912	0.31523616013154176
2.965932	0.3124458417275988
2.975952	0.309668416912547
2.985972	0.3069042355806964
2.995992	0.3041536312965217
3.006012	0.3014169217322628
3.016032	0.2986944090981187
3.026052	0.2959863805649841
3.036072	0.293293108679697
3.046092	0.2906148517727731
3.056112	0.28795185435861315
3.066132	0.2853043475281822
3.076152	0.28267254933416447
3.086172	0.28005666516861144
3.096192	0.2774568881331038
3.106212	0.274873399401459
3.116232	0.2723063685750204
3.126253	0.2697559540305747
3.136273	0.2672223032609442
3.146293	0.2647055532083111
3.156313	0.262205830590335
3.166333	0.25972325221912784
3.176353	0.25725792531315633
3.186373	0.25480994780214516
3.196393	0.2523794086250604
3.206413	0.2499663880212505
3.216433	0.24757095781483063
3.226453	0.245193181692397
3.236473	0.24283311547415828
3.246493	0.24049080737857642
3.256513	0.2381662982806087
3.266533	0.23585962196364693
3.276553	0.23357080536524796
3.286573	0.23129986881675393
3.296593	0.2290468262768997
3.306613	0.2268116855595077
3.316633	0.22459444855536853
3.326653	0.22239511144840796
3.336673	0.22021366492624214
3.346693	0.21805009438522008
3.356713	0.2159043801300554
3.366733	0.21377649756814776
3.376754	0.21166641739869554
3.386774	0.2095741057966987
3.396794	0.2074995245919531
3.406814	0.20544263144313513
3.416834	0.20340338000707664
3.426854	0.20138172010332722
3.436874	0.1993775978741019
3.446894	0.1973909559397123
3.456914	0.19542173354957532
3.466934	0.1934698667288959
3.476954	0.19153528842111686
3.486974	0.1896179286262304
3.496994	0.18771771453504152
3.507014	0.1858345706594757
3.517034	0.18396841895901933
3.527054	0.18211917896338342
3.537074	0.18028676789147563
3.547094	0.17847110076676834
3.557114	0.1766720905291477
3.567134	0.17488964814332644
3.577154	0.1731236827039034
3.587174	0.17137410153715055
3.597194	0.1696408102996078
3.607214	0.16792371307356338
3.617234	0.166222712459497
3.627255	0.1645377096655615
3.637275	0.16286860459417846
3.647295	0.16121529592581887
3.657315	0.1595776812000419
3.667335	0.15795565689386262
3.677355	0.15634911849751623
3.687375	0.15475796058768768
3.697395	0.15318207689827246
3.707415	0.1516213603887346
3.717435	0.1500757033101242
3.727455	0.14854499726881826
3.737475	0.14702913328804507
3.747495	0.14552800186725315
3.757515	0.1440414930393823
3.767535	0.14256949642609448
3.777555	0.14111190129102139
3.787575	0.13966859659108272
3.797595	0.1382394710259292
3.807615	0.13682441308556303
3.817635	0.13542331109618733
3.827655	0.13403605326433402
3.837675	0.1326625277193199
3.847695	0.1313026225540783
3.857715	0.1299562258644139
3.867735	0.12862322578672555
3.877756	0.12730351053424166
3.887776	0.12599696843181324
3.897796	0.12470348794930486
3.907816	0.12342295773362685
3.917836	0.12215526663944805
3.927856	0.12090030375862967
3.937876	0.11965795844841759
3.947896	0.11842812035843162
3.957916	0.11721067945648758
3.967936	0.11600552605328887
3.977956	0.11481255082602122
3.987976	0.11363164484088507
3.997996	0.11246269957459902
4.008016	0.11130560693490564
4.018036	0.11016025928011151
4.028056	0.1090265494376924
4.038076	0.1079043707219923
4.048096	0.1067936169510463
4.058116	0.10569418246255478
4.068136	0.10460596212903683
4.078156	0.10352885137218887
4.088176	0.1024627461764759
4.098196	0.10140754310197876
4.108216	0.10036313929652348
4.118236	0.09932943250711576
4.128257	0.09830632109070454
4.138277	0.09729370402429656
4.148297	0.0962914809144445
4.158317	0.0952995520061294
4.168337	0.09431781819105932
4.178357	0.09334618101540292
4.188377	0.09238454268697863
4.198397	0.09143280608191821
4.208417	0.09049087475082314
4.218437	0.08955865292443187
4.228457	0.08863604551881517
4.238477	0.08772295814011745
4.248497	0.0868192970888591
4.258517	0.08592496936381702
4.268537	0.08503988266549833
4.278557	0.08416394539922244
4.288577	0.08329706667782619
4.298597	0.08243915632400584
4.308617	0.08159012487231063
4.318637	0.08074988357079996
4.328657	0.07991834438237819
4.338677	0.07909541998581911
4.348697	0.07828102377649239
4.358717	0.0774750698668039
4.368737	0.0766774730863612
4.378758	0.07588814898187506
4.388778	0.07510701381680882
4.398798	0.07433398457078434
4.408818	0.07356897893875619
4.418838	0.07281191532996274
4.428858	0.07206271286666446
4.438878	0.07132129138267795
4.448898	0.07058757142171476
4.458918	0.06986147423553418
4.468938	0.06914292178191729
4.478958	0.068431836722471
4.488978	0.06772814242026985
4.498998	0.06703176293734289
4.509018	0.06634262303201308
4.519038	0.06566064815609589
4.529058	0.06498576445196494
4.539078	0.06431789874948991
4.549098	0.06365697856285402
4.559118	0.06300293208725698
4.569138	0.06235568819550942
4.579158	0.06171517643452445
4.589178	0.06108132702171195
4.599198	0.06045407084128088
4.609218	0.05983333944045526
4.619238	0.05921906502560806
4.629259	0.058611180458318375
4.639279	0.05800961925135644
4.649299	0.057414315564600915
4.659319	0.056825204200892876
4.669339	0.05624222060183035
4.679359	0.055665300843508306
4.689379	0.05509438163220681
4.699399	0.05452940030003204
4.709419	0.05397029480051328
4.719439	0.05341700370415964
4.729459	0.0528694661939797
4.739479	0.052327622060967145
4.749499	0.05179141169955625
4.759519	0.05126077610304903
4.769539	0.050735656859018
4.779559	0.05021599614468669
4.789579	0.04970173672229083
4.799599	0.0491928219344227
4.809619	0.04868919569936116
4.819639	0.04819080250638944
4.829659	0.04769758741110364
4.839679	0.04720949603071319
4.849699	0.046726474539336135
4.859719	0.04624846966329083
4.869739	0.045775428676386155
4.87976	0.04530729939521201
4.88978	0.04484403017443171
4.8998	0.04438556990207854
4.90982	0.0439318679948572
4.91984	0.043482874393452525
4.92986	0.043038539557846395
4.93988	0.04259881446264456
4.9499	0.04216365059241462
4.95992	0.041732999937036344
4.96994	0.041306814987065926
4.97996	0.04088504872911485
4.98998	0.040467654641244855
5.0	0.04005458668837989
