# Omega Rho_mean Rho_error Rho_sample_0 Rho_sample_1 Rho_sample_2 Rho_sample_3 Rho_sample_4 Rho_sample_5 Rho_sample_6 Rho_sample_7 Rho_sample_8 Rho_sample_9
0.000000000000000000e+00 nan nan nan nan 0.000000000000000000e+00 nan nan nan 0.000000000000000000e+00 nan nan nan
4.008016032064127925e-03 nan nan nan nan 2.419409181393481767e-01 nan nan nan 2.500006656450636244e-01 nan nan nan
8.016032064128255849e-03 nan nan nan nan 4.269655990581311955e-01 nan nan nan 4.394548824791318364e-01 nan nan nan
1.202404809619238291e-02 nan nan nan nan 4.809870820943026870e-01 nan nan nan 4.930478517265340366e-01 nan nan nan
1.603206412825651170e-02 nan nan nan nan 4.763257260894863121e-01 nan nan nan 4.862739269726524816e-01 nan nan nan
2.004008016032064049e-02 nan nan nan nan 4.537883657797555648e-01 nan nan nan 4.613929390569090350e-01 nan nan nan
2.404809619238476581e-02 nan nan nan nan 4.302249440604291042e-01 nan nan nan 4.357101102525959835e-01 nan nan nan
2.805611222444889460e-02 nan nan nan nan 4.116378384957893877e-01 nan nan nan 4.153020034697351148e-01 nan nan nan
3.206412825651302340e-02 nan nan nan nan 3.997262566105500570e-01 nan nan nan 4.018223247376995766e-01 nan nan nan
3.607214428857714872e-02 nan nan nan nan 3.946432259295855061e-01 nan nan nan 3.953528148456712521e-01 nan nan nan
4.008016032064128098e-02 nan nan nan nan 3.960872699633837257e-01 nan nan nan 3.955246048877582576e-01 nan nan nan
4.408817635270540630e-02 nan nan nan nan 4.037116265418470573e-01 nan nan nan 4.019346100224792107e-01 nan nan nan
4.809619238476953162e-02 nan nan nan nan 4.172613781754551110e-01 nan nan nan 4.142827407347724478e-01 nan nan nan
5.210420841683366389e-02 nan nan nan nan 4.366046075068016896e-01 nan nan nan 4.324014449397043380e-01 nan nan nan
5.611222444889778921e-02 nan nan nan nan 4.617238320695722376e-01 nan nan nan 4.562455905721643501e-01 nan nan nan
6.012024048096192147e-02 nan nan nan nan 4.926935887709714690e-01 nan nan nan 4.858690288047423644e-01 nan nan nan
6.412825651302604679e-02 nan nan nan nan 5.296538110627444507e-01 nan nan nan 5.213975170604959741e-01 nan nan nan
6.813627254509017905e-02 nan nan nan nan 5.727822533923289106e-01 nan nan nan 5.630011574334998770e-01 nan nan nan
7.214428857715429744e-02 nan nan nan nan 6.222668655236963664e-01 nan nan nan 6.108671170452127930e-01 nan nan nan
7.615230460921842970e-02 nan nan nan nan 6.782783299053581905e-01 nan nan nan 6.651726986781090201e-01 nan nan nan
8.016032064128256196e-02 nan nan nan nan 7.409429622930649995e-01 nan nan nan 7.260588148874079772e-01 nan nan nan
8.416833667334668034e-02 nan nan nan nan 8.103164178198034584e-01 nan nan nan 7.936041611443642729e-01 nan nan nan
8.817635270541081260e-02 nan nan nan nan 8.863589503645212808e-01 nan nan nan 8.678006941254052808e-01 nan nan nan
9.218436873747494487e-02 nan nan nan nan 9.689132452610303980e-01 nan nan nan 9.485313064001360539e-01 nan nan nan
9.619238476953906325e-02 nan nan nan nan 1.057686027325219991e+00 nan nan nan 1.035550794642564609e+00 nan nan nan
1.002004008016031955e-01 nan nan nan nan 1.152234702184613546e+00 nan nan nan 1.128471310720213117e+00 nan nan nan
1.042084168336673278e-01 nan nan nan nan 1.251960199548171948e+00 nan nan nan 1.226753443272416089e+00 nan nan nan
1.082164328657314600e-01 nan nan nan nan 1.356106949449900734e+00 nan nan nan 1.329703895513858258e+00 nan nan nan
1.122244488977955784e-01 nan nan nan nan 1.463770551314756974e+00 nan nan nan 1.436480412335833901e+00 nan nan nan
1.162324649298597107e-01 nan nan nan nan 1.573913222731477157e+00 nan nan nan 1.546104191462931210e+00 nan nan nan
1.202404809619238429e-01 nan nan nan nan 1.685386586118106766e+00 nan nan nan 1.657479528453100537e+00 nan nan nan
1.242484969939879613e-01 nan nan nan nan 1.796960822020625903e+00 nan nan nan 1.769419942519375288e+00 nan nan nan
1.282565130260520936e-01 nan nan nan nan 1.907358744458021338e+00 nan nan nan 1.880679562079333289e+00 nan nan nan
1.322645290581162258e-01 nan nan nan nan 2.015292987685674220e+00 nan nan nan 1.989988165216442617e+00 nan nan nan
1.362725450901803581e-01 nan nan nan nan 2.119504273533244554e+00 nan nan nan 2.096088010914111344e+00 nan nan nan
1.402805611222444904e-01 nan nan nan nan 2.218798675154493250e+00 nan nan nan 2.197770487426439878e+00 nan nan nan
1.442885771543085949e-01 nan nan nan nan 2.312081907939057324e+00 nan nan nan 2.293910652364217206e+00 nan nan nan
1.482965931863727271e-01 nan nan nan nan 2.398388943914710136e+00 nan nan nan 2.383497935164407000e+00 nan nan nan
1.523046092184368594e-01 nan nan nan nan 2.476907629206179351e+00 nan nan nan 2.465661591237270578e+00 nan nan nan
1.563126252505009917e-01 nan nan nan nan 2.546995441797323956e+00 nan nan nan 2.539689901735280309e+00 nan nan nan
1.603206412825651239e-01 nan nan nan nan 2.608189011952912750e+00 nan nan nan 2.605042561165766823e+00 nan nan nan
1.643286573146292562e-01 nan nan nan nan 2.660206495139273208e+00 nan nan nan 2.661356144373885790e+00 nan nan nan
1.683366733466933607e-01 nan nan nan nan 2.702943299263000032e+00 nan nan nan 2.708442956768404741e+00 nan nan nan
1.723446893787574929e-01 nan nan nan nan 2.736461996994134172e+00 nan nan nan 2.746283917418748999e+00 nan nan nan
1.763527054108216252e-01 nan nan nan nan 2.760977484216831979e+00 nan nan nan 2.775016384505506473e+00 nan nan nan
1.803607214428857575e-01 nan nan nan nan 2.776838573315448588e+00 nan nan nan 2.794917998115770796e+00 nan nan nan
1.843687374749498897e-01 nan nan nan nan 2.784507241126169763e+00 nan nan nan 2.806387687949310816e+00 nan nan nan
1.883767535070140220e-01 nan nan nan nan 2.784536699640072221e+00 nan nan nan 2.809924982553487549e+00 nan nan nan
1.923847695390781265e-01 nan nan nan nan 2.777549341291203788e+00 nan nan nan 2.806108677188052347e+00 nan nan nan
1.963927855711422588e-01 nan nan nan nan 2.764215450221224835e+00 nan nan nan 2.795575787249569899e+00 nan nan nan
2.004008016032063910e-01 nan nan nan nan 2.745233386132980069e+00 nan nan nan 2.779001551939031867e+00 nan nan nan
2.044088176352705233e-01 nan nan nan nan 2.721311755907909191e+00 nan nan nan 2.757081075893218269e+00 nan nan nan
2.084168336673346555e-01 nan nan nan nan 2.693153904385326758e+00 nan nan nan 2.730513019622131221e+00 nan nan nan
2.124248496993987878e-01 nan nan nan nan 2.661444890089518456e+00 nan nan nan 2.699985584395580673e+00 nan nan nan
2.164328657314629201e-01 nan nan nan nan 2.626840970964446687e+00 nan nan nan 2.666164891735433695e+00 nan nan nan
2.204408817635270246e-01 nan nan nan nan 2.589961512576259395e+00 nan nan nan 2.629685736689279185e+00 nan nan nan
2.244488977955911568e-01 nan nan nan nan 2.551383147246770733e+00 nan nan nan 2.591144599424763495e+00 nan nan nan
2.284569138276552891e-01 nan nan nan nan 2.511635955489854410e+00 nan nan nan 2.551094730998793914e+00 nan nan nan
2.324649298597194214e-01 nan nan nan nan 2.471201407873627964e+00 nan nan nan 2.510043084329525609e+00 nan nan nan
2.364729458917835536e-01 nan nan nan nan 2.430511792102977520e+00 nan nan nan 2.468448837297861687e+00 nan nan nan
2.404809619238476859e-01 nan nan nan nan 2.389950852572783724e+00 nan nan nan 2.426723247848197484e+00 nan nan nan
2.444889779559117904e-01 nan nan nan nan 2.349855383789886787e+00 nan nan nan 2.385230587166935479e+00 nan nan nan
2.484969939879759226e-01 nan nan nan nan 2.310517541218269688e+00 nan nan nan 2.344289912854399915e+00 nan nan nan
2.525050100200400549e-01 nan nan nan nan 2.272187660076832927e+00 nan nan nan 2.304177466271459807e+00 nan nan nan
2.565130260521041872e-01 nan nan nan nan 2.235077401832223476e+00 nan nan nan 2.265129504183781339e+00 nan nan nan
2.605210420841683194e-01 nan nan nan nan 2.199363077565554825e+00 nan nan nan 2.227345402252696172e+00 nan nan nan
2.645290581162324517e-01 nan nan nan nan 2.165189025606560236e+00 nan nan nan 2.190990895156967433e+00 nan nan nan
2.685370741482965840e-01 nan nan nan nan 2.132670946828928216e+00 nan nan nan 2.156201343950709060e+00 nan nan nan
2.725450901803607162e-01 nan nan nan nan 2.101899124210237169e+00 nan nan nan 2.123084944910097249e+00 nan nan nan
2.765531062124248485e-01 nan nan nan nan 2.072941473394071643e+00 nan nan nan 2.091725815089895413e+00 nan nan nan
2.805611222444889807e-01 nan nan nan nan 2.045846388021063778e+00 nan nan nan 2.062186907951937265e+00 nan nan nan
2.845691382765530575e-01 nan nan nan nan 2.020645357632647521e+00 nan nan nan 2.034512727701466517e+00 nan nan nan
2.885771543086171897e-01 nan nan nan nan 1.997355347238991774e+00 nan nan nan 2.008731823538373540e+00 nan nan nan
2.925851703406813220e-01 nan nan nan nan 1.975980936472298666e+00 nan nan nan 1.984859055110127946e+00 nan nan nan
2.965931863727454543e-01 nan nan nan nan 1.956516222937926042e+00 nan nan nan 1.962897628316668586e+00 nan nan nan
3.006012024048095865e-01 nan nan nan nan 1.938946499264354140e+00 nan nan nan 1.942840906574588189e+00 nan nan nan
3.046092184368737188e-01 nan nan nan nan 1.923249716739866777e+00 nan nan nan 1.924674006969625983e+00 nan nan nan
3.086172344689378511e-01 nan nan nan nan 1.909397750596519838e+00 nan nan nan 1.908375193718705898e+00 nan nan nan
3.126252505010019833e-01 nan nan nan nan 1.897357483221662866e+00 nan nan nan 1.893917083260532319e+00 nan nan nan
3.166332665330661156e-01 nan nan nan nan 1.887091722047954168e+00 nan nan nan 1.881267676338046702e+00 nan nan nan
3.206412825651302478e-01 nan nan nan nan 1.878559968796232882e+00 nan nan nan 1.870391232812582682e+00 nan nan nan
3.246492985971943801e-01 nan nan nan nan 1.871719056262840741e+00 nan nan nan 1.861249004837507881e+00 nan nan nan
3.286573146292585124e-01 nan nan nan nan 1.866523668087121557e+00 nan nan nan 1.853799843536394487e+00 nan nan nan
3.326653306613226446e-01 nan nan nan nan 1.862926755996088257e+00 nan nan nan 1.848000693616579593e+00 nan nan nan
3.366733466933867214e-01 nan nan nan nan 1.860879867991478864e+00 nan nan nan 1.843806989459912948e+00 nan nan nan
3.406813627254508536e-01 nan nan nan nan 1.860333399859004810e+00 nan nan nan 1.841172965270809980e+00 nan nan nan
3.446893787575149859e-01 nan nan nan nan 1.861236781305437571e+00 nan nan nan 1.840051890849164762e+00 nan nan nan
3.486973947895791182e-01 nan nan nan nan 1.863538606976094192e+00 nan nan nan 1.840396243559872858e+00 nan nan nan
3.527054108216432504e-01 nan nan nan nan 1.867186721610091693e+00 nan nan nan 1.842157826093955508e+00 nan nan nan
3.567134268537073827e-01 nan nan nan nan 1.872128267650467581e+00 nan nan nan 1.845287838695024440e+00 nan nan nan
3.607214428857715149e-01 nan nan nan nan 1.878309702767513967e+00 nan nan nan 1.849736913663993620e+00 nan nan nan
3.647294589178356472e-01 nan nan nan nan 1.885676793952499875e+00 nan nan nan 1.855455119157163324e+00 nan nan nan
3.687374749498997795e-01 nan nan nan nan 1.894174594120654698e+00 nan nan nan 1.862391938567978578e+00 nan nan nan
3.727454909819639117e-01 nan nan nan nan 1.903747406504817441e+00 nan nan nan 1.870496231124311404e+00 nan nan nan
3.767535070140280440e-01 nan nan nan nan 1.914338741526056431e+00 nan nan nan 1.879716178737246057e+00 nan nan nan
3.807615230460921762e-01 nan nan nan nan 1.925891270291007373e+00 nan nan nan 1.889999223604935441e+00 nan nan nan
3.847695390781562530e-01 nan nan nan nan 1.938346778378864599e+00 nan nan nan 1.901292000593470588e+00 nan nan nan
3.887775551102203853e-01 nan nan nan nan 1.951646123135507338e+00 nan nan nan 1.913540267988390609e+00 nan nan nan
3.927855711422845175e-01 nan nan nan nan 1.965729197288484276e+00 nan nan nan 1.926688839816323551e+00 nan nan nan
3.967935871743486498e-01 nan nan nan nan 1.980534901320724295e+00 nan nan nan 1.940681522589230212e+00 nan nan nan
4.008016032064127820e-01 nan nan nan nan 1.996001126695388095e+00 nan nan nan 1.955461058995974000e+00 nan nan nan
4.048096192384769143e-01 nan nan nan nan 2.012064751699566667e+00 nan nan nan 1.970969080773293136e+00 nan nan nan
4.088176352705410466e-01 nan nan nan nan 2.028661651365749385e+00 nan nan nan 1.987146072706620137e+00 nan nan nan
4.128256513026051788e-01 nan nan nan nan 2.045726722642966955e+00 nan nan nan 2.003931349455362998e+00 nan nan nan
4.168336673346693111e-01 nan nan nan nan 2.063193925706341858e+00 nan nan nan 2.021263046642880923e+00 nan nan nan
4.208416833667334433e-01 nan nan nan nan 2.080996342028032853e+00 nan nan nan 2.039078127417635056e+00 nan nan nan
4.248496993987975756e-01 nan nan nan nan 2.099066249574299547e+00 nan nan nan 2.057312405454343462e+00 nan nan nan
4.288577154308617079e-01 nan nan nan nan 2.117335215240250701e+00 nan nan nan 2.075900585138652943e+00 nan nan nan
4.328657314629258401e-01 nan nan nan nan 2.135734204394312385e+00 nan nan nan 2.094776319454589864e+00 nan nan nan
4.368737474949899169e-01 nan nan nan nan 2.154193707170795058e+00 nan nan nan 2.113872285870086021e+00 nan nan nan
4.408817635270540491e-01 nan nan nan nan 2.172643880922220383e+00 nan nan nan 2.133120280298957283e+00 nan nan nan
4.448897795591181814e-01 nan nan nan nan 2.191014708034208613e+00 nan nan nan 2.152451329000081959e+00 nan nan nan
4.488977955911823137e-01 nan nan nan nan 2.209236168097654662e+00 nan nan nan 2.171795818061200478e+00 nan nan nan
4.529058116232464459e-01 nan nan nan nan 2.227238423247596355e+00 nan nan nan 2.191083639905721636e+00 nan nan nan
4.569138276553105782e-01 nan nan nan nan 2.244952015303242288e+00 nan nan nan 2.210244356058046034e+00 nan nan nan
4.609218436873747105e-01 nan nan nan nan 2.262308073181645618e+00 nan nan nan 2.229207375205888741e+00 nan nan nan
4.649298597194388427e-01 nan nan nan nan 2.279238528922082452e+00 nan nan nan 2.247902145410979102e+00 nan nan nan
4.689378757515029750e-01 nan nan nan nan 2.295676340532143200e+00 nan nan nan 2.266258359143505263e+00 nan nan nan
4.729458917835671072e-01 nan nan nan nan 2.311555719769830208e+00 nan nan nan 2.284206169649757090e+00 nan nan nan
4.769539078156312395e-01 nan nan nan nan 2.326812362894094210e+00 nan nan nan 2.301676417015609211e+00 nan nan nan
4.809619238476953718e-01 nan nan nan nan 2.341383682364647889e+00 nan nan nan 2.318600862154858167e+00 nan nan nan
4.849699398797595040e-01 nan nan nan nan 2.355209037436203801e+00 nan nan nan 2.334912426835034083e+00 nan nan nan
4.889779559118235808e-01 nan nan nan nan 2.368229961588061983e+00 nan nan nan 2.350545437762765477e+00 nan nan nan
4.929859719438877130e-01 nan nan nan nan 2.380390384745145749e+00 nan nan nan 2.365435872674837903e+00 nan nan nan
4.969939879759518453e-01 nan nan nan nan 2.391636848285935368e+00 nan nan nan 2.379521606331970851e+00 nan nan nan
5.010020040080159776e-01 nan nan nan nan 2.401918710900865506e+00 nan nan nan 2.392742654284722992e+00 nan nan nan
5.050100200400801098e-01 nan nan nan nan 2.411188343445753279e+00 nan nan nan 2.405041412280632951e+00 nan nan nan
5.090180360721442421e-01 nan nan nan nan 2.419401311047144176e+00 nan nan nan 2.416362889198153230e+00 nan nan nan
5.130260521042083743e-01 nan nan nan nan 2.426516540840597980e+00 nan nan nan 2.426654931445877406e+00 nan nan nan
5.170340681362725066e-01 nan nan nan nan 2.432496473869868669e+00 nan nan nan 2.435868436825651795e+00 nan nan nan
5.210420841683366389e-01 nan nan nan nan 2.437307199833086191e+00 nan nan nan 2.443957555961102202e+00 nan nan nan
5.250501002004007711e-01 nan nan nan nan 2.440918573540497238e+00 nan nan nan 2.450879879496143054e+00 nan nan nan
5.290581162324649034e-01 nan nan nan nan 2.443304312125521349e+00 nan nan nan 2.456596609410652832e+00 nan nan nan
5.330661322645290356e-01 nan nan nan nan 2.444442072252712261e+00 nan nan nan 2.461072712946045460e+00 nan nan nan
5.370741482965931679e-01 nan nan nan nan 2.444313506757678223e+00 nan nan nan 2.464277057808672122e+00 nan nan nan
5.410821643286573002e-01 nan nan nan nan 2.442904300359274306e+00 nan nan nan 2.466182527493532728e+00 nan nan nan
5.450901803607214324e-01 nan nan nan nan 2.440204184284513467e+00 nan nan nan 2.466766115773014079e+00 nan nan nan
5.490981963927855647e-01 nan nan nan nan 2.436206929846636449e+00 nan nan nan 2.466008999590179052e+00 nan nan nan
5.531062124248496970e-01 nan nan nan nan 2.430910321210556724e+00 nan nan nan 2.463896589811823912e+00 nan nan nan
5.571142284569138292e-01 nan nan nan nan 2.424316107767530148e+00 nan nan nan 2.460418559503245284e+00 nan nan nan
5.611222444889779615e-01 nan nan nan nan 2.416429936717586990e+00 nan nan nan 2.455568849602421722e+00 nan nan nan
5.651302605210419827e-01 nan nan nan nan 2.407261266626055551e+00 nan nan nan 2.449345652080195723e+00 nan nan nan
5.691382765531061150e-01 nan nan nan nan 2.396823262871872195e+00 nan nan nan 2.441751370879216232e+00 nan nan nan
5.731462925851702472e-01 nan nan nan nan 2.385132676045877531e+00 nan nan nan 2.432792561122357089e+00 nan nan nan
5.771543086172343795e-01 nan nan nan nan 2.372209704477836745e+00 nan nan nan 2.422479847269269904e+00 nan nan nan
5.811623246492985118e-01 nan nan nan nan 2.358077842179818084e+00 nan nan nan 2.410827821078178168e+00 nan nan nan
5.851703406813626440e-01 nan nan nan nan 2.342763713579701257e+00 nan nan nan 2.397854920389995925e+00 nan nan nan
5.891783567134267763e-01 nan nan nan nan 2.326296896491482080e+00 nan nan nan 2.383583289903741687e+00 nan nan nan
5.931863727454909085e-01 nan nan nan nan 2.308709734821944970e+00 nan nan nan 2.368038625239088368e+00 nan nan nan
5.971943887775550408e-01 nan nan nan nan 2.290037142548452476e+00 nan nan nan 2.351250001698528269e+00 nan nan nan
6.012024048096191731e-01 nan nan nan nan 2.270316400522073952e+00 nan nan nan 2.333249689234844659e+00 nan nan nan
6.052104208416833053e-01 nan nan nan nan 2.249586947652097546e+00 nan nan nan 2.314072955207117754e+00 nan nan nan
6.092184368737474376e-01 nan nan nan nan 2.227890168012513161e+00 nan nan nan 2.293757856564041298e+00 nan nan nan
6.132264529058115698e-01 nan nan nan nan 2.205269175385203173e+00 nan nan nan 2.272345023132433806e+00 nan nan nan
6.172344689378757021e-01 nan nan nan nan 2.181768596709502184e+00 nan nan nan 2.249877433707306196e+00 nan nan nan
6.212424849699398344e-01 nan nan nan nan 2.157434355855177177e+00 nan nan nan 2.226400186642709222e+00 nan nan nan
6.252505010020039666e-01 nan nan nan nan 2.132313459068753581e+00 nan nan nan 2.201960266625189178e+00 nan nan nan
6.292585170340680989e-01 nan nan nan nan 2.106453783367384869e+00 nan nan nan 2.176606309279741414e+00 nan nan nan
6.332665330661322312e-01 nan nan nan nan 2.079903869072254885e+00 nan nan nan 2.150388365211899799e+00 nan nan nan
6.372745490981963634e-01 nan nan nan nan 2.052712717581360202e+00 nan nan nan 2.123357665029076191e+00 nan nan nan
6.412825651302604957e-01 nan nan nan nan 2.024929595386103731e+00 nan nan nan 2.095566386808231929e+00 nan nan nan
6.452905811623246279e-01 nan nan nan nan 1.996603845235860319e+00 nan nan nan 2.067067427397374146e+00 nan nan nan
6.492985971943887602e-01 nan nan nan nan 1.967784705253712074e+00 nan nan nan 2.037914178841167434e+00 nan nan nan
6.533066132264528925e-01 nan nan nan nan 1.938521136700820158e+00 nan nan nan 2.008160311123683872e+00 nan nan nan
6.573146292585170247e-01 nan nan nan nan 1.908861660983988795e+00 nan nan nan 1.977859562310938291e+00 nan nan nan
6.613226452905811570e-01 nan nan nan nan 1.878854206398828719e+00 nan nan nan 1.947065537068013441e+00 nan nan nan
6.653306613226452892e-01 nan nan nan nan 1.848545964999458002e+00 nan nan nan 1.915831514408336211e+00 nan nan nan
6.693386773547093105e-01 nan nan nan nan 1.817983259888567904e+00 nan nan nan 1.884210265419487440e+00 nan nan nan
6.733466933867734427e-01 nan nan nan nan 1.787211423127426091e+00 nan nan nan 1.852253881591618967e+00 nan nan nan
6.773547094188375750e-01 nan nan nan nan 1.756274684377185480e+00 nan nan nan 1.820013614261428492e+00 nan nan nan
6.813627254509017073e-01 nan nan nan nan 1.725216070298412951e+00 nan nan nan 1.787539725572302007e+00 nan nan nan
6.853707414829658395e-01 nan nan nan nan 1.694077314655920485e+00 nan nan nan 1.754881351240144216e+00 nan nan nan
6.893787575150299718e-01 nan nan nan nan 1.662898779006859673e+00 nan nan nan 1.722086375312506634e+00 nan nan nan
6.933867735470941041e-01 nan nan nan nan 1.631719383779987265e+00 nan nan nan 1.689201317006933767e+00 nan nan nan
6.973947895791582363e-01 nan nan nan nan 1.600576549497629619e+00 nan nan nan 1.656271229621000707e+00 nan nan nan
7.014028056112223686e-01 nan nan nan nan 1.569506147836432941e+00 nan nan nan 1.623339611420521855e+00 nan nan nan
7.054108216432865008e-01 nan nan nan nan 1.538542462177654668e+00 nan nan nan 1.590448328329142402e+00 nan nan nan
7.094188376753506331e-01 nan nan nan nan 1.507718157256610958e+00 nan nan nan 1.557637548172076558e+00 nan nan nan
7.134268537074147654e-01 nan nan nan nan 1.477064257487759047e+00 nan nan nan 1.524945686157905822e+00 nan nan nan
7.174348697394788976e-01 nan nan nan nan 1.446610133513388963e+00 nan nan nan 1.492409361225415454e+00 nan nan nan
7.214428857715430299e-01 nan nan nan nan 1.416383496502693795e+00 nan nan nan 1.460063362830905209e+00 nan nan nan
7.254509018036071621e-01 nan nan nan nan 1.386410399710195751e+00 nan nan nan 1.427940627706925092e+00 nan nan nan
7.294589178356712944e-01 nan nan nan nan 1.356715246793261942e+00 nan nan nan 1.396072226087142321e+00 nan nan nan
7.334669338677354267e-01 nan nan nan nan 1.327320806380126061e+00 nan nan nan 1.364487356862989387e+00 nan nan nan
7.374749498997995589e-01 nan nan nan nan 1.298248232379627387e+00 nan nan nan 1.333213351113735845e+00 nan nan nan
7.414829659318636912e-01 nan nan nan nan 1.269517089524804243e+00 nan nan nan 1.302275683435840214e+00 nan nan nan
7.454909819639278235e-01 nan nan nan nan 1.241145383649446154e+00 nan nan nan 1.271697990486854168e+00 nan nan nan
7.494989979959919557e-01 nan nan nan nan 1.213149596205686853e+00 nan nan nan 1.241502096153263901e+00 nan nan nan
7.535070140280560880e-01 nan nan nan nan 1.185544722542822837e+00 nan nan nan 1.211708042753577352e+00 nan nan nan
7.575150300601202202e-01 nan nan nan nan 1.158344313482486454e+00 nan nan nan 1.182334127690442216e+00 nan nan nan
7.615230460921843525e-01 nan nan nan nan 1.131560519742255577e+00 nan nan nan 1.153396944976873728e+00 nan nan nan
7.655310621242484848e-01 nan nan nan nan 1.105204138778985490e+00 nan nan nan 1.124911431073240209e+00 nan nan nan
7.695390781563125060e-01 nan nan nan nan 1.079284663642402498e+00 nan nan nan 1.096890914487550051e+00 nan nan nan
7.735470941883766383e-01 nan nan nan nan 1.053810333452146475e+00 nan nan nan 1.069347168611763710e+00 nan nan nan
7.775551102204407705e-01 nan nan nan nan 1.028788185133399757e+00 nan nan nan 1.042290467287347866e+00 nan nan nan
7.815631262525049028e-01 nan nan nan nan 1.004224106068432931e+00 nan nan nan 1.015729642616769457e+00 nan nan nan
7.855711422845690350e-01 nan nan nan nan 9.801228873461381719e-01 nan nan nan 9.896721445628295921e-01 nan nan nan
7.895791583166331673e-01 nan nan nan nan 9.564882773137208805e-01 nan nan nan 9.641241019043292892e-01 nan nan nan
7.935871743486972996e-01 nan nan nan nan 9.333230351586546680e-01 nan nan nan 9.390903841427810095e-01 nan nan nan
7.975951903807614318e-01 nan nan nan nan 9.106289842719202943e-01 nan nan nan 9.145746639836789260e-01 nan nan nan
8.016032064128255641e-01 nan nan nan nan 8.884070651664148777e-01 nan nan nan 8.905794800429700508e-01 nan nan nan
8.056112224448896963e-01 nan nan nan nan 8.666573877460452824e-01 nan nan nan 8.671062994577612981e-01 nan nan nan
8.096192384769538286e-01 nan nan nan nan 8.453792827424254641e-01 nan nan nan 8.441555801077376131e-01 nan nan nan
8.136272545090179609e-01 nan nan nan nan 8.245713521572275440e-01 nan nan nan 8.217268321816495469e-01 nan nan nan
8.176352705410820931e-01 nan nan nan nan 8.042315185670640965e-01 nan nan nan 7.998186788490267984e-01 nan nan nan
8.216432865731462254e-01 nan nan nan nan 7.843570731673045193e-01 nan nan nan 7.784289158236737949e-01 nan nan nan
8.256513026052103577e-01 nan nan nan nan 7.649447224483966190e-01 nan nan nan 7.575545696306864585e-01 nan nan nan
8.296593186372744899e-01 nan nan nan nan 7.459906334153810770e-01 nan nan nan 7.371919544116201095e-01 nan nan nan
8.336673346693386222e-01 nan nan nan nan 7.274904772769343886e-01 nan nan nan 7.173367271263041411e-01 nan nan nan
8.376753507014027544e-01 nan nan nan nan 7.094394715447738253e-01 nan nan nan 6.979839410308281700e-01 nan nan nan
8.416833667334668867e-01 nan nan nan nan 6.918324204979271475e-01 nan nan nan 6.791280973312636693e-01 nan nan nan
8.456913827655310190e-01 nan nan nan nan 6.746637539789474003e-01 nan nan nan 6.607631949325296628e-01 nan nan nan
8.496993987975951512e-01 nan nan nan nan 6.579275645007220952e-01 nan nan nan 6.428827782186590234e-01 nan nan nan
8.537074148296592835e-01 nan nan nan nan 6.416176426529424104e-01 nan nan nan 6.254799828176582643e-01 nan nan nan
8.577154308617234157e-01 nan nan nan nan 6.257275108068265368e-01 nan nan nan 6.085475793193182437e-01 nan nan nan
8.617234468937875480e-01 nan nan nan nan 6.102504551254877008e-01 nan nan nan 5.920780149279063487e-01 nan nan nan
8.657314629258516803e-01 nan nan nan nan 5.951795558948652642e-01 nan nan nan 5.760634530444135315e-01 nan nan nan
8.697394789579158125e-01 nan nan nan nan 5.805077161970519928e-01 nan nan nan 5.604958107844775217e-01 nan nan nan
8.737474949899798338e-01 nan nan nan nan 5.662276889539876734e-01 nan nan nan 5.453667944484488217e-01 nan nan nan
8.777555110220439660e-01 nan nan nan nan 5.523321023744799385e-01 nan nan nan 5.306679329687825630e-01 nan nan nan
8.817635270541080983e-01 nan nan nan nan 5.388134838425637785e-01 nan nan nan 5.163906093683969800e-01 nan nan nan
8.857715430861722306e-01 nan nan nan nan 5.256642822885260191e-01 nan nan nan 5.025260902705478427e-01 nan nan nan
8.897795591182363628e-01 nan nan nan nan 5.128768890875521347e-01 nan nan nan 4.890655535066403825e-01 nan nan nan
8.937875751503004951e-01 nan nan nan nan 5.004436575335478032e-01 nan nan nan 4.760001138740163618e-01 nan nan nan
8.977955911823646273e-01 nan nan nan nan 4.883569209376799058e-01 nan nan nan 4.633208470995746620e-01 nan nan nan
9.018036072144287596e-01 nan nan nan nan 4.766090094029926116e-01 nan nan nan 4.510188120691892566e-01 nan nan nan
9.058116232464928919e-01 nan nan nan nan 4.651922653275823438e-01 nan nan nan 4.390850713851985887e-01 nan nan nan
9.098196392785570241e-01 nan nan nan nan 4.540990576895453379e-01 nan nan nan 4.275107103170439626e-01 nan nan nan
9.138276553106211564e-01 nan nan nan nan 4.433217951674665591e-01 nan nan nan 4.162868542111813897e-01 nan nan nan
9.178356713426852886e-01 nan nan nan nan 4.328529381501035056e-01 nan nan nan 4.054046844276977812e-01 nan nan nan
9.218436873747494209e-01 nan nan nan nan 4.226850096889185338e-01 nan nan nan 3.948554528717174161e-01 nan nan nan
9.258517034068135532e-01 nan nan nan nan 4.128106054465797148e-01 nan nan nan 3.846304951875577638e-01 nan nan nan
9.298597194388776854e-01 nan nan nan nan 4.032224026936265804e-01 nan nan nan 3.747212426834168331e-01 nan nan nan
9.338677354709418177e-01 nan nan nan nan 3.939131684051360160e-01 nan nan nan 3.651192330539026476e-01 nan nan nan
9.378757515030059499e-01 nan nan nan nan 3.848757665074307721e-01 nan nan nan 3.558161199664132135e-01 nan nan nan
9.418837675350700822e-01 nan nan nan nan 3.761031643243527012e-01 nan nan nan 3.468036815765620506e-01 nan nan nan
9.458917835671342145e-01 nan nan nan nan 3.675884382707877984e-01 nan nan nan 3.380738280361664794e-01 nan nan nan
9.498997995991983467e-01 nan nan nan nan 3.593247788399713261e-01 nan nan nan 3.296186080557116926e-01 nan nan nan
9.539078156312624790e-01 nan nan nan nan 3.513054949293856755e-01 nan nan nan 3.214302145815669531e-01 nan nan nan
9.579158316633266113e-01 nan nan nan nan 3.435240175486473091e-01 nan nan nan 3.135009896461050660e-01 nan nan nan
9.619238476953907435e-01 nan nan nan nan 3.359739029510549480e-01 nan nan nan 3.058234284469692477e-01 nan nan nan
9.659318637274548758e-01 nan nan nan nan 3.286488352287469938e-01 nan nan nan 2.983901827096174242e-01 nan nan nan
9.699398797595190080e-01 nan nan nan nan 3.215426284098773513e-01 nan nan nan 2.911940633850352289e-01 nan nan nan
9.739478957915831403e-01 nan nan nan nan 3.146492280944032105e-01 nan nan nan 2.842280427323591874e-01 nan nan nan
9.779559118236471615e-01 nan nan nan nan 3.079627126634130740e-01 nan nan nan 2.774852558339613307e-01 nan nan nan
9.819639278557112938e-01 nan nan nan nan 3.014772940952641922e-01 nan nan nan 2.709590015881091496e-01 nan nan nan
9.859719438877754261e-01 nan nan nan nan 2.951873184201432299e-01 nan nan nan 2.646427432223986131e-01 nan nan nan
9.899799599198395583e-01 nan nan nan nan 2.890872658429778919e-01 nan nan nan 2.585301083686458723e-01 nan nan nan
9.939879759519036906e-01 nan nan nan nan 2.831717505630767517e-01 nan nan nan 2.526148887379379149e-01 nan nan nan
9.979959919839678228e-01 nan nan nan nan 2.774355203172843565e-01 nan nan nan 2.468910394323481083e-01 nan nan nan
1.002004008016031955e+00 nan nan nan nan 2.718734556719115125e-01 nan nan nan 2.413526779276833623e-01 nan nan nan
1.006012024048096087e+00 nan nan nan nan 2.664805690872252275e-01 nan nan nan 2.359940827597026836e-01 nan nan nan
1.010020040080160220e+00 nan nan nan nan 2.612520037769072156e-01 nan nan nan 2.308096919441706141e-01 nan nan nan
1.014028056112224352e+00 nan nan nan nan 2.561830323833828582e-01 nan nan nan 2.257941011592040637e-01 nan nan nan
1.018036072144288484e+00 nan nan nan nan 2.512690554887068162e-01 nan nan nan 2.209420617166477641e-01 nan nan nan
1.022044088176352616e+00 nan nan nan nan 2.465055999793974717e-01 nan nan nan 2.162484783472867766e-01 nan nan nan
1.026052104208416749e+00 nan nan nan nan 2.418883172823267924e-01 nan nan nan 2.117084068230677407e-01 nan nan nan
1.030060120240480881e+00 nan nan nan nan 2.374129814876851374e-01 nan nan nan 2.073170514379084062e-01 nan nan nan
1.034068136272545013e+00 nan nan nan nan 2.330754873738375421e-01 nan nan nan 2.030697623670596752e-01 nan nan nan
1.038076152304609145e+00 nan nan nan nan 2.288718483479166843e-01 nan nan nan 1.989620329235678164e-01 nan nan nan
1.042084168336673278e+00 nan nan nan nan 2.247981943149343909e-01 nan nan nan 1.949894967288525183e-01 nan nan nan
1.046092184368737410e+00 nan nan nan nan 2.208507694872045568e-01 nan nan nan 1.911479248132783304e-01 nan nan nan
1.050100200400801542e+00 nan nan nan nan 2.170259301450523648e-01 nan nan nan 1.874332226611707675e-01 nan nan nan
1.054108216432865675e+00 nan nan nan nan 2.133201423588253487e-01 nan nan nan 1.838414272135459326e-01 nan nan nan
1.058116232464929807e+00 nan nan nan nan 2.097299796815095818e-01 nan nan nan 1.803687038408217647e-01 nan nan nan
1.062124248496993939e+00 nan nan nan nan 2.062521208203991763e-01 nan nan nan 1.770113432966025913e-01 nan nan nan
1.066132264529058071e+00 nan nan nan nan 2.028833472955778039e-01 nan nan nan 1.737657586625965533e-01 nan nan nan
1.070140280561122204e+00 nan nan nan nan 1.996205410923616308e-01 nan nan nan 1.706284822939928003e-01 nan nan nan
1.074148296593186336e+00 nan nan nan nan 1.964606823141131775e-01 nan nan nan 1.675961627735052251e-01 nan nan nan
1.078156312625250468e+00 nan nan nan nan 1.934008468412835025e-01 nan nan nan 1.646655618816243449e-01 nan nan nan
1.082164328657314600e+00 nan nan nan nan 1.904382040020280442e-01 nan nan nan 1.618335515898469967e-01 nan nan nan
1.086172344689378733e+00 nan nan nan nan 1.875700142591633091e-01 nan nan nan 1.590971110828675039e-01 nan nan nan
1.090180360721442865e+00 nan nan nan nan 1.847936269177564983e-01 nan nan nan 1.564533238151198102e-01 nan nan nan
1.094188376753506997e+00 nan nan nan nan 1.821064778572252241e-01 nan nan nan 1.538993746064433732e-01 nan nan nan
1.098196392785571129e+00 nan nan nan nan 1.795060872913430416e-01 nan nan nan 1.514325467810078429e-01 nan nan nan
1.102204408817635262e+00 nan nan nan nan 1.769900575592617820e-01 nan nan nan 1.490502193532537711e-01 nan nan nan
1.106212424849699394e+00 nan nan nan nan 1.745560709501358110e-01 nan nan nan 1.467498642639202544e-01 nan nan nan
1.110220440881763526e+00 nan nan nan nan 1.722018875637955360e-01 nan nan nan 1.445290436689850022e-01 nan nan nan
1.114228456913827658e+00 nan nan nan nan 1.699253432094374183e-01 nan nan nan 1.423854072837628937e-01 nan nan nan
1.118236472945891791e+00 nan nan nan nan 1.677243473441154542e-01 nan nan nan 1.403166897841820471e-01 nan nan nan
1.122244488977955923e+00 nan nan nan nan 1.655968810525461632e-01 nan nan nan 1.383207082667646248e-01 nan nan nan
1.126252505010020055e+00 nan nan nan nan 1.635409950694337311e-01 nan nan nan 1.363953597686742292e-01 nan nan nan
1.130260521042083965e+00 nan nan nan nan 1.615548078453735159e-01 nan nan nan 1.345386188487348034e-01 nan nan nan
1.134268537074148098e+00 nan nan nan nan 1.596365036571782969e-01 nan nan nan 1.327485352302654742e-01 nan nan nan
1.138276553106212230e+00 nan nan nan nan 1.577843307632505188e-01 nan nan nan 1.310232315061441166e-01 nan nan nan
1.142284569138276362e+00 nan nan nan nan 1.559965996044555547e-01 nan nan nan 1.293609009064283777e-01 nan nan nan
1.146292585170340494e+00 nan nan nan nan 1.542716810508892034e-01 nan nan nan 1.277598051286106817e-01 nan nan nan
1.150300601202404627e+00 nan nan nan nan 1.526080046946527990e-01 nan nan nan 1.262182722304572291e-01 nan nan nan
1.154308617234468759e+00 nan nan nan nan 1.510040571887246441e-01 nan nan nan 1.247346945851528360e-01 nan nan nan
1.158316633266532891e+00 nan nan nan nan 1.494583806319023378e-01 nan nan nan 1.233075268984162864e-01 nan nan nan
1.162324649298597024e+00 nan nan nan nan 1.479695709995936526e-01 nan nan nan 1.219352842870590065e-01 nan nan nan
1.166332665330661156e+00 nan nan nan nan 1.465362766203075207e-01 nan nan nan 1.206165404184318252e-01 nan nan nan
1.170340681362725288e+00 nan nan nan nan 1.451571966974022909e-01 nan nan nan 1.193499257100111982e-01 nan nan nan
1.174348697394789420e+00 nan nan nan nan 1.438310798758161146e-01 nan nan nan 1.181341255883682495e-01 nan nan nan
1.178356713426853553e+00 nan nan nan nan 1.425567228532291231e-01 nan nan nan 1.169678788066946945e-01 nan nan nan
1.182364729458917685e+00 nan nan nan nan 1.413329690351833312e-01 nan nan nan 1.158499758199198343e-01 nan nan nan
1.186372745490981817e+00 nan nan nan nan 1.401587072335959139e-01 nan nan nan 1.147792572165178271e-01 nan nan nan
1.190380761523045949e+00 nan nan nan nan 1.390328704080502908e-01 nan nan nan 1.137546122059574089e-01 nan nan nan
1.194388777555110082e+00 nan nan nan nan 1.379544344492369401e-01 nan nan nan 1.127749771607807205e-01 nan nan nan
1.198396793587174214e+00 nan nan nan nan 1.369224170038741695e-01 nan nan nan 1.118393342122295797e-01 nan nan nan
1.202404809619238346e+00 nan nan nan nan 1.359358763404137083e-01 nan nan nan 1.109467098983559774e-01 nan nan nan
1.206412825651302478e+00 nan nan nan nan 1.349939102548159409e-01 nan nan nan 1.100961738634920195e-01 nan nan nan
1.210420841683366611e+00 nan nan nan nan 1.340956550156769123e-01 nan nan nan 1.092868376079968867e-01 nan nan nan
1.214428857715430743e+00 nan nan nan nan 1.332402843479858767e-01 nan nan nan 1.085178532871343693e-01 nan nan nan
1.218436873747494875e+00 nan nan nan nan 1.324270084547087833e-01 nan nan nan 1.077884125580100827e-01 nan nan nan
1.222444889779559007e+00 nan nan nan nan 1.316550730755203791e-01 nan nan nan 1.070977454734282075e-01 nan nan nan
1.226452905811623140e+00 nan nan nan nan 1.309237585818880945e-01 nan nan nan 1.064451194215732394e-01 nan nan nan
1.230460921843687272e+00 nan nan nan nan 1.302323791077772408e-01 nan nan nan 1.058298381104533781e-01 nan nan nan
1.234468937875751404e+00 nan nan nan nan 1.295802817152170716e-01 nan nan nan 1.052512405959820652e-01 nan nan nan
1.238476953907815536e+00 nan nan nan nan 1.289668455940047032e-01 nan nan nan 1.047087003526922938e-01 nan nan nan
1.242484969939879669e+00 nan nan nan nan 1.283914812948126205e-01 nan nan nan 1.042016243860045821e-01 nan nan nan
1.246492985971943801e+00 nan nan nan nan 1.278536299949521449e-01 nan nan nan 1.037294523850400274e-01 nan nan nan
1.250501002004007933e+00 nan nan nan nan 1.273527627961163200e-01 nan nan nan 1.032916559149943958e-01 nan nan nan
1.254509018036072066e+00 nan nan nan nan 1.268883800533966988e-01 nan nan nan 1.028877376480882150e-01 nan nan nan
1.258517034068136198e+00 nan nan nan nan 1.264600107348529678e-01 nan nan nan 1.025172306321260329e-01 nan nan nan
1.262525050100200330e+00 nan nan nan nan 1.260672118110267304e-01 nan nan nan 1.021796975957830755e-01 nan nan nan
1.266533066132264462e+00 nan nan nan nan 1.257095676736927625e-01 nan nan nan 1.018747302896964302e-01 nan nan nan
1.270541082164328595e+00 nan nan nan nan 1.253866895832350947e-01 nan nan nan 1.016019488624862604e-01 nan nan nan
1.274549098196392727e+00 nan nan nan nan 1.250982151440207524e-01 nan nan nan 1.013610012708911351e-01 nan nan nan
1.278557114228456859e+00 nan nan nan nan 1.248438078071859858e-01 nan nan nan 1.011515627231887315e-01 nan nan nan
1.282565130260520991e+00 nan nan nan nan 1.246231564002149295e-01 nan nan nan 1.009733351551298230e-01 nan nan nan
1.286573146292585124e+00 nan nan nan nan 1.244359746827882612e-01 nan nan nan 1.008260467376286135e-01 nan nan nan
1.290581162324649256e+00 nan nan nan nan 1.242820009283173710e-01 nan nan nan 1.007094514154812936e-01 nan nan nan
1.294589178356713388e+00 nan nan nan nan 1.241609975306919716e-01 nan nan nan 1.006233284764462971e-01 nan nan nan
1.298597194388777520e+00 nan nan nan nan 1.240727506356472387e-01 nan nan nan 1.005674821499780575e-01 nan nan nan
1.302605210420841653e+00 nan nan nan nan 1.240170697963774715e-01 nan nan nan 1.005417412350317063e-01 nan nan nan
1.306613226452905785e+00 nan nan nan nan 1.239937876528196398e-01 nan nan nan 1.005459587562980289e-01 nan nan nan
1.310621242484969917e+00 nan nan nan nan 1.240027596342511418e-01 nan nan nan 1.005800116483104023e-01 nan nan nan
1.314629258517034049e+00 nan nan nan nan 1.240438636847171205e-01 nan nan nan 1.006438004668895186e-01 nan nan nan
1.318637274549098182e+00 nan nan nan nan 1.241170000108967747e-01 nan nan nan 1.007372491273818144e-01 nan nan nan
1.322645290581162314e+00 nan nan nan nan 1.242220908520503264e-01 nan nan nan 1.008603046692378574e-01 nan nan nan
1.326653306613226446e+00 nan nan nan nan 1.243590802716406235e-01 nan nan nan 1.010129370464535742e-01 nan nan nan
1.330661322645290578e+00 nan nan nan nan 1.245279339703050936e-01 nan nan nan 1.011951389434515569e-01 nan nan nan
1.334669338677354489e+00 nan nan nan nan 1.247286391198683675e-01 nan nan nan 1.014069256160170657e-01 nan nan nan
1.338677354709418621e+00 nan nan nan nan 1.249612042180392457e-01 nan nan nan 1.016483347568792328e-01 nan nan nan
1.342685370741482753e+00 nan nan nan nan 1.252256589635679651e-01 nan nan nan 1.019194263856245397e-01 nan nan nan
1.346693386773546885e+00 nan nan nan nan 1.255220541515616739e-01 nan nan nan 1.022202827626409738e-01 nan nan nan
1.350701402805611018e+00 nan nan nan nan 1.258504615886998634e-01 nan nan nan 1.025510083267380940e-01 nan nan nan
1.354709418837675150e+00 nan nan nan nan 1.262109740281649461e-01 nan nan nan 1.029117296562579165e-01 nan nan nan
1.358717434869739282e+00 nan nan nan nan 1.266037051240342104e-01 nan nan nan 1.033025954533731278e-01 nan nan nan
1.362725450901803415e+00 nan nan nan nan 1.270287894049716704e-01 nan nan nan 1.037237765514195803e-01 nan nan nan
1.366733466933867547e+00 nan nan nan nan 1.274863822670320723e-01 nan nan nan 1.041754659450249698e-01 nan nan nan
1.370741482965931679e+00 nan nan nan nan 1.279766599854495202e-01 nan nan nan 1.046578788429161494e-01 nan nan nan
1.374749498997995811e+00 nan nan nan nan 1.284998197452224822e-01 nan nan nan 1.051712527432393240e-01 nan nan nan
1.378757515030059944e+00 nan nan nan nan 1.290560796904564045e-01 nan nan nan 1.057158475313241253e-01 nan nan nan
1.382765531062124076e+00 nan nan nan nan 1.296456789922924013e-01 nan nan nan 1.062919455997429902e-01 nan nan nan
1.386773547094188208e+00 nan nan nan nan 1.302688779353992909e-01 nan nan nan 1.068998519906891737e-01 nan nan nan
1.390781563126252340e+00 nan nan nan nan 1.309259580229012732e-01 nan nan nan 1.075398945605598872e-01 nan nan nan
1.394789579158316473e+00 nan nan nan nan 1.316172220997902653e-01 nan nan nan 1.082124241667776765e-01 nan nan nan
1.398797595190380605e+00 nan nan nan nan 1.323429944946945824e-01 nan nan nan 1.089178148768610438e-01 nan nan nan
1.402805611222444737e+00 nan nan nan nan 1.331036211800570856e-01 nan nan nan 1.096564641997546385e-01 nan nan nan
1.406813627254508869e+00 nan nan nan nan 1.338994699507232433e-01 nan nan nan 1.104287933395056709e-01 nan nan nan
1.410821643286573002e+00 nan nan nan nan 1.347309306209305002e-01 nan nan nan 1.112352474713523276e-01 nan nan nan
1.414829659318637134e+00 nan nan nan nan 1.355984152397918807e-01 nan nan nan 1.120762960403496322e-01 nan nan nan
1.418837675350701266e+00 nan nan nan nan 1.365023583252719108e-01 nan nan nan 1.129524330826229828e-01 nan nan nan
1.422845691382765398e+00 nan nan nan nan 1.374432171167732919e-01 nan nan nan 1.138641775694466673e-01 nan nan nan
1.426853707414829531e+00 nan nan nan nan 1.384214718464395755e-01 nan nan nan 1.148120737743141828e-01 nan nan nan
1.430861723446893663e+00 nan nan nan nan 1.394376260292071734e-01 nan nan nan 1.157966916631441440e-01 nan nan nan
1.434869739478957795e+00 nan nan nan nan 1.404922067718206435e-01 nan nan nan 1.168186273079354770e-01 nan nan nan
1.438877755511021928e+00 nan nan nan nan 1.415857651008866624e-01 nan nan nan 1.178785033240220687e-01 nan nan nan
1.442885771543086060e+00 nan nan nan nan 1.427188763101890079e-01 nan nan nan 1.189769693312836968e-01 nan nan nan
1.446893787575150192e+00 nan nan nan nan 1.438921403273409338e-01 nan nan nan 1.201147024394979557e-01 nan nan nan
1.450901803607214324e+00 nan nan nan nan 1.451061821000932672e-01 nan nan nan 1.212924077582443055e-01 nan nan nan
1.454909819639278457e+00 nan nan nan nan 1.463616520023914847e-01 nan nan nan 1.225108189316381491e-01 nan nan nan
1.458917835671342589e+00 nan nan nan nan 1.476592262604739525e-01 nan nan nan 1.237706986982661100e-01 nan nan nan
1.462925851703406721e+00 nan nan nan nan 1.489996073992289616e-01 nan nan nan 1.250728394766963125e-01 nan nan nan
1.466933867735470853e+00 nan nan nan nan 1.503835247090756777e-01 nan nan nan 1.264180639769886816e-01 nan nan nan
1.470941883767534986e+00 nan nan nan nan 1.518117347336170042e-01 nan nan nan 1.278072258385959670e-01 nan nan nan
1.474949899799599118e+00 nan nan nan nan 1.532850217784169355e-01 nan nan nan 1.292412102951557284e-01 nan nan nan
1.478957915831663250e+00 nan nan nan nan 1.548041984411232808e-01 nan nan nan 1.307209348665751836e-01 nan nan nan
1.482965931863727382e+00 nan nan nan nan 1.563701061633258893e-01 nan nan nan 1.322473500789771161e-01 nan nan nan
1.486973947895791515e+00 nan nan nan nan 1.579836158044876926e-01 nan nan nan 1.338214402130030178e-01 nan nan nan
1.490981963927855647e+00 nan nan nan nan 1.596456282382541225e-01 nan nan nan 1.354442240809777820e-01 nan nan nan
1.494989979959919779e+00 nan nan nan nan 1.613570749715811381e-01 nan nan nan 1.371167558335636416e-01 nan nan nan
1.498997995991983911e+00 nan nan nan nan 1.631189187870159540e-01 nan nan nan 1.388401257964624880e-01 nan nan nan
1.503006012024048044e+00 nan nan nan nan 1.649321544086144453e-01 nan nan nan 1.406154613378081397e-01 nan nan nan
1.507014028056112176e+00 nan nan nan nan 1.667978091918015660e-01 nan nan nan 1.424439277668334558e-01 nan nan nan
1.511022044088176308e+00 nan nan nan nan 1.687169438377773001e-01 nan nan nan 1.443267292645734612e-01 nan nan nan
1.515030060120240440e+00 nan nan nan nan 1.706906531327745113e-01 nan nan nan 1.462651098472040612e-01 nan nan nan
1.519038076152304573e+00 nan nan nan nan 1.727200667127768985e-01 nan nan nan 1.482603543627924736e-01 nan nan nan
1.523046092184368705e+00 nan nan nan nan 1.748063498540859129e-01 nan nan nan 1.503137895221814402e-01 nan nan nan
1.527054108216432837e+00 nan nan nan nan 1.769507042903622485e-01 nan nan nan 1.524267849648024975e-01 nan nan nan
1.531062124248496970e+00 nan nan nan nan 1.791543690565548519e-01 nan nan nan 1.546007543601456424e-01 nan nan nan
1.535070140280561102e+00 nan nan nan nan 1.814186213604100373e-01 nan nan nan 1.568371565458305528e-01 nan nan nan
1.539078156312625012e+00 nan nan nan nan 1.837447774819921942e-01 nan nan nan 1.591374967030111665e-01 nan nan nan
1.543086172344689144e+00 nan nan nan nan 1.861341937019267978e-01 nan nan nan 1.615033275700539783e-01 nan nan nan
1.547094188376753277e+00 nan nan nan nan 1.885882672588733433e-01 nan nan nan 1.639362506953930820e-01 nan nan nan
1.551102204408817409e+00 nan nan nan nan 1.911084373369721368e-01 nan nan nan 1.664379177305126967e-01 nan nan nan
1.555110220440881541e+00 nan nan nan nan 1.936961860837991267e-01 nan nan nan 1.690100317639688654e-01 nan nan nan
1.559118236472945673e+00 nan nan nan nan 1.963530396595622174e-01 nan nan nan 1.716543486974922705e-01 nan nan nan
1.563126252505009806e+00 nan nan nan nan 1.990805693182603753e-01 nan nan nan 1.743726786652108063e-01 nan nan nan
1.567134268537073938e+00 nan nan nan nan 2.018803925214139872e-01 nan nan nan 1.771668874969912211e-01 nan nan nan
1.571142284569138070e+00 nan nan nan nan 2.047541740852165393e-01 nan nan nan 1.800388982270314520e-01 nan nan nan
1.575150300601202202e+00 nan nan nan nan 2.077036273617717810e-01 nan nan nan 1.829906926488089614e-01 nan nan nan
1.579158316633266335e+00 nan nan nan nan 2.107305154552278070e-01 nan nan nan 1.860243129175498389e-01 nan nan nan
1.583166332665330467e+00 nan nan nan nan 2.138366524736281526e-01 nan nan nan 1.891418632013463497e-01 nan nan nan
1.587174348697394599e+00 nan nan nan nan 2.170239048172228902e-01 nan nan nan 1.923455113822271079e-01 nan nan nan
1.591182364729458731e+00 nan nan nan nan 2.202941925041938531e-01 nan nan nan 1.956374908083436392e-01 nan nan nan
1.595190380761522864e+00 nan nan nan nan 2.236494905345280115e-01 nan nan nan 1.990201020986178682e-01 nan nan nan
1.599198396793586996e+00 nan nan nan nan 2.270918302930323152e-01 nan nan nan 2.024957150011261753e-01 nan nan nan
1.603206412825651128e+00 nan nan nan nan 2.306233009923711053e-01 nan nan nan 2.060667703066217105e-01 nan nan nan
1.607214428857715260e+00 nan nan nan nan 2.342460511569970094e-01 nan nan nan 2.097357818184984457e-01 nan nan nan
1.611222444889779393e+00 nan nan nan nan 2.379622901490569264e-01 nan nan nan 2.135053383807591909e-01 nan nan nan
1.615230460921843525e+00 nan nan nan nan 2.417742897371124855e-01 nan nan nan 2.173781059652829528e-01 nan nan nan
1.619238476953907657e+00 nan nan nan nan 2.456843857088099603e-01 nan nan nan 2.213568298200427054e-01 nan nan nan
1.623246492985971789e+00 nan nan nan nan 2.496949795284629792e-01 nan nan nan 2.254443366797195814e-01 nan nan nan
1.627254509018035922e+00 nan nan nan nan 2.538085400406311365e-01 nan nan nan 2.296435370403325793e-01 nan nan nan
1.631262525050100054e+00 nan nan nan nan 2.580276052207376436e-01 nan nan nan 2.339574274994670744e-01 nan nan nan
1.635270541082164186e+00 nan nan nan nan 2.623547839739232557e-01 nan nan nan 2.383890931638247002e-01 nan nan nan
1.639278557114228319e+00 nan nan nan nan 2.667927579832016227e-01 nan nan nan 2.429417101256927392e-01 nan nan nan
1.643286573146292451e+00 nan nan nan nan 2.713442836080706133e-01 nan nan nan 2.476185480101743275e-01 nan nan nan
1.647294589178356583e+00 nan nan nan nan 2.760121938348940596e-01 nan nan nan 2.524229725949178049e-01 nan nan nan
1.651302605210420715e+00 nan nan nan nan 2.807994002800881517e-01 nan nan nan 2.573584485041336967e-01 nan nan nan
1.655310621242484848e+00 nan nan nan nan 2.857088952475493326e-01 nan nan nan 2.624285419788771612e-01 nan nan nan
1.659318637274548980e+00 nan nan nan nan 2.907437538414569533e-01 nan nan nan 2.676369237253386490e-01 nan nan nan
1.663326653306613112e+00 nan nan nan nan 2.959071361358708852e-01 nan nan nan 2.729873718433259433e-01 nan nan nan
1.667334669338677244e+00 nan nan nan nan 3.012022894023603792e-01 nan nan nan 2.784837748367120502e-01 nan nan nan
1.671342685370741377e+00 nan nan nan nan 3.066325503971705779e-01 nan nan nan 2.841301347080928963e-01 nan nan nan
1.675350701402805509e+00 nan nan nan nan 3.122013477091244993e-01 nan nan nan 2.899305701395968882e-01 nan nan nan
1.679358717434869641e+00 nan nan nan nan 3.179122041699551371e-01 nan nan nan 2.958893197621519922e-01 nan nan nan
1.683366733466933773e+00 nan nan nan nan 3.237687393282748238e-01 nan nan nan 3.020107455152584719e-01 nan nan nan
1.687374749498997906e+00 nan nan nan nan 3.297746719888281497e-01 nan nan nan 3.082993360995782139e-01 nan nan nan
1.691382765531062038e+00 nan nan nan nan 3.359338228185533293e-01 nan nan nan 3.147597105247181282e-01 nan nan nan
1.695390781563126170e+00 nan nan nan nan 3.422501170209403809e-01 nan nan nan 3.213966217543510751e-01 nan nan nan
1.699398797595190302e+00 nan nan nan nan 3.487275870803366873e-01 nan nan nan 3.282149604513187047e-01 nan nan nan
1.703406813627254435e+00 nan nan nan nan 3.553703755778293005e-01 nan nan nan 3.352197588249811733e-01 nan nan nan
1.707414829659318567e+00 nan nan nan nan 3.621827380803563368e-01 nan nan nan 3.424161945833903431e-01 nan nan nan
1.711422845691382699e+00 nan nan nan nan 3.691690461047140159e-01 nan nan nan 3.498095949928822779e-01 nan nan nan
1.715430861723446831e+00 nan nan nan nan 3.763337901582727296e-01 nan nan nan 3.574054410476414922e-01 nan nan nan
1.719438877755510964e+00 nan nan nan nan 3.836815828581104926e-01 nan nan nan 3.652093717519353522e-01 nan nan nan
1.723446893787575096e+00 nan nan nan nan 3.912171621303914826e-01 nan nan nan 3.732271885177553261e-01 nan nan nan
1.727454909819639228e+00 nan nan nan nan 3.989453944918489592e-01 nan nan nan 3.814648596806503034e-01 nan nan nan
1.731462925851703361e+00 nan nan nan nan 4.068712784152205830e-01 nan nan nan 3.899285251365732785e-01 nan nan nan
1.735470941883767493e+00 nan nan nan nan 4.149999477805890735e-01 nan nan nan 3.986245011027000906e-01 nan nan nan
1.739478957915831625e+00 nan nan nan nan 4.233366754146284938e-01 nan nan nan 4.075592850050590021e-01 nan nan nan
1.743486973947895757e+00 nan nan nan nan 4.318868767195986891e-01 nan nan nan 4.167395604962169098e-01 nan nan nan
1.747494989979959668e+00 nan nan nan nan 4.406561133943556752e-01 nan nan nan 4.261722026058145651e-01 nan nan nan
1.751503006012023800e+00 nan nan nan nan 4.496500972492646908e-01 nan nan nan 4.358642830274264135e-01 nan nan nan
1.755511022044087932e+00 nan nan nan nan 4.588746941172499039e-01 nan nan nan 4.458230755446386806e-01 nan nan nan
1.759519038076152064e+00 nan nan nan nan 4.683359278630223610e-01 nan nan nan 4.560560615998381917e-01 nan nan nan
1.763527054108216197e+00 nan nan nan nan 4.780399844929098530e-01 nan nan nan 4.665709360089705937e-01 nan nan nan
1.767535070140280329e+00 nan nan nan nan 4.879932163672490719e-01 nan nan nan 4.773756128257226061e-01 nan nan nan
1.771543086172344461e+00 nan nan nan nan 4.982021465178710362e-01 nan nan nan 4.884782313585175340e-01 nan nan nan
1.775551102204408593e+00 nan nan nan nan 5.086734730728399434e-01 nan nan nan 4.998871623438222445e-01 nan nan nan
1.779559118236472726e+00 nan nan nan nan 5.194140737909735961e-01 nan nan nan 5.116110142796721494e-01 nan nan nan
1.783567134268536858e+00 nan nan nan nan 5.304310107083602954e-01 nan nan nan 5.236586399226303978e-01 nan nan nan
1.787575150300600990e+00 nan nan nan nan 5.417315348996054603e-01 nan nan nan 5.360391429523194695e-01 nan nan nan
1.791583166332665122e+00 nan nan nan nan 5.533230913560607256e-01 nan nan nan 5.487618848070762168e-01 nan nan nan
1.795591182364729255e+00 nan nan nan nan 5.652133239837286993e-01 nan nan nan 5.618364916948337395e-01 nan nan nan
1.799599198396793387e+00 nan nan nan nan 5.774100807234077148e-01 nan nan nan 5.752728617829043767e-01 nan nan nan
1.803607214428857519e+00 nan nan nan nan 5.899214187957805278e-01 nan nan nan 5.890811725710087821e-01 nan nan nan
1.807615230460921651e+00 nan nan nan nan 6.027556100739536182e-01 nan nan nan 6.032718884513812441e-01 nan nan nan
1.811623246492985784e+00 nan nan nan nan 6.159211465864762314e-01 nan nan nan 6.178557684602390410e-01 nan nan nan
1.815631262525049916e+00 nan nan nan nan 6.294267461534165387e-01 nan nan nan 6.328438742249672400e-01 nan nan nan
1.819639278557114048e+00 nan nan nan nan 6.432813581582914608e-01 nan nan nan 6.482475781110124124e-01 nan nan nan
1.823647294589178181e+00 nan nan nan nan 6.574941694589606644e-01 nan nan nan 6.640785715732829830e-01 nan nan nan
1.827655310621242313e+00 nan nan nan nan 6.720746104402942622e-01 nan nan nan 6.803488737162566302e-01 nan nan nan
1.831663326653306445e+00 nan nan nan nan 6.870323612113995448e-01 nan nan nan 6.970708400673164551e-01 nan nan nan
1.835671342685370577e+00 nan nan nan nan 7.023773579509193787e-01 nan nan nan 7.142571715682229927e-01 nan nan nan
1.839679358717434710e+00 nan nan nan nan 7.181197994029611120e-01 nan nan nan 7.319209237891227682e-01 nan nan nan
1.843687374749498842e+00 nan nan nan nan 7.342701535270917956e-01 nan nan nan 7.500755163698583639e-01 nan nan nan
1.847695390781562974e+00 nan nan nan nan 7.508391643056493425e-01 nan nan nan 7.687347426938664352e-01 nan nan nan
1.851703406813627106e+00 nan nan nan nan 7.678378587112497655e-01 nan nan nan 7.879127797989371462e-01 nan nan nan
1.855711422845691239e+00 nan nan nan nan 7.852775538382101850e-01 nan nan nan 8.076241985304385418e-01 nan nan nan
1.859719438877755371e+00 nan nan nan nan 8.031698642008712197e-01 nan nan nan 8.278839739417255261e-01 nan nan nan
1.863727454909819503e+00 nan nan nan nan 8.215267092024229889e-01 nan nan nan 8.487074959470437552e-01 nan nan nan
1.867735470941883635e+00 nan nan nan nan 8.403603207776170203e-01 nan nan nan 8.701105802321909000e-01 nan nan nan
1.871743486973947768e+00 nan nan nan nan 8.596832512128836923e-01 nan nan nan 8.921094794282563578e-01 nan nan nan
1.875751503006011900e+00 nan nan nan nan 8.795083811472574897e-01 nan nan nan 9.147208945536943192e-01 nan nan nan
1.879759519038076032e+00 nan nan nan nan 8.998489277579548862e-01 nan nan nan 9.379619867305677428e-01 nan nan nan
1.883767535070140164e+00 nan nan nan nan 9.207184531340112388e-01 nan nan nan 9.618503891800727068e-01 nan nan nan
1.887775551102204297e+00 nan nan nan nan 9.421308728420032530e-01 nan nan nan 9.864042195034844474e-01 nan nan nan
1.891783567134268429e+00 nan nan nan nan 9.641004646872134431e-01 nan nan nan 1.011642092253909109e+00 nan nan nan
1.895791583166332561e+00 nan nan nan nan 9.866418776743759445e-01 nan nan nan 1.037583131804650005e+00 nan nan nan
1.899799599198396693e+00 nan nan nan nan 1.009770141171700386e+00 nan nan nan 1.064246985520458599e+00 nan nan nan
1.903807615230460826e+00 nan nan nan nan 1.033500674282212373e+00 nan nan nan 1.091653837237143154e+00 nan nan nan
1.907815631262524958e+00 nan nan nan nan 1.057849295426272151e+00 nan nan nan 1.119824421056004216e+00 nan nan nan
1.911823647294589090e+00 nan nan nan nan 1.082832232139478323e+00 nan nan nan 1.148780035459015414e+00 nan nan nan
1.915831663326653223e+00 nan nan nan nan 1.108466131089681950e+00 nan nan nan 1.178542557750867470e+00 nan nan nan
1.919839679358717355e+00 nan nan nan nan 1.134768068317790091e+00 nan nan nan 1.209134458834796533e+00 nan nan nan
1.923847695390781487e+00 nan nan nan nan 1.161755559706014296e+00 nan nan nan 1.240578818327480626e+00 nan nan nan
1.927855711422845619e+00 nan nan nan nan 1.189446571678194564e+00 nan nan nan 1.272899340020604342e+00 nan nan nan
1.931863727454909752e+00 nan nan nan nan 1.217859532136249312e+00 nan nan nan 1.306120367694880713e+00 nan nan nan
1.935871743486973884e+00 nan nan nan nan 1.247013341637368544e+00 nan nan nan 1.340266901293571955e+00 nan nan nan
1.939879759519038016e+00 nan nan nan nan 1.276927384815976341e+00 nan nan nan 1.375364613461778518e+00 nan nan nan
1.943887775551102148e+00 nan nan nan nan 1.307621542055295016e+00 nan nan nan 1.411439866458845671e+00 nan nan nan
1.947895791583166281e+00 nan nan nan nan 1.339116201413041551e+00 nan nan nan 1.448519729450212123e+00 nan nan nan
1.951903807615230191e+00 nan nan nan nan 1.371432270805157616e+00 nan nan nan 1.486631996185832305e+00 nan nan nan
1.955911823647294323e+00 nan nan nan nan 1.404591190453238436e+00 nan nan nan 1.525805203072441385e+00 nan nan nan
1.959919839679358455e+00 nan nan nan nan 1.438614945599656192e+00 nan nan nan 1.566068647646394307e+00 nan nan nan
1.963927855711422588e+00 nan nan nan nan 1.473526079494843044e+00 nan nan nan 1.607452407454148080e+00 nan nan nan
1.967935871743486720e+00 nan nan nan nan 1.509347706662552469e+00 nan nan nan 1.649987359348233262e+00 nan nan nan
1.971943887775550852e+00 nan nan nan nan 1.546103526446774845e+00 nan nan nan 1.693705199205293610e+00 nan nan nan
1.975951903807614984e+00 nan nan nan nan 1.583817836845871518e+00 nan nan nan 1.738638462073965663e+00 nan nan nan
1.979959919839679117e+00 nan nan nan nan 1.622515548638686855e+00 nan nan nan 1.784820542760370277e+00 nan nan nan
1.983967935871743249e+00 nan nan nan nan 1.662222199807782186e+00 nan nan nan 1.832285716857916746e+00 nan nan nan
1.987975951903807381e+00 nan nan nan nan 1.702963970264141036e+00 nan nan nan 1.881069162229404235e+00 nan nan nan
1.991983967935871513e+00 nan nan nan nan 1.744767696879472751e+00 nan nan nan 1.931206980949764285e+00 nan nan nan
1.995991983967935646e+00 nan nan nan nan 1.787660888830391759e+00 nan nan nan 1.982736221715827529e+00 nan nan nan
2.000000000000000000e+00 nan nan nan nan 1.831671743260078866e+00 nan nan nan 2.035694902732208877e+00 nan nan nan
