# PREC 10
0.00000	-0.013829068531	0.000621185727
0.03015	-0.013671635829	0.000176442632
0.06030	-0.013165957987	0.000495916665
0.09045	-0.012243060729	0.001523817090
0.12060	-0.010875889500	0.003177940155
0.15075	-0.009077646080	0.005348563300
0.18090	-0.006901229431	0.007928499134
0.21106	-0.004412397100	0.010829746466
0.24121	-0.001673902380	0.013955351749
0.27136	0.001235316183	0.017237968307
0.30151	0.004270192864	0.020618830699
0.33166	0.007371940925	0.024044902855
0.36181	0.010505130211	0.027490985482
0.39196	0.013637124231	0.030915794722
0.42211	0.016738348078	0.034307638978
0.45226	0.019798732441	0.037646498705
0.48241	0.022790408910	0.040916957999
0.51256	0.025715256662	0.044123976447
0.54271	0.028560590958	0.047248937958
0.57286	0.031319288697	0.050293157076
0.60302	0.033995906178	0.053261239128
0.63317	0.036578814472	0.056143103388
0.66332	0.039074067734	0.058943695209
0.69347	0.041485189183	0.061670535929
0.72362	0.043802008418	0.064315936220
0.75377	0.046035704233	0.066882432060
0.78392	0.048189534101	0.069386240654
0.81407	0.050256173650	0.071817125668
0.84422	0.052244777449	0.074178097057
0.87437	0.054160304157	0.076476716272
0.90452	0.056000619633	0.078720442920
0.93467	0.057766029610	0.080903866392
0.96482	0.059465828599	0.083030106936
0.99497	0.061102503249	0.085105204748
1.02513	0.062671150047	0.087138868143
1.05528	0.064177959103	0.089124475430
1.08543	0.065628760305	0.091064859944
1.11558	0.067025812536	0.092962763716
1.14573	0.068365903692	0.094827745107
1.17588	0.069651563843	0.096660893990
1.20603	0.070889725715	0.098459429920
1.23618	0.072082336721	0.100225734530
1.26633	0.073231266369	0.101962098782
1.29648	0.074330134279	0.103672476968
1.32663	0.075387113600	0.105367403203
1.35678	0.076405474854	0.107038968686
1.38693	0.077386784610	0.108689139895
1.41709	0.078332539969	0.110319806432
1.44724	0.079239988125	0.111932784170
1.47739	0.080109514484	0.113529818165
1.50754	0.080947492248	0.115120713681
1.53769	0.081755161346	0.116702563640
1.56784	0.082533704598	0.118273563162
1.59799	0.083284249939	0.119835214105
1.62814	0.084006633049	0.121388961639
1.65829	0.084695573963	0.122936196959
1.68844	0.085359506019	0.124478259553
1.71859	0.085999359049	0.126016439490
1.74874	0.086616019350	0.127560441008
1.77889	0.087210331446	0.129105982665
1.80905	0.087783099994	0.130651500858
1.83920	0.088335091698	0.132198117644
1.86935	0.088862786753	0.133746915588
1.89950	0.089367175950	0.135298939305
1.92965	0.089852804686	0.136855197212
1.95980	0.090320305281	0.138416662825
1.98995	0.090770280289	0.139984276364
2.02010	0.091203303640	0.141558945692
2.05025	0.091619922266	0.143145041158
2.08040	0.092020657018	0.144747353232
2.11055	0.092406004143	0.146359514882
2.14070	0.092776436130	0.147982322664
2.17085	0.093126095226	0.149616546389
2.20101	0.093460633328	0.151262929989
2.23116	0.093781508042	0.152922192183
2.26131	0.094089111495	0.154595027381
2.29146	0.094383817387	0.156282106400
2.32161	0.094665981601	0.157984076770
2.35176	0.094935943453	0.159701564109
2.38191	0.095194026064	0.161435171936
2.41206	0.095440537296	0.163185482765
2.44221	0.095675770262	0.164953058029
2.47236	0.095900004313	0.166738439313
2.50251	0.096113505289	0.168542148062
2.53266	0.096316526512	0.170372717763
2.56281	0.096507585809	0.172224706424
2.59296	0.096684425650	0.174096667541
2.62312	0.096851511924	0.175989048614
2.65327	0.097009058926	0.177902279118
2.68342	0.097157271091	0.179836770494
2.71357	0.097296343542	0.181792916739
2.74372	0.097426462434	0.183771094247
2.77387	0.097547805479	0.185771662445
2.80402	0.097660542275	0.187794963636
2.83417	0.097764834763	0.189841323559
2.86432	0.097860837514	0.191911051123
2.89447	0.097948698383	0.194004439420
2.92462	0.098028558363	0.196121764668
2.95477	0.098100552377	0.198263287568
2.98492	0.098164809359	0.200429252702
3.01508	0.098221452650	0.202619888978
3.04523	0.098270600294	0.204835409691
3.07538	0.098312365324	0.207076012844
3.10553	0.098346855984	0.209341880824
3.13568	0.098374176130	0.211633181227
3.16583	0.098394425386	0.213950066342
3.19598	0.098407699341	0.216292673560
3.22613	0.098414089935	0.218661125547
3.25628	0.098413685654	0.221055530294
3.28643	0.098406571648	0.223475981304
3.31658	0.098392830067	0.225922557642
3.34673	0.098372540212	0.228395324017
3.37688	0.098345778686	0.230894331109
3.40704	0.098312619777	0.233419615588
3.43719	0.098273135396	0.235971200264
3.46734	0.098227395400	0.238549094160
3.49749	0.098175467718	0.241153292709
3.52764	0.098117418556	0.243783777993
3.55779	0.098053312533	0.246440518909
3.58794	0.097983212764	0.249123470940
3.61809	0.097907181106	0.251832576891
3.64824	0.097825278247	0.254567766577
3.67839	0.097737563861	0.257332140471
3.70854	0.097644096670	0.260124493834
3.73869	0.097544934629	0.262942603778
3.76884	0.097440135057	0.265786347547
3.79899	0.097329754620	0.268655590415
3.82915	0.097213849615	0.271550186062
3.85930	0.097092475884	0.274469976550
3.88945	0.096965689131	0.277414793149
3.91960	0.096833544612	0.280384455309
3.94975	0.096696097744	0.283378772332
3.97990	0.096553403782	0.286397542903
4.01005	0.096405518068	0.289440555091
4.04020	0.096252495883	0.292507586724
4.07035	0.096094392899	0.295598406152
4.10050	0.095931264805	0.298712771757
4.13065	0.095763167750	0.301850432974
4.16080	0.095590157965	0.305011129389
4.19095	0.095412292347	0.308194592570
4.22111	0.095229627837	0.311400544771
4.25126	0.095042222051	0.314628700104
4.28141	0.094850132940	0.317878764785
4.31156	0.094653419029	0.321150437008
4.34171	0.094452139267	0.324443407404
4.37186	0.094246353173	0.327757359366
4.40201	0.094036120750	0.331091969339
4.43216	0.093821502644	0.334446907218
4.46231	0.093602559944	0.337821835856
4.49246	0.093379218622	0.341216412660
4.52261	0.093141118115	0.344630288786
4.55276	0.092898467806	0.348063109803
4.58291	0.092651331272	0.351514515991
4.61307	0.092399772898	0.354984142501
4.64322	0.092143858002	0.358471620242
4.67337	0.091883652402	0.361976574743
4.70352	0.091619223003	0.365498628416
4.73367	0.091350637189	0.369037398785
4.76382	0.091077963254	0.372592500418
4.79397	0.090801270040	0.376163544370
4.82412	0.090520627233	0.379750138574
4.85427	0.090230313775	0.383351887835
4.88442	0.089925297771	0.386968395374
4.91457	0.089616094769	0.390599261122
4.94472	0.089302779904	0.394244083545
4.97487	0.088985429053	0.397902459383
5.00503	0.088664118870	0.401573984291
5.03518	0.088338926465	0.405258251540
5.06533	0.088009929795	0.408954854647
5.09548	0.087668238818	0.412663385883
5.12563	0.087310142098	0.416383437499
5.15578	0.086948002289	0.420114600838
5.18593	0.086581904398	0.423856467980
5.21608	0.086211933900	0.427608630645
5.24623	0.085838176920	0.431370681821
5.27638	0.085454746660	0.435142214417
5.30653	0.085047369145	0.438922823054
5.33668	0.084635965973	0.442712102369
5.36683	0.084220631352	0.446509649923
5.39698	0.083801459819	0.450315063656
5.42714	0.083378546303	0.454127943674
5.45729	0.082922599513	0.457947891806
5.48744	0.082461276036	0.461774512431
5.51759	0.081995980415	0.465607411854
5.54774	0.081526816211	0.469446199484
5.57789	0.081049093588	0.473290486585
5.60804	0.080537259191	0.477139887640
5.63819	0.080021324357	0.480994020421
5.66834	0.079501401805	0.484852505582
5.69849	0.078977604162	0.488714966970
5.72864	0.078431740586	0.492581031875
5.75879	0.077860659196	0.496450331411
5.78894	0.077285482276	0.500322500426
5.81910	0.076706331613	0.504197176808
5.84925	0.076123329128	0.508074003672
5.87940	0.075505342062	0.511952627421
5.90955	0.074870542525	0.515832698198
5.93970	0.074231684853	0.519713871246
5.96985	0.073588899838	0.523595806022
6.00000	0.072942317692	0.527478166106
