0.0	0.0
0.01002	0.020821106567570045
0.02004	0.03348717572217935
0.03006	0.03937993787592146
0.04008	0.04011811897063704
0.0501	0.03734676317242564
0.06012	0.03258188760715422
0.07014	0.027109919742470925
0.08016	0.021935320630212682
0.09018	0.017766975783609914
0.1002	0.015033232304536147
0.11022	0.013916054937821772
0.12024	0.014396076559935538
0.130261	0.016301924896560405
0.140281	0.019358851732840236
0.150301	0.023233212156686472
0.160321	0.02757065265991769
0.170341	0.0320269328813873
0.180361	0.03629112484466729
0.190381	0.04010152475347317
0.200401	0.043255005906286656
0.210421	0.045610771754012104
0.220441	0.047089570409042464
0.230461	0.04766943837814688
0.240481	0.04737898031713403
0.250501	0.04628908696859654
0.260521	0.044503864249362396
0.270541	0.04215140742073639
0.280561	0.039374916223667976
0.290581	0.03632451729556376
0.300601	0.033150043887818954
0.310621	0.029994922504489124
0.320641	0.0269912325771293
0.330661	0.024255938480900824
0.340681	0.02188824206437859
0.350701	0.0199679668718983
0.360721	0.018554860559744233
0.370741	0.017688687715773335
0.380762	0.017389979477553563
0.390782	0.01766130720816211
0.400802	0.018488953399065144
0.410822	0.019844862490923074
0.420842	0.021688766210168242
0.430862	0.023970391294228108
0.440882	0.026631671300851378
0.450902	0.02960889792682714
0.460922	0.03283476041797177
0.470942	0.03624023389314943
0.480962	0.039756288504137295
0.490982	0.04331540117973191
0.501002	0.046852860202415976
0.511022	0.05030786004427658
0.521042	0.05362438979516439
0.531062	0.05675192323142997
0.541082	0.05964592220009434
0.551102	0.06226816764548664
0.561122	0.06458693440314153
0.571142	0.06657702694914495
0.581162	0.06821969373832995
0.591182	0.06950243770121367
0.601202	0.07041873999815618
0.611222	0.0709677133409512
0.621242	0.07115370016764308
0.631263	0.07098582976611142
0.641283	0.07047754714605808
0.651303	0.06964612510805027
0.661323	0.06851216959388945
0.671343	0.06709912705836027
0.681363	0.06543280130468158
0.691383	0.06354088599466974
0.701403	0.06145251789413158
0.711423	0.05919785485400846
0.721443	0.05680768156400452
0.731463	0.0543130452502878
0.741483	0.05174492272214361
0.751503	0.04913391950187944
0.761523	0.04651000119392188
0.771543	0.04390225675780902
0.781563	0.0413386929397427
0.791583	0.038846058782066414
0.801603	0.03644969886274223
0.811623	0.03417343371079703
0.821643	0.032039465692062605
0.831663	0.030068308555813775
0.841683	0.02827873877088842
0.851703	0.02668776675368651
0.861723	0.025310626094643258
0.871743	0.02416077891934065
0.881764	0.02324993557080117
0.891784	0.022588086866586452
0.901804	0.02218354726443417
0.911824	0.022043007360065415
0.921844	0.022171594237644303
0.931864	0.02257293829471235
0.941884	0.02324924526714472
0.951904	0.024201372283999996
0.961924	0.025428906885568772
0.971944	0.02693024803924436
0.981964	0.028702688286052564
0.991984	0.030742496245009094
1.002004	0.03304499879232909
1.012024	0.03560466231746125
1.022044	0.03841517253766481
1.032064	0.0414695124272197
1.042084	0.04476003788627706
1.052104	0.04827855083784111
1.062124	0.05201636949948623
1.072144	0.055964395629309244
1.082164	0.06011317859345578
1.092184	0.0644529761455715
1.102204	0.06897381184694293
1.112224	0.0736655290901645
1.122244	0.0785178417191774
1.132265	0.08352038126472731
1.142285	0.0886627408369792
1.152305	0.09393451573645711
1.162325	0.09932534086093747
1.172345	0.10482492499964847
1.182365	0.11042308211739307
1.192385	0.1161097597402291
1.202405	0.12187506456135663
1.212425	0.12770928539107979
1.222445	0.13360291357832418
1.232465	0.13954666103340707
1.242485	0.1455314759827182
1.252505	0.151548556585868
1.262525	0.15758936254480854
1.272545	0.1636456248325993
1.282565	0.16970935366696252
1.292585	0.17577284485069516
1.302605	0.18182868459744614
1.312625	0.18786975295744157
1.322645	0.19388922595351565
1.332665	0.19988057653334865
1.342685	0.20583757443920697
1.352705	0.21175428509175231
1.362725	0.21762506757971678
1.372745	0.22344457184243988
1.382766	0.2292077351274985
1.392786	0.23490977780093322
1.402806	0.24054619858294113
1.412826	0.24611276927735826
1.422846	0.25160552905883843
1.432866	0.257020778377349
1.442886	0.2623550725354601
1.452906	0.2676052149899247
1.462926	0.2727682504252173
1.472946	0.2778414576430496
1.482966	0.2828223423083872
1.492986	0.28770862958917987
1.503006	0.29249825672386714
1.513026	0.29718936554774616
1.523046	0.30178029500647285
1.533066	0.30626957368232116
1.543086	0.3106559123563353
1.553106	0.3149381966271713
1.563126	0.31911547960524284
1.573146	0.32318697469873864
1.583166	0.327152048506183
1.593186	0.331010213828433
1.603206	0.3347611228113694
1.613226	0.33840456022901233
1.623246	0.34194043691538684
1.633267	0.3453687833521676
1.643287	0.34868974341793546
1.653307	0.35190356830378505
1.663327	0.3550106105990158
1.673347	0.35801131854972484
1.683367	0.36090623049228143
1.693387	0.363695969462906
1.703407	0.366381237983887
1.713427	0.36896281302635026
1.723447	0.37144154114893496
1.733467	0.37381833381123114
1.743487	0.37609416286038777
1.753507	0.378270056188902
1.763527	0.38034709356125374
1.773547	0.38232640260673806
1.783567	0.38420915497558583
1.793587	0.3859965626552277
1.803607	0.38768987444336134
1.813627	0.38929037257431515
1.823647	0.390799369495063
1.833667	0.39221820478713243
1.843687	0.3935482422305587
1.853707	0.3947908670059714
1.863727	0.3959474830308509
1.873747	0.3970195104259614
1.883768	0.3980083831079526
1.893788	0.398915546504124
1.903808	0.3997424553853535
1.913828	0.4004905718132223
1.923848	0.4011613631973948
1.933868	0.40175630045936367
1.943888	0.40227685629871307
1.953908	0.4027245035581179
1.963928	0.40310071368335687
1.973948	0.40340695527468745
1.983968	0.40364469272600667
1.993988	0.4038153849482948
2.004008	0.403920484173925
2.014028	0.40396143483850017
2.024048	0.4039396725369665
2.034068	0.4038566230508387
2.044088	0.40371370144345997
2.054108	0.40351231122030723
2.064128	0.4032538435514423
2.074148	0.4029396765532969
2.084168	0.40257117462706954
2.094188	0.40214968785109856
2.104208	0.401676551424663
2.114228	0.40115308516075154
2.124248	0.4005805930254209
2.134269	0.39996036272145263
2.144289	0.39929366531409743
2.154309	0.3985817548967774
2.164329	0.3978258682946971
2.174349	0.3970272248043907
2.184369	0.39618702596730776
2.194389	0.3953064553756171
2.204409	0.3943866785084767
2.214429	0.39342884259709054
2.224449	0.3924340765169405
2.234469	0.3914034907056479
2.244489	0.390338177104985
2.254509	0.3892392091256171
2.264529	0.38810764163321876
2.274549	0.3869445109546652
2.284569	0.38575083490305717
2.294589	0.38452761282039266
2.304609	0.38327582563675117
2.314629	0.3819964359449091
2.324649	0.3806903880893532
2.334669	0.37935860826870593
2.344689	0.3780020046506253
2.354709	0.37662146749828396
2.364729	0.3752178693075747
2.374749	0.37379206495423256
2.38477	0.3723448918501018
2.39479	0.3708771701078141
2.40481	0.36938970271318183
2.41483	0.36788327570464296
2.42485	0.36635865835913206
2.43487	0.36481660338377875
2.44489	0.3632578471128705
2.45491	0.36168310970954365
2.46493	0.36009309537169687
2.47495	0.35848849254164594
2.48497	0.35686997411906796
2.49499	0.35523819767680576
2.50501	0.3535938056791281
2.51503	0.3519374257020637
2.52505	0.35026967065544923
2.53507	0.3485911390063529
2.54509	0.3469024150035537
2.55511	0.345204068902776
2.56513	0.3434966571923988
2.57515	0.341780722819374
2.58517	0.3400567954151054
2.59519	0.33832539152105734
2.60521	0.33658701481387415
2.61523	0.33484215632980857
2.625251	0.33309129468826904
2.635271	0.33133489631430896
2.645291	0.32957341565989545
2.655311	0.3278072954238032
2.665331	0.3260369667699931
2.675351	0.3242628495443447
2.685371	0.32248535248962223
2.695391	0.3207048734585625
2.705411	0.3189217996249823
2.715431	0.31713650769281315
2.725451	0.31534936410297637
2.735471	0.31356072523802203
2.745491	0.31177093762446056
2.755511	0.30998033813272463
2.765531	0.3081892541747029
2.775551	0.3063980038987962
2.785571	0.3046068963824504
2.795591	0.3028162318221275
2.805611	0.30102630172067923
2.815631	0.29923738907209524
2.825651	0.29744976854360083
2.835671	0.2956637066550833
2.845691	0.29387946195583164
2.855711	0.29209728519857575
2.865731	0.2903174195108184
2.875752	0.2885401005634525
2.885772	0.2867655567366628
2.895792	0.284994009283112
2.905812	0.2832256724884155
2.915832	0.28146075382891034
2.925852	0.27969945412672653
2.935872	0.2779419677021735
2.945892	0.2761884825234519
2.955912	0.27443918035370757
2.965932	0.2726942368954436
2.975952	0.2709538219323092
2.985972	0.2692180994682851
2.995992	0.2674872278642865
3.006012	0.26576135997220696
3.016032	0.2640406432664268
3.026052	0.2623252199728108
3.036072	0.26061522719522073
3.046092	0.2589107970395719
3.056112	0.2572120567354579
3.066132	0.25551912875537475
3.076152	0.253832130931573
3.086172	0.2521511765705668
3.096192	0.25047637456533106
3.106212	0.2488078295052166
3.116232	0.24714564178361517
3.126253	0.2454899077034056
3.136273	0.2438407195802125
3.146293	0.2421981658435095
3.156313	0.2405623311356002
3.166333	0.23893329640850727
3.176353	0.2373111390188042
3.186373	0.2356959328204201
3.196393	0.23408774825545195
3.206413	0.23248665244301547
3.216433	0.230892709266167
3.226453	0.22930597945693001
3.236473	0.22772652067945676
3.246493	0.22615438761135837
3.256513	0.2245896320232346
3.266533	0.22303230285643585
3.276553	0.22148244629908792
3.286573	0.21994010586041135
3.296593	0.21840532244336647
3.306613	0.21687813441565523
3.316633	0.2153585776791095
3.326653	0.2138466857374966
3.336673	0.21234248976277267
3.346693	0.21084601865981206
3.356713	0.20935729912964332
3.366733	0.20787635573122
3.376754	0.20640321094175576
3.386774	0.20493788521565076
3.396794	0.20348039704203866
3.406814	0.20203076300098063
3.416834	0.20058899781833478
3.426854	0.19915511441932654
3.436874	0.19772912398084724
3.446894	0.19631103598250724
3.456914	0.1949008582564682
3.466934	0.193498597036081
3.476954	0.19210425700335318
3.486974	0.19071784133527178
3.496994	0.18933935174900401
3.507014	0.18796878854600102
3.517034	0.18660615065502714
3.527054	0.1852514356741385
3.537074	0.18390463991163264
3.547094	0.18256575842599193
3.557114	0.1812347850648429
3.567134	0.17991171250295188
3.577154	0.17859653227927946
3.587174	0.17728923483311307
3.597194	0.17598980953929927
3.607214	0.17469824474259468
3.617234	0.1734145277911559
3.627255	0.172138645069187
3.637275	0.1708705820287643
3.647295	0.1696103232208561
3.657315	0.16835785232555575
3.667335	0.16711315218154663
3.677355	0.16587620481481524
3.687375	0.16464699146663064
3.697395	0.16342549262080622
3.707415	0.162211688030261
3.717435	0.16100555674289616
3.727455	0.15980707712680237
3.737475	0.15861622689481394
3.747495	0.1574329831284251
3.757515	0.15625732230108233
3.767535	0.1550892203008681
3.777555	0.15392865245259052
3.787575	0.1527755935392919
3.797595	0.15163001782319072
3.807615	0.15049189906606986
3.817635	0.14936121054912496
3.827655	0.1482379250922848
3.837675	0.14712201507301675
3.847695	0.14601345244462946
3.857715	0.1449122087540853
3.867735	0.14381825515933344
3.877756	0.14273156244617535
3.887776	0.14165210104467493
3.897796	0.1405798410451227
3.907816	0.13951475221356602
3.917836	0.1384568040069153
3.927856	0.13740596558763685
3.937876	0.13636220583804218
3.947896	0.1353254933741836
3.957916	0.13429579655936574
3.967936	0.133273083517283
3.977956	0.13225732214479094
3.987976	0.1312484801243216
3.997996	0.13024652493595135
4.008016	0.12925142386912952
4.018036	0.12826314403407627
4.028056	0.12728165237285846
4.038076	0.1263069156701507
4.048096	0.1253389005636901
4.058116	0.12437757355443174
4.068136	0.12342290101641326
4.078156	0.12247484920633431
4.088176	0.12153338427286021
4.098196	0.12059847226565451
4.108216	0.11967007914414869
4.118236	0.11874817078605522
4.128257	0.11783271299563038
4.138277	0.11692367151169328
4.148297	0.11602101201540739
4.158317	0.1151247001378299
4.168337	0.11423470146723641
4.178357	0.11335098155622458
4.188377	0.11247350592860415
4.198397	0.11160224008607769
4.208417	0.11073714951471812
4.218437	0.1098781996912479
4.228457	0.10902535608912461
4.238477	0.10817858418443922
4.248497	0.10733784946163012
4.258517	0.10650311741901893
4.268537	0.10567435357417232
4.278557	0.10485152346909433
4.288577	0.10403459267525357
4.298597	0.10322352679844944
4.308617	0.10241829148352238
4.318637	0.10161885241891093
4.328657	0.10082517534106061
4.338677	0.10003722603868818
4.348697	0.09925497035690502
4.358717	0.09847837420120328
4.368737	0.0977074035413089
4.378758	0.09694202441490388
4.388778	0.09618220293122305
4.398798	0.09542790527452673
4.408818	0.0946790977074539
4.418838	0.09393574657425847
4.428858	0.09319781830393203
4.438878	0.09246527941321592
4.448898	0.0917380965095054
4.458918	0.09101623629364969
4.468938	0.09029966556264941
4.478958	0.08958835121225502
4.488978	0.0888822602394688
4.498998	0.08818135974495271
4.509018	0.08748561693534507
4.519038	0.08679499912548783
4.529058	0.08610947374056804
4.539078	0.08542900831817449
4.549098	0.08475357051027278
4.559118	0.08408312808510068
4.569138	0.08341764892898605
4.579158	0.08275710104808931
4.589178	0.08210145257007283
4.599198	0.08145067174569867
4.609218	0.08080472695035763
4.619238	0.08016358668553036
4.629259	0.07952721958018318
4.639279	0.07889559439210023
4.649299	0.07826868000915362
4.659319	0.07764644545051348
4.669339	0.07702885986779923
4.679359	0.07641589254617442
4.689379	0.07580751290538593
4.699399	0.07520369050074951
4.709419	0.07460439502408325
4.719439	0.07400959630459017
4.729459	0.07341926430969167
4.739479	0.07283336914581282
4.749499	0.07225188105912157
4.759519	0.07167477043622239
4.769539	0.07110200780480615
4.779559	0.07053356383425737
4.789579	0.06996940933622008
4.799599	0.0694095152651235
4.809619	0.06885385271866865
4.819639	0.06830239293827688
4.829659	0.06775510730950211
4.839679	0.06721196736240687
4.849699	0.0666729447719038
4.859719	0.06613801135806369
4.869739	0.06560713908639065
4.87976	0.06508030006806582
4.88978	0.06455746656016001
4.8998	0.06403861096581702
4.90982	0.0635237058344077
4.91984	0.06301272386165596
4.92986	0.0625056378897378
4.93988	0.06200242090735381
4.9499	0.06150304604977622
4.95992	0.0610074865988709
4.96994	0.06051571598309588
4.97996	0.06002770777747608
4.98998	0.059543435703555754
5.0	0.05906287362932902
