0.0	0.19686258363255543
0.004008	0.1832723665815593
0.008016	0.17082898551493178
0.012024	0.159424590620862
0.016032	0.14896220173591204
0.02004	0.1393547920445502
0.024048	0.13052448917335863
0.028056	0.12240186232409793
0.032064	0.1149252726958508
0.036072	0.10804027105631905
0.04008	0.10169903133920852
0.044088	0.09585981289789924
0.048096	0.09048644680345076
0.052104	0.08554784355496545
0.056112	0.08101752094811622
0.06012	0.07687315176447777
0.064128	0.0730961315131119
0.068136	0.06967116676639903
0.072144	0.06658588475520953
0.076152	0.06383046487960907
0.08016	0.061397292693372775
0.084168	0.059280636766566745
0.088176	0.057476348645213685
0.092184	0.05598158592902814
0.096192	0.054794558290736595
0.1002	0.05391429607293601
0.104208	0.05334044092702647
0.108216	0.05307305780731839
0.112224	0.053112467503981846
0.116232	0.053459098791740156
0.12024	0.054113359186787335
0.124248	0.05507552324131
0.128257	0.056345637261728455
0.132265	0.05792343931155689
0.136273	0.059808293350679026
0.140281	0.06199913636784641
0.144289	0.06449443738035529
0.148297	0.06729216720223939
0.152305	0.07038977791813505
0.156313	0.07378419104257068
0.160321	0.07747179339228978
0.164329	0.08144843975097545
0.168337	0.08570946146019692
0.172345	0.09024968012648973
0.176353	0.09506342569129424
0.180361	0.10014455816723734
0.184369	0.10548649240028961
0.188377	0.11108222527212712
0.192385	0.11692436481013381
0.196393	0.12300516072354885
0.200401	0.12931653593302908
0.204409	0.13585011870716585
0.208417	0.14259727506313255
0.212425	0.14954914112956866
0.216433	0.1566966552079907
0.220441	0.1640305893044656
0.224449	0.17154157993602284
0.228457	0.17922015804637842
0.232465	0.18705677789308006
0.236473	0.195041844793254
0.240481	0.20316574163785156
0.244489	0.2114188541047756
0.248497	0.2197915945196395
0.252505	0.22827442432929768
0.256513	0.23685787516782417
0.260521	0.24553256850742258
0.264529	0.25428923389796443
0.268537	0.26311872580858814
0.272545	0.27201203909317434
0.276553	0.2809603231086559
0.280561	0.2899548945211342
0.284569	0.2989872488397636
0.288577	0.3080490707224273
0.292585	0.3171322431004582
0.296593	0.32622885517214284
0.300601	0.33533120931656424
0.304609	0.34443182698056646
0.308617	0.35352345359233367
0.312625	0.36259906255532665
0.316633	0.37165185837617315
0.320641	0.3806752789796199
0.324649	0.3896629972628671
0.328657	0.3986089219405733
0.332665	0.40750719773057303
0.336673	0.4163522049289294
0.340681	0.42513855842138804
0.344689	0.43386110617662355
0.348697	0.44251492726491676
0.352705	0.45109532944407926
0.356713	0.4595978463525819
0.360721	0.4680182343479566
0.364729	0.47635246902664885
0.368737	0.4845967414596072
0.372745	0.4927474541760239
0.376754	0.5008012169257955
0.380762	0.5087548422494607
0.38477	0.5166053408826037
0.388778	0.5243499170199932
0.392786	0.5319859634630536
0.396794	0.5395110566726611
0.400802	0.5469229517476981
0.40481	0.5542195773483141
0.408818	0.5613990305814072
0.412826	0.5684595718644833
0.416834	0.5753996197827418
0.420842	0.5822177459530059
0.42485	0.5889126699069377
0.428858	0.5954832540048669
0.432866	0.6019284983905165
0.436874	0.6082475359959089
0.440882	0.614439627604812
0.44489	0.6205041569822035
0.448898	0.6264406260764102
0.452906	0.6322486502998118
0.456914	0.6379279538932786
0.460922	0.6434783653788406
0.46493	0.6488998131044665
0.468938	0.6541923208842454
0.472946	0.659356003736732
0.476954	0.664391063723716
0.480962	0.669297785891218
0.48497	0.6740765343140922
0.488978	0.6787277482452261
0.492986	0.6832519383699726
0.496994	0.6876496831661223
0.501002	0.6919216253694283
0.50501	0.6960684685444226
0.509018	0.7000909737600222
0.513026	0.7039899563691956
0.517034	0.7077662828917689
0.521042	0.7114208679992632
0.52505	0.7149546716005023
0.529058	0.7183686960265862
0.533066	0.721663983313699
0.537074	0.724841612582114
0.541082	0.7279026975096617
0.54509	0.7308483838978458
0.549098	0.733679847328721
0.553106	0.7363982909105938
0.557114	0.7390049431105515
0.561122	0.7415010556717957
0.56513	0.7438879016137201
0.569138	0.7461667733126569
0.573146	0.7483389806611975
0.577154	0.75040584930399
0.581162	0.7523687189479134
0.58517	0.7542289417445317
0.589178	0.7559878807427441
0.593186	0.7576469084095561
0.597194	0.7592074052169205
0.601202	0.7606707582926134
0.60521	0.7620383601331387
0.609218	0.76331160737668
0.613226	0.7644918996341494
0.617234	0.7655806383764165
0.621242	0.7665792258758312
0.625251	0.7674890642001937
0.629259	0.76831155425736
0.633267	0.7690480948887081
0.637275	0.7697000820097317
0.641283	0.7702689077960678
0.645291	0.7707559599133013
0.649299	0.7711626207889348
0.653307	0.7714902669249516
0.657315	0.7717402682494381
0.661323	0.771913987505777
0.665331	0.7720127796779612
0.669339	0.7720379914506194
0.673347	0.7719909607023849
0.677355	0.7718730160312811
0.681363	0.7716854763108318
0.685371	0.7714296502756512
0.689379	0.7711068361352991
0.693387	0.7707183212152308
0.697395	0.7702653816237064
0.701403	0.7697492819435594
0.705411	0.7691712749477638
0.709419	0.768532601337771
0.713427	0.7678344895036259
0.717435	0.7670781553048999
0.721443	0.7662648018715195
0.725451	0.7653956194235919
0.729459	0.76447178510937
0.733467	0.7634944628605215
0.737475	0.7624648032639029
0.741483	0.761383943449065
0.745491	0.7602530069907446
0.749499	0.7590731038256274
0.753507	0.7578453301826894
0.757515	0.7565707685264553
0.761523	0.7552504875125323
0.765531	0.753885541954806
0.769539	0.7524769728037066
0.773547	0.7510258071349776
0.777555	0.7495330581484009
0.781563	0.7479997251759535
0.785571	0.746426793698893
0.789579	0.7448152353732866
0.793587	0.7431660080635218
0.797595	0.7414800558833513
0.801603	0.7397583092440466
0.805611	0.7380016849092498
0.809619	0.7362110860561311
0.813627	0.7343874023424765
0.817635	0.7325315099793438
0.821643	0.7306442718089434
0.825651	0.7287265373874122
0.829659	0.726779143072164
0.833667	0.724802912113515
0.837675	0.7227986547502945
0.841683	0.7207671683091621
0.845691	0.7187092373073697
0.849699	0.7166256335587134
0.853707	0.714517116282434
0.857715	0.712384432214836
0.861723	0.7102283157234047
0.865731	0.7080494889232111
0.869739	0.7058486617954037
0.873747	0.7036265323075976
0.877756	0.7013837865359771
0.881764	0.699121098788939
0.885772	0.6968391317321119
0.88978	0.6945385365145926
0.893788	0.6922199528962517
0.897796	0.6898840093759652
0.901804	0.6875313233206359
0.905812	0.6851625010948785
0.90982	0.6827781381912432
0.913828	0.6803788193608648
0.917836	0.6779651187444248
0.921844	0.675537600003325
0.925852	0.6730968164509716
0.92986	0.6706433111840773
0.933868	0.6681776172138928
0.937876	0.6657002575972849
0.941884	0.6632117455675808
0.945892	0.660712584665105
0.9499	0.6582032688673387
0.953908	0.6556842827186343
0.957916	0.6531561014594237
0.961924	0.6506191911548616
0.965932	0.648074008822848
0.96994	0.6455210025613797
0.973948	0.6429606116751792
0.977956	0.6403932668015604
0.981964	0.6378193900354843
0.985972	0.6352393950537676
0.98998	0.6326536872384063
0.993988	0.6300626637989812
0.997996	0.6274667138941118
1.002004	0.6248662187519306
1.006012	0.6222615517895508
1.01002	0.6196530787315002
1.014028	0.6170411577271014
1.018036	0.6144261394667747
1.022044	0.6118083672972455
1.026052	0.6091881773356399
1.03006	0.6065658985824496
1.034068	0.6039418530333561
1.038076	0.6013163557898986
1.042084	0.5986897151689747
1.046092	0.5960622328111658
1.0501	0.593434203787877
1.054108	0.590805916707286
1.058116	0.5881776538190918
1.062124	0.5855496911180631
1.066132	0.5829222984463772
1.07014	0.5802957395947514
1.074148	0.5776702724023611
1.078156	0.5750461488555463
1.082164	0.5724236151853045
1.086172	0.5698029119635726
1.09018	0.5671842741982965
1.094188	0.5645679314272942
1.098196	0.5619541078109112
1.102204	0.5593430222234744
1.106212	0.5567348883435492
1.11022	0.5541299147430003
1.114228	0.551528304974867
1.118236	0.5489302576600534
1.122244	0.5463359665728441
1.126253	0.5437456207252485
1.130261	0.541159404450183
1.134269	0.5385774974834969
1.138277	0.5360000750448518
1.142285	0.53342730791746
1.146293	0.5308593625266914
1.150301	0.5282964010175595
1.154309	0.5257385813310917
1.158317	0.5231860572795962
1.162325	0.5206389786208335
1.166333	0.5180974911311023
1.170341	0.5155617366772498
1.174349	0.5130318532876168
1.178357	0.5105079752219264
1.182365	0.507990233040128
1.186373	0.5054787536702069
1.190381	0.5029736604749682
1.194389	0.5004750733178088
1.198397	0.4979831086274853
1.202405	0.49549787946188983
1.206413	0.4930194955708454
1.210421	0.4905480634579299
1.214429	0.4880836864413415
1.218437	0.48562646471381493
1.222445	0.48317649540160107
1.226453	0.48073387262251965
1.230461	0.478298687543097
1.234469	0.4758710284347995
1.238477	0.47345098072937347
1.242485	0.47103862707330324
1.246493	0.4686340473813983
1.250501	0.46623731888951936
1.254509	0.4638485162064561
1.258517	0.4614677113649663
1.262525	0.45909497387198694
1.266533	0.45673037075802986
1.270541	0.4543739666257703
1.274549	0.4520258236978412
1.278557	0.4496860018638428
1.282565	0.44735455872657776
1.286573	0.4450315496475241
1.290581	0.44271702779155425
1.294589	0.4404110441709118
1.298597	0.43811364768845645
1.302605	0.4358248851801865
1.306613	0.43354480145705
1.310621	0.4312734393460534
1.314629	0.42901083973067944
1.318637	0.4267570415906224
1.322645	0.4245120820408513
1.326653	0.42227599637001134
1.330661	0.4200488180781719
1.334669	0.4178305789139319
1.338677	0.4156213089108907
1.342685	0.41342103642349565
1.346693	0.41122978816227335
1.350701	0.40904758922845547
1.354709	0.40687446314800757
1.358717	0.4047104319050697
1.362725	0.40255551597481803
1.366733	0.40040973435575566
1.370741	0.3982731046014424
1.374749	0.39614564285167037
1.378758	0.39402736386309584
1.382766	0.39191828103933407
1.386774	0.38981840646052596
1.390782	0.38772775091238504
1.39479	0.38564632391473247
1.398798	0.3835741337495279
1.402806	0.38151118748840446
1.406814	0.3794574910197149
1.410822	0.3774130490750978
1.41483	0.3753778652555703
1.418838	0.37335194205715466
1.422846	0.3713352808960474
1.426854	0.3693278821333369
1.430862	0.36732974509927724
1.43487	0.3653408681171253
1.438878	0.363361248526548
1.442886	0.3613908827066069
1.446894	0.35942976609832633
1.450902	0.35747789322685225
1.45491	0.3555352577232085
1.458918	0.35360185234565666
1.462926	0.3516776690006658
1.466934	0.34976269876349936
1.470942	0.34785693189842387
1.47495	0.34596035787854745
1.478958	0.34407296540529264
1.482966	0.34219474242751063
1.486974	0.340325676160242
1.490982	0.3384657531031301
1.49499	0.3366149590584933
1.498998	0.33477327914906063
1.503006	0.33294069783537733
1.507014	0.33111719893288566
1.511022	0.32930276562868566
1.51503	0.32749738049798216
1.519038	0.3257010255202226
1.523046	0.3239136820949312
1.527054	0.32213533105724396
1.531062	0.32036595269315055
1.53507	0.3186055267544469
1.539078	0.31685403247340443
1.543086	0.31511144857715884
1.547094	0.3133777533018265
1.551102	0.31165292440634906
1.55511	0.309936939186074
1.559118	0.30822977448607397
1.563126	0.30653140671420986
1.567134	0.30484181185394216
1.571142	0.303160965476894
1.57515	0.3014888427551717
1.579158	0.2998254184734451
1.583166	0.2981706670407935
1.587174	0.29652456250231946
1.591182	0.2948870785505366
1.59519	0.2932581885365329
1.599198	0.2916378654809156
1.603206	0.29002608208453945
1.607214	0.2884228107390238
1.611222	0.28682802353706105
1.61523	0.28524169228252017
1.619238	0.2836637885003496
1.623246	0.282094283446282
1.627255	0.2805331481163453
1.631263	0.2789803532561821
1.635271	0.27743586937018255
1.639279	0.27589966673043226
1.643287	0.2743717153854792
1.647295	0.27285198516892334
1.651303	0.2713404457078306
1.655311	0.26983706643097627
1.659319	0.26834181657691836
1.663327	0.2668546652019066
1.667335	0.26537558118762783
1.671343	0.2639045332487916
1.675351	0.2624414899405589
1.679359	0.26098641966581626
1.683367	0.25953929068229853
1.687375	0.25810007110956273
1.691383	0.2566687289358152
1.695391	0.25524523202459587
1.699399	0.2538295481213207
1.703407	0.2524216448596858
1.707415	0.25102148976793576
1.711423	0.24962905027499746
1.715431	0.24824429371648354
1.719439	0.24686718734056617
1.723447	0.24549769831372467
1.727455	0.24413579372636843
1.731463	0.24278144059833792
1.735471	0.24143460588428578
1.739479	0.24009525647893984
1.743487	0.23876335922225098
1.747495	0.23743888090442708
1.751503	0.23612178827085545
1.755511	0.23481204802691616
1.759519	0.23350962684268753
1.763527	0.23221449135754624
1.767535	0.2309266081846637
1.771543	0.2296459439154009
1.775551	0.22837246512360332
1.779559	0.2271061383697976
1.783567	0.22584693020529228
1.787575	0.22459480717618394
1.791583	0.22334973582727047
1.795591	0.2221116827058734
1.799599	0.22088061436557097
1.803607	0.21965649736984336
1.807615	0.21843929829563175
1.811623	0.21722898373681304
1.815631	0.21602552030759165
1.819639	0.21482887464580966
1.823647	0.21363901341617741
1.827655	0.21245590331342537
1.831663	0.21127951106537946
1.835671	0.21010980343596034
1.839679	0.20894674722810916
1.843687	0.2077903092866403
1.847695	0.20664045650102275
1.851703	0.2054971558080916
1.855711	0.20436037419469089
1.859719	0.20323007870024887
1.863727	0.20210623641928746
1.867735	0.2009888145038665
1.871743	0.19987778016596455
1.875752	0.19877310067979742
1.87976	0.19767474338407504
1.883768	0.19658267568419865
1.887776	0.19549686505439898
1.891784	0.19441727903981632
1.895792	0.19334388525852447
1.8998	0.19227665140349848
1.903808	0.1912155452445283
1.907816	0.1901605346300788
1.911824	0.18911158748909718
1.915832	0.18806867183276924
1.91984	0.1870317557562249
1.923848	0.18600080744019462
1.927856	0.1849757951526168
1.931864	0.18395668725019831
1.935872	0.18294345217992766
1.93988	0.18193605848054306
1.943888	0.18093447478395538
1.947896	0.17993866981662712
1.951904	0.17894861240090856
1.955912	0.17796427145633123
1.95992	0.17698561600086074
1.963928	0.1760126151521083
1.967936	0.17504523812850298
1.971944	0.1740834542504246
1.975952	0.17312723294129884
1.97996	0.17217654372865474
1.983968	0.1712313562451454
1.987976	0.17029164022953308
1.991984	0.1693573655276387
1.995992	0.16842850209325713
2.0	0.16750501998903863
