0.0	0.7175682648817145	0.012890347595998617
0.004008	0.7067373635468749	0.013114600937885941
0.008016	0.6985515897047779	0.013228477853547433
0.012024	0.6934152593649071	0.013217172170442161
0.016032	0.6917185662525694	0.013067930599978565
0.02004	0.693820244850813	0.012771274223630034
0.024048	0.700028796510632	0.01232252929645494
0.028056	0.7105835474169347	0.011723795527021652
0.032064	0.7256371159014668	0.010986620578826243
0.036072	0.7452410176746205	0.010135913356420993
0.04008	0.7693360637912183	0.009216031720689367
0.044088	0.7977488743948775	0.008300204652578297
0.048096	0.8301952598694463	0.007502619206189395
0.052104	0.8662904851790925	0.006982738396430602
0.056112	0.9055656533021776	0.006911168049714902
0.06012	0.947488758061562	0.007381035102341655
0.064128	0.9914884866014788	0.008348705758050192
0.068136	1.0369786707102446	0.009684787849106593
0.072144	1.0833814036212779	0.011255677946365658
0.076152	1.1301472035156979	0.012957704761777964
0.08016	1.1767711241507424	0.014717049484889866
0.084168	1.2228042806757886	0.016481578314844036
0.088176	1.2678607808099114	0.0182139661023239
0.092184	1.311620463370907	0.0198871958512038
0.096192	1.35382811773088	0.021481732209191633
0.1002	1.3942899900710648	0.022983686927820393
0.104208	1.4328683976093686	0.024383552176896688
0.108216	1.4694752030473137	0.025675267461840214
0.112224	1.5040647824117994	0.02685549563205186
0.116232	1.5366269796085197	0.027923041878510486
0.12024	1.5671804021374123	0.028878379478476362
0.124248	1.5957662883641506	0.029723260897014426
0.128257	1.6224430744683216	0.030460400097743447
0.132265	1.647281710583726	0.031093215445265387
0.136273	1.6703617193058207	0.031625624394775176
0.140281	1.6917679524866622	0.032061882246023216
0.144289	1.711587980222149	0.032406458047769086
0.148297	1.7299100353597645	0.03266394146679198
0.152305	1.7468214343587578	0.03283897514521447
0.156313	1.7624073981680477	0.03293620776766621
0.160321	1.776750202828779	0.032960263731615015
0.164329	1.7899285972073509	0.032915725942644844
0.168337	1.8020174335454056	0.03280712882767738
0.172345	1.8130874646733308	0.03263895916459704
0.176353	1.823205269349546	0.03241566276290863
0.180361	1.8324332740339553	0.03214165539706973
0.184369	1.8408298453904426	0.031821336694512356
0.188377	1.8484494329372136	0.03145910591770601
0.192385	1.8553427455746712	0.03105937875777906
0.196393	1.8615569492958384	0.03062660437962354
0.200401	1.8671358763135681	0.030165282027834944
0.204409	1.8721202382128062	0.029679976521307862
0.208417	1.8765478376412956	0.029175331933559135
0.212425	1.88045377456668	0.0286560826780084
0.216433	1.8838706443209152	0.028127061096297364
0.220441	1.886828725583615	0.027593200490581723
0.224449	1.8893561571745803	0.027059532360804855
0.228457	1.8914791030741678	0.026531176427429904
0.232465	1.89322190550284	0.026013321873193326
0.236473	1.8946072261963967	0.02551119817289488
0.240481	1.895656176233877	0.02503003396170317
0.244489	1.8963884349293367	0.024575002694698377
0.248497	1.8968223584013817	0.02415115444889583
0.252505	1.8969750784972403	0.023763334171216448
0.256513	1.8968625927805534	0.023416087993983453
0.260521	1.8964998463013933	0.023113560859254693
0.264529	1.8959008058590259	0.022859390448449843
0.268537	1.8950785274472397	0.02265660403106399
0.272545	1.8940452175422342	0.022507525976113652
0.276553	1.892812288856906	0.022413703959024544
0.280561	1.8913904111451147	0.022375861092624377
0.284569	1.889789557596835	0.022393879266339105
0.288577	1.8880190473213736	0.022466816109178337
0.292585	1.886087584372071	0.02259295465755658
0.296593	1.884003293722914	0.022769881598619004
0.300601	1.8817737545658586	0.022994587435257105
0.304609	1.8794060312578749	0.02326358046277406
0.308617	1.8769067022090848	0.023573006177611565
0.312625	1.8742818869681008	0.023918764516407214
0.316633	1.8715372717279564	0.02429661883238879
0.320641	1.8686781334459055	0.0247022923745971
0.324649	1.8657093627428816	0.025131549898552995
0.328657	1.8626354857235512	0.025580263657323216
0.332665	1.8594606848355748	0.026044464267654863
0.336673	1.8561888188668472	0.026520377785671907
0.340681	1.852823442161986	0.02700445079869088
0.344689	1.8493678231240633	0.027493365518556863
0.348697	1.8458249620543714	0.02798404683200103
0.352705	1.8421976083717277	0.02847366310246224
0.356713	1.838488277243305	0.028959622287926323
0.360721	1.8346992656510492	0.029439564685742353
0.364729	1.8308326679112668	0.029911353367501173
0.368737	1.8268903906597571	0.03037306314189035
0.372745	1.8228741673108086	0.03082296868891569
0.376754	1.8187855719952861	0.031259532347020016
0.380762	1.8146260329808181	0.03168139190385849
0.38477	1.810396845575588	0.03208734863842347
0.388778	1.8060991845163452	0.03247635578266233
0.392786	1.8017341158408677	0.03284750751057058
0.396794	1.7973026082451324	0.033200028518070634
0.400802	1.7928055439258022	0.03353326422448719
0.40481	1.7882437289092408	0.03384667160330128
0.408818	1.7836179028690515	0.034139810633828906
0.412826	1.7789287484350564	0.03441233635475183
0.416834	1.7741768999976304	0.034663991493582215
0.420842	1.7693629520123444	0.03489459964215724
0.42485	1.764487466810924	0.035104058946246255
0.428858	1.7595509819255644	0.03529233627676874
0.432866	1.754554016934632	0.035459461850474355
0.436874	1.7494970798387333	0.03560552426891601
0.440882	1.7443806729769928	0.035730665945911275
0.44489	1.7392052984942021	0.0358350788952751
0.448898	1.7339714633702028	0.03591900085229201
0.452906	1.7286796840235237	0.03598271170409835
0.456914	1.723330490501843	0.03602653020582772
0.460922	1.7179244302723282	0.03605081096097053
0.46493	1.7124620716253052	0.036055941645929165
0.468938	1.706944006705033	0.036042340460159555
0.472946	1.7013708541816233	0.03601045378461501
0.476954	1.6957432615783243	0.035960754032417434
0.480962	1.6900619072685272	0.03589373767678261
0.48497	1.6843275021569228	0.03580992344223851
0.488978	1.6785407910592596	0.03570985064608111
0.492986	1.6727025537951337	0.035594077677827525
0.496994	1.66681360600818	0.035463180605150406
0.501002	1.6608747997279232	0.035317751895419226
0.50501	1.654887023687427	0.035158399242525736
0.509018	1.6488512034107048	0.03498574448915079
0.513026	1.6427683010836793	0.034800422635023025
0.517034	1.636639315222249	0.03460308092203955
0.521042	1.6304652801508084	0.03439437798736976
0.52505	1.6242472653043027	0.034174983075829835
0.529058	1.6179863743666394	0.0339455753029204
0.533066	1.6116837442580003	0.033706842959950536
0.537074	1.605340543983304	0.033459482852633206
0.541082	1.5989579733537673	0.03320419966444507
0.54509	1.5925372615932014	0.032941705335874844
0.549098	1.586079665840358	0.032672718450481614
0.553106	1.579586469558315	0.03239796361841894
0.557114	1.5730589808615507	0.03211817084778973
0.561122	1.5664985307710155	0.03183407489387913
0.56513	1.559906471407169	0.031546414575982014
0.569138	1.553284174130587	0.03125593205123403
0.573146	1.5466330276393967	0.03096337203457095
0.577154	1.5399544360324324	0.030669480953725018
0.581162	1.5332498168466377	0.030375006028050825
0.58517	1.5265205990768842	0.03008069425998193
0.589178	1.519768221185993	0.029787291328105318
0.593186	1.512994129112389	0.02949554037125655
0.597194	1.5061997742824331	0.02920618065370393
0.601202	1.499386611634119	0.02891994610250136
0.60521	1.4925560976584358	0.028637563709443967
0.609218	1.4857096884643357	0.028359751791853956
0.613226	1.4788488378728724	0.028087218108659752
0.617234	1.4719749955457089	0.02782065783096178
0.621242	1.4650896051528275	0.027560751369501493
0.625251	1.458194102583915	0.02730816206517997
0.629259	1.4512899142075368	0.02706353375295235
0.633267	1.4443784551818655	0.026827488214022012
0.637275	1.4374611278203744	0.026600622536157383
0.641283	1.430539320015577	0.02638350640703668
0.645291	1.4236144037235512	0.02617667937063183
0.649299	1.416687733511665	0.025980648081550484
0.653307	1.4097606451716034	0.025795883596774163
0.657315	1.4028344543994844	0.025622818748081533
0.661323	1.3959104555445558	0.025461845641394597
0.665331	1.388989920427674	0.025313313331098958
0.669339	1.3820740972304864	0.025177525717822533
0.673347	1.3751642094559675	0.025054739717078257
0.677355	1.3682614549607148	0.024945163743438366
0.681363	1.3613670050591424	0.024848956550522185
0.685371	1.3544820036995011	0.02476622646106329
0.689379	1.3476075667114122	0.024697031013862638
0.693387	1.3407447811244084	0.024641377045750406
0.697395	1.3338947045567637	0.02459922121709412
0.701403	1.3270583646737226	0.024570470979305065
0.705411	1.320236758714059	0.02455498597259566
0.709419	1.3134308530837366	0.024552579832396094
0.713427	1.3066415830152966	0.024563022373733527
0.717435	1.2998698522914667	0.024586042114901972
0.721443	1.2931165330313525	0.024621329095182342
0.725451	1.286382465537477	0.024668537936463508
0.729459	1.279668458201815	0.02472729109543397
0.733467	1.2729752874689038	0.02479718225164128
0.737475	1.2663036978540132	0.024877779777033916
0.741483	1.25965440201431	0.02496863023449807
0.745491	1.2530280808708836	0.025069261856145796
0.749499	1.2464253837794597	0.025179187956463112
0.753507	1.2398469287475968	0.02529791024059766
0.757515	1.2332933026961246	0.02542492197379157
0.761523	1.2267650617625698	0.025559710983953383
0.765531	1.2202627316443138	0.025701762475394182
0.769539	1.2137868079792065	0.025850561637600397
0.773547	1.2073377567613839	0.026005596038416907
0.777555	1.2009160147900422	0.026166357796041106
0.781563	1.1945219901489375	0.026332345528693173
0.785571	1.1881560627144128	0.02650306608467297
0.789579	1.1818185846897782	0.02667803605874672
0.793587	1.1755098811639082	0.026856783103399774
0.797595	1.1692302506919643	0.02703884704551108
0.801603	1.162979965896187	0.027223780820477658
0.805611	1.1567592740847594	0.02741115123680411
0.809619	1.1505683978867882	0.027600539584734792
0.813627	1.1444075359015107	0.027791542102715134
0.817635	1.1382768633598845	0.02798377031536611
0.821643	1.132176532796784	0.028176851256329242
0.825651	1.126106674732088	0.02837042758881795
0.829659	1.120067398358997	0.02856415763605434
0.833667	1.1140587922379983	0.02875771533301811
0.837675	1.1080809249949488	0.028950790110124327
0.841683	1.102133846021814	0.029143086718599335
0.845691	1.096217586178675	0.029334325006480685
0.849699	1.0903321584956704	0.02952423965332239
0.853707	1.084477558873616	0.029712579870880246
0.857715	1.0786537667821003	0.029899109076278706
0.861723	1.0728607459539314	0.030083604543425624
0.865731	1.067098445074863	0.030265857037768074
0.869739	1.0613667984675992	0.03044567043884999
0.873747	1.055665726769136	0.03062286135455316
0.877756	1.049995137600559	0.03079725873038851
0.881764	1.0443549262284795	0.03096870345671845
0.885772	1.0387449762173453	0.031137047976375926
0.88978	1.0331651600719227	0.03130215589475725
0.893788	1.0276153398693018	0.03146390159413398
0.897796	1.0220953678798272	0.03162216985362611
0.901804	1.0166050871764156	0.031776855476016795
0.905812	1.011144332231762	0.03192786292235701
0.90982	1.0057129295029952	0.03207510595511248
0.913828	1.0003106980033838	0.032218507290422076
0.917836	0.9949374498607391	0.03235799825989439
0.921844	0.9895929908622076	0.03249351848223426
0.925852	0.9842771209851855	0.0326250155448827
0.92986	0.9789896349141244	0.03275244469575759
0.933868	0.9737303225430414	0.032875768545105155
0.937876	0.9684989694635762	0.03299495677740142
0.941884	0.9632953574384752	0.03310998587319211
0.945892	0.958119264860416	0.03322083884070857
0.9499	0.9529704671961128	0.033327504957061334
0.953908	0.9478487374156757	0.03342997951878517
0.957916	0.942753846407222	0.0335282636014796
0.961924	0.9376855633767658	0.033622363828275964
0.965932	0.9326436562334308	0.033712292146842994
0.96994	0.9276278919600638	0.033798065614637406
0.973948	0.9226380369693353	0.033879706192093205
0.977956	0.9176738574454455	0.03395724054344494
0.981964	0.9127351196715604	0.034030699844873974
0.985972	0.9078215903431331	0.03410011959966969
0.98998	0.902933036867267	0.03416553946009655
0.993988	0.8980692276483043	0.03422700305566363
0.997996	0.8932299323598291	0.03428455782749531
1.002004	0.8884149222032887	0.03433825486850714
1.006012	0.8836239701534506	0.034388148769097106
1.01002	0.8788568511909176	0.034434297468067594
1.014028	0.8741133425219364	0.03447676210850061
1.018036	0.8693932237857432	0.03451560689831528
1.022044	0.8646962772496949	0.034550898975243036
1.026052	0.8600222879924423	0.03458270827596521
1.03006	0.8553710440754082	0.03461110740916105
1.034068	0.8507423367028363	0.03463617153222621
1.038076	0.846135960370682	0.034657978231424254
1.042084	0.8415517130046198	0.034676607405245405
1.046092	0.8369893960874448	0.03469214115074979
1.0501	0.832448814776147	0.03470466365268406
1.054108	0.8279297780089404	0.03471426107516211
1.058116	0.8234320986025282	0.03472102145571334
1.062124	0.8189555933398881	0.03472503460150434
1.066132	0.8145000830488595	0.034726391987550044
1.07014	0.8100653926718155	0.03472518665673491
1.074148	0.8056513513267032	0.0347215131214741
1.078156	0.8012577923597292	0.03471546726685013
1.082164	0.7968845533899745	0.03470714625506779
1.086172	0.7925314763462129	0.03469664843107729
1.09018	0.7881984074962084	0.03468407322922437
1.094188	0.7838851974687668	0.03466952108078889
1.098196	0.7795917012688096	0.034653093322288546
1.102204	0.7753177782857383	0.03463489210442307
1.106212	0.7710632922953534	0.034615020301548956
1.11022	0.7668281114555894	0.03459358142157995
1.114228	0.7626121082963211	0.03457067951621556
1.118236	0.7584151597034993	0.034546419091410985
1.122244	0.7542371468978593	0.0345209050180088
1.126253	0.7500779554084542	0.034494242442460396
1.130261	0.7459374750412509	0.03446653669757823
1.134269	0.7418155998430256	0.03443789321326417
1.138277	0.7377122280607976	0.03440841742717381
1.142285	0.7336272620970213	0.03437821469528195
1.146293	0.7295606084607685	0.0343473902023288
1.150301	0.725512177715115	0.034316048872133784
1.154309	0.7214818844209505	0.034284295277775316
1.158317	0.7174696470774186	0.03425223355164687
1.162325	0.7134753880591951	0.03421996729540944
1.166333	0.7094990335508036	0.03418759948987057
1.170341	0.7055405134781659	0.03415523240483617
1.174349	0.7015997614375762	0.03412296750898503
1.178357	0.6976767146222883	0.03409090537983528
1.182365	0.6937713137468952	0.034059145613877746
1.186373	0.6898835029696782	0.03402778673696465
1.190381	0.6860132298130994	0.03399692611505406
1.194389	0.6821604450826014	0.03396665986541883
1.198397	0.6783251027838796	0.03393708276844129
1.202405	0.6745071600387834	0.0339082881801261
1.206413	0.6707065769999994	0.03388036794546988
1.210421	0.6669233167646645	0.03385341231283878
1.214429	0.6631573452870541	0.033827509849513736
1.218437	0.6594086312904807	0.03380274735856781
1.222445	0.6556771461785427	0.0337792097972514
1.226453	0.6519628639458471	0.033756980197064274
1.230461	0.6482657610883368	0.03373613958570007
1.234469	0.644585816513339	0.03371676691105332
1.238477	0.6409230114494548	0.033698938967481495
1.242485	0.6372773293563994	0.03368273032451712
1.246493	0.6336487558349009	0.033668213258225416
1.250501	0.6300372785367645	0.03365545768540335
1.254509	0.626442887075196	0.03364453110081281
1.258517	0.6228655729354851	0.03363549851763864
1.262525	0.6193053293861355	0.03362842241135725
1.266533	0.6157621513905329	0.03362336266719576
1.270541	0.6122360355192307	0.033620376531354045
1.274549	0.6087269798629339	0.033619518566153625
1.278557	0.6052349839462587	0.03362084060926799
1.282565	0.601760048642337	0.03362439173717703
1.286573	0.5983021760883346	0.03363021823297521
1.290581	0.594861369601949	0.03363836355865124
1.294589	0.591437633598947	0.033648868331941736
1.298597	0.588030973511799	0.0336617703078434
1.302605	0.5846413957094655	0.03367710436485703
1.306613	0.5812689074183864	0.033694902496013736
1.310621	0.5779135166447197	0.03371519380471984
1.314629	0.574575232097876	0.033738004505437666
1.318637	0.5712540631153888	0.03376335792919992
1.322645	0.5679500195891596	0.03379127453393805
1.326653	0.5646631118931128	0.03382177191958583
1.330661	0.5613933508122945	0.03385486484790007
1.334669	0.5581407474734426	0.03389056526692265
1.338677	0.5549053132770572	0.03392888233999086
1.342685	0.5516870598309961	0.03396982247918372
1.346693	0.5484859988856153	0.034013389383076915
1.350701	0.5453021422704755	0.03405958407866368
1.354709	0.5421355018326307	0.034108404967280924
1.358717	0.5389860893765152	0.0341598478743698
1.362725	0.5358539166054388	0.034213906102884814
1.366733	0.5327389950647027	0.034270570490154646
1.370741	0.5296413360863422	0.03432982946798765
1.374749	0.5265609507355046	0.03439166912580557
1.378758	0.5234978497584629	0.03445607327658273
1.382766	0.5204520435322713	0.03452302352535972
1.386774	0.5174235420160591	0.03459249934009766
1.390782	0.5144123547039645	0.03466447812463469
1.39479	0.5114184905797025	0.0347389352935047
1.398798	0.5084419580727636	0.03481584434837755
1.402806	0.5054827650162369	0.03489517695588029
1.406814	0.5025409186062485	0.03497690302656165
1.410822	0.4996164253630067	0.03506099079476467
1.41483	0.49670929109344275	0.03514740689917562
1.418838	0.4938195208554359	0.03523611646382451
1.422846	0.490947118923608	0.03532708317931812
1.426854	0.4880920887566747	0.03542026938409116
1.430862	0.485254432966336	0.0355156361454742
1.43487	0.48243415328769124	0.0356131433403795
1.438878	0.4796312505511587	0.035712749735420726
1.442886	0.4768457246558835	0.035814413066287826
1.446894	0.4740775745446119	0.0359180901162119
1.450902	0.4713267981800136	0.036023736793362515
1.45491	0.4685933925224293	0.03613130820703305
1.458918	0.4658773535090225	0.036240758742478736
1.462926	0.46317867603431295	0.03635204213428433
1.466934	0.4604973539320679	0.036465111538147986
1.470942	0.4578333799585279	0.0365799196009808
1.47495	0.45518674577694246	0.03669641852922955
1.478958	0.4525574419433913	0.03681456015534288
1.482966	0.44994545789386514	0.03693429600231129
1.486974	0.44735078193258077	0.037055577346219934
1.490982	0.44477340122150477	0.037178355276764316
1.49499	0.4422133017710588	0.03730258075568763
1.498998	0.43967046843198004	0.037428204673108326
1.503006	0.437144884888311	0.03755517790171281
1.507014	0.43463653365148985	0.03768345134879957
1.511022	0.4321453960555155	0.03781297600616515
1.51503	0.4296714522531598	0.03794370299783249
1.519038	0.427214681213199	0.03807558362562654
1.523046	0.4247750607186379	0.03820856941260989
1.527054	0.42235256736589816	0.03834261214439559
1.531062	0.4199471765649442	0.03847766390836119
1.53507	0.4175588625403189	0.03861367713079057
1.539078	0.41518759833306196	0.03875060461197668
1.543086	0.41283335580348257	0.03888839955932128
1.547094	0.41049610563476185	0.039027015618470516
1.551102	0.4081758173373544	0.039166406902529656
1.55511	0.40587245925416576	0.03930652801940211
1.559118	0.4035859985664761	0.0394473340973006
1.563126	0.401316401300586	0.0395887808084795
1.567134	0.39906363233515657	0.03973082439124053
1.571142	0.3968276554092187	0.03987342167026332
1.57515	0.3946084331308257	0.04001653007531531
1.579158	0.39240592698632326	0.04016010765839519
1.583166	0.3902200973502127	0.040304113109364076
1.587174	0.3880509034955814	0.04044850577012056
1.591182	0.3858983036050776	0.04059324564737409
1.59519	0.38376225478240317	0.04073829342407181
1.599198	0.381642713064303	0.04088361046953393
1.603206	0.3795396334330256	0.041029158848351836
1.607214	0.3774529698292331	0.04117490132810179
1.611222	0.3753826751653375	0.041320801385928356
1.61523	0.3733287013392406	0.04146682321404823
1.619238	0.3712909992484564	0.04161293172422679
1.623246	0.369269518804594	0.04175909255127595
1.627255	0.3672642089481804	0.041905272055623444
1.631263	0.3652750176638014	0.042051437325000066
1.635271	0.3633018919955423	0.042197556175292236
1.639279	0.3613447780627069	0.04234359715060429
1.643287	0.3594036210757959	0.04248952952257423
1.647295	0.35747836535272665	0.042635323288986025
1.651303	0.3555689543352744	0.04278094917171864
1.655311	0.3536753306057178	0.04292637861407203
1.659319	0.3517974359036712	0.043071583777508256
1.663327	0.3499352111430857	0.04321653753784428
1.667335	0.3480885964294034	0.0433612134809325
1.671343	0.34625753107684726	0.043505585897862374
1.675351	0.34444195362583213	0.043649629779716946
1.679359	0.34264180186048	0.04379332081191453
1.683367	0.3408570128262259	0.043936635368166964
1.687375	0.33908752284749877	0.04407955050408179
1.691383	0.3373332675454642	0.044222043950437495
1.695391	0.3355941818558145	0.04436409410615681
1.699399	0.3338702000465929	0.044505680031004025
1.703407	0.33216125573604	0.04464678143803017
1.707415	0.3304672819104486	0.044787378685788304
1.711423	0.3287882109420163	0.04492745277034141
1.715431	0.3271239746066832	0.04506698531708308
1.719439	0.3254745041019436	0.04520595857239075
1.723447	0.323839730064622	0.045344355395129876
1.727455	0.3222195825886016	0.04548215924802681
1.731463	0.32061399124249584	0.04561935418892735
1.735471	0.3190228850872536	0.045755924861956225
1.739479	0.31744619269368857	0.0458918564885927
1.743487	0.31588384215992343	0.04602713485867666
1.747495	0.31433576112874156	0.04616174632135797
1.751503	0.31280187680483634	0.04629567777600196
1.755511	0.31128211597195216	0.046428916663062605
1.759519	0.30977640500990805	0.046561450954934976
1.763527	0.30828466991149767	0.04669326914679686
1.767535	0.3068068362992588	0.04682436024744927
1.771543	0.3053428294421053	0.046954713770165614
1.775551	0.3038925742718163	0.047084319723557554
1.779559	0.3024559953993761	0.04721316860246575
1.783567	0.30103301713115904	0.04734125137888279
1.787575	0.29962356348495506	0.04746855949291582
1.791583	0.29822755820583036	0.04759508484379452
1.795591	0.29684492478181784	0.047720819780931414
1.799599	0.2954755864594351	0.047845757095038924
1.803607	0.2941194662590228	0.04796989000930974
1.807615	0.29277648698990266	0.04809321217066412
1.811623	0.291446571265349	0.04821571764106899
1.815631	0.29012964151737247	0.04833740088893294
1.819639	0.288825620011311	0.04845825678058077
1.823647	0.287534428860227	0.04857828057181101
1.827655	0.2862559900391067	0.048697467899539076
1.831663	0.2849902253988597	0.04881581477352973
1.835671	0.28373705668011734	0.048933317568220634
1.839679	0.28249640552682653	0.049049973014639446
1.843687	0.2812681934996383	0.049165778192416916
1.847695	0.2800523420890891	0.04928073052189683
1.851703	0.2788487727285736	0.04939482775634591
1.855711	0.277657406807108	0.04950806797426314
1.859719	0.27647816568188194	0.04962044957179178
1.863727	0.2753109706905996	0.049731971255233286
1.867735	0.27415574316360813	0.049842632033665187
1.871743	0.27301240443581354	0.04995243121166305
1.875752	0.2718808758583832	0.05006136838212741
1.87976	0.2707610788102356	0.05016944341921554
1.883768	0.26965293470931617	0.05027665647137931
1.887776	0.26855636502366037	0.050383007954507925
1.891784	0.26747129128224323	0.050488498545177195
1.895792	0.26639763508561687	0.05059312917400366
1.8998	0.2653353181163352	0.050696901019104734
1.903808	0.2642842621491673	0.05079981549966364
1.907816	0.2632443890610997	0.05090187426959972
1.911824	0.26221562084112915	0.051003079211342554
1.915832	0.2611978795998453	0.0511034324297105
1.91984	0.26019108757880594	0.05120293624589259
1.923848	0.25919516715970475	0.05130159319153271
1.927856	0.2582100408733337	0.05139940600291653
1.931864	0.25723563140834044	0.05149637761525901
1.935872	0.25627186161978227	0.051592511157093
1.93988	0.2553186545374795	0.05168780994475726
1.943888	0.2543759333741671	0.051782277476983087
1.947896	0.2534436215334489	0.051875917429579206
1.951904	0.2525216426175543	0.051968733650213095
1.955912	0.2516099204348994	0.05206073015328868
1.95992	0.2507083790074556	0.052151911114918334
1.963928	0.24981694257792567	0.05224228086798927
1.967936	0.2489355356167304	0.05233184389732243
1.971944	0.24806408282880743	0.052420604834922835
1.975952	0.24720250916022427	0.052508568455320946
1.97996	0.24635073980460714	0.052595739671002964
1.983968	0.24550870020938872	0.052682123527929815
1.987976	0.2446763160818753	0.05276772520114305
1.991984	0.2438535133951373	0.05285254999045667
1.995992	0.24304021839372372	0.0529366033162339
2.0	0.24223635759920384	0.05301989071524742
