0.0	0.6758282832181713	0.01970037667410569
0.004008	0.6626254854890904	0.02006036214070168
0.008016	0.65254373384371	0.02021596194487045
0.012024	0.6461374494781821	0.020134835244107762
0.016032	0.6439483206751294	0.019787209147524337
0.02004	0.6464774956400742	0.019148314051021596
0.024048	0.6541544954571765	0.018201431900822098
0.028056	0.6673052237080286	0.01694181462112571
0.032064	0.6861222121760652	0.015382210092290897
0.036072	0.7106406529935395	0.01356203963205906
0.04008	0.7407236308750658	0.011565784916452222
0.044088	0.7760591842065354	0.009564950091488994
0.048096	0.8161704461806156	0.007909314512114712
0.052104	0.8604383751159673	0.007213316923778783
0.056112	0.9081348314371177	0.00800460587078934
0.06012	0.95846237858847	0.010077560368570599
0.064128	1.0105964658196964	0.012877524270635122
0.068136	1.0637257033701641	0.016020303991055113
0.072144	1.117086677004538	0.01929457191438173
0.076152	1.1699909301606646	0.02257715021667265
0.08016	1.221843068419848	0.025788665367932808
0.084168	1.2721501435328697	0.028874432063298656
0.088176	1.3205233751039913	0.031795800148907
0.092184	1.3666737987611706	0.034525694926860175
0.096192	1.4104036135199507	0.03704591347444356
0.1002	1.4515949176521383	0.039345222579584
0.104208	1.4901972709175317	0.04141787880887053
0.108216	1.5262151931794388	0.04326241801233637
0.112224	1.5596963748017296	0.04488065046794971
0.116232	1.5907210766381703	0.04627683094065202
0.12024	1.6193929580672517	0.047456983706592515
0.124248	1.6458313950983692	0.04842836514417905
0.128257	1.6701652316810112	0.049199046662937264
0.132265	1.6925278357162972	0.04977760078055279
0.136273	1.7130532953591564	0.05017287375660818
0.140281	1.7318735803144325	0.050393829395617935
0.144289	1.7491164981101075	0.05044945026816307
0.148297	1.76490429000522	0.05034868445637769
0.152305	1.7793527304275265	0.05010042783242524
0.156313	1.792570614410727	0.049713533702829604
0.160321	1.8046595374170649	0.049196843324301465
0.164329	1.8157138900766472	0.048559232282735135
0.168337	1.8258210062388696	0.047809669016200734
0.172345	1.835061416186641	0.0469572828581672
0.176353	1.8435091680111624	0.04601143988510834
0.180361	1.8512321892050043	0.0449818255733569
0.184369	1.8582926677764162	0.04387853378876212
0.188377	1.8647474378988351	0.042712161909442346
0.192385	1.8706483595511274	0.04149391183931024
0.196393	1.8760426850128809	0.04023569617851733
0.200401	1.8809734076591464	0.03895024767881862
0.204409	1.885479590421997	0.03765122804915641
0.208417	1.889596672693575	0.03635332883576241
0.212425	1.893356755451904	0.03507235209915184
0.216433	1.8967888650889224	0.03382525167058775
0.220441	1.8999191968834337	0.03263010700920007
0.224449	1.9027713393479675	0.031505992110572624
0.228457	1.905366480833424	0.030472694151747783
0.232465	1.9077235998343653	0.029550235467687865
0.236473	1.9098596404285155	0.028758165087152326
0.240481	1.9117896742277194	0.02811461964621238
0.244489	1.9135270501306259	0.027635210588227346
0.248497	1.9150835330621256	0.02733186617121043
0.252505	1.916469432770431	0.027211818421662558
0.256513	1.917693723636502	0.027276942896658878
0.260521	1.9187641563373348	0.027523608631604246
0.264529	1.9196873620978356	0.027943083597405004
0.268537	1.9204689501679055	0.02852240898174878
0.272545	1.9211135990732797	0.029245557826003545
0.276553	1.9216251421111754	0.03009466379872949
0.280561	1.9220066474949795	0.03105114112197117
0.284569	1.9222604934956276	0.03209658709725969
0.288577	1.9223884388803796	0.03321343066072845
0.292585	1.9223916889114414	0.034385342935437005
0.296593	1.9222709571363847	0.035597453522936806
0.300601	1.9220265231784919	0.036836424030775576
0.304609	1.9216582867169625	0.03809042601054972
0.308617	1.9211658178333597	0.039349060958570076
0.312625	1.9205484038907696	0.040603249711149994
0.316633	1.9198050931050854	0.04184510961766319
0.320641	1.918934734962802	0.043067830995581806
0.324649	1.9179360176360978	0.0442655594932119
0.328657	1.916807502543233	0.045433287735312904
0.332665	1.915547656199965	0.04656675757887202
0.336673	1.9141548795054335	0.04766237309063418
0.340681	1.9126275346035388	0.04871712369007634
0.344689	1.9109639694580607	0.04972851657846433
0.348697	1.9091625402765138	0.05069451745909416
0.352705	1.9072216319139785	0.05161349855636336
0.356713	1.9051396763838484	0.052484193005802614
0.360721	1.9029151695976418	0.05330565477955821
0.364729	1.9005466864507903	0.054077223412281966
0.368737	1.8980328943656801	0.054798492890084406
0.372745	1.8953725653973266	0.05546928415477022
0.376754	1.8925645870009147	0.05608962075476901
0.380762	1.8896079715542147	0.056659707242680525
0.38477	1.8865018647215879	0.05717990997769342
0.388778	1.8832455527400873	0.05765074004039676
0.392786	1.8798384687020395	0.05807283800881737
0.396794	1.8762801979025838	0.05844696037908877
0.400802	1.8725704823149742	0.05877396744304858
0.40481	1.8687092242510606	0.059054812459231006
0.408818	1.8646964892593207	0.05929053197398143
0.412826	1.8605325083081103	0.059482237166469006
0.416834	1.856217679297477	0.05963110610576517
0.420842	1.8517525679389486	0.059738376820374625
0.42485	1.8471379080391614	0.059805341091028655
0.428858	1.8423746012200357	0.059833338886475906
0.432866	1.8374637161054344	0.05982375336970694
0.436874	1.8324064870018317	0.05977800640870685
0.440882	1.8272043120984758	0.059697554531610506
0.44489	1.8218587512108004	0.05958388527118411
0.448898	1.8163715230894473	0.059438513847956384
0.452906	1.8107445023161357	0.05926298014517587
0.456914	1.804979715806768	0.059058845932147025
0.460922	1.79907933894154	0.05882769229544753
0.46493	1.7930456913414181	0.058571117240113865
0.468938	1.7868812323101235	0.058290733425142356
0.472946	1.780588555960695	0.057988165999635216
0.476954	1.7741703860457627	0.05766505050765566
0.480962	1.767629570510839	0.05732303083140611
0.48497	1.7609690757901741	0.05696375714371614
0.488978	1.7541919808650348	0.05658888384211506
0.492986	1.747301471104603	0.05620006743796314
0.496994	1.7403008319100521	0.05579896437533146
0.501002	1.7331934421827038	0.05538722875556341
0.50501	1.72598276763751	0.0549665099448346
0.509018	1.7186723539833926	0.054538450043572266
0.513026	1.7112658199922262	0.054104681198411275
0.517034	1.7037668504784274	0.05366682273951266
0.521042	1.696179189211232	0.05322647812862003
0.52505	1.6885066317817712	0.052785231706276504
0.529058	1.6807530184470056	0.05234464523021325
0.533066	1.6729222269724227	0.05190625420112399
0.537074	1.6650181654951746	0.05147156397689263
0.541082	1.6570447654289815	0.051042045681859674
0.54509	1.6490059744317	0.050619131923885875
0.549098	1.6409057494559185	0.050204212338756896
0.553106	1.6327480499023233	0.04979862898876718
0.557114	1.624536830894855	0.04940367165000033
0.561122	1.6162760366958862	0.049020573030695104
0.56513	1.6079695942787602	0.04865050397089907
0.569138	1.5996214070740853	0.04829456868111247
0.573146	1.5912353489051585	0.04795380008444295
0.577154	1.58281525812681	0.047629155332619404
0.581162	1.5743649319808382	0.04732151157065406
0.58517	1.5658881211800308	0.047031662027655324
0.589178	1.557388524731566	0.04676031251196241
0.593186	1.5488697850093567	0.04650807838712829
0.597194	1.5403354830836666	0.04627548210114822
0.601202	1.5317891343150605	0.04606295133464679
0.60521	1.5232341842185195	0.045870817824556875
0.609218	1.5146740046023004	0.0456993169083229
0.613226	1.5061118899848964	0.045548587820179134
0.617234	1.4975510542922645	0.045418674756010476
0.621242	1.4889946278363153	0.04530952870726684
0.625251	1.4804456545745248	0.045221010047962876
0.629259	1.471907089649455	0.045152891842624596
0.633267	1.4633817972059213	0.04510486382777549
0.637275	1.454872548482565	0.045076537005786316
0.641283	1.4463820201736624	0.04506744877816534
0.645291	1.4379127930561302	0.04507706853604537
0.649299	1.4294673508758875	0.045104803618980095
0.653307	1.4210480794869877	0.045150005549355575
0.657315	1.4126572662362633	0.04521197644869736
0.661323	1.4042970995856145	0.04528997554379691
0.665331	1.3959696689635395	0.045383225674606786
0.669339	1.3876769648370135	0.04549091972193132
0.673347	1.3794208789944362	0.04561222688066059
0.677355	1.3712032050300027	0.045746298713226774
0.681363	1.3630256390195832	0.04589227492766558
0.685371	1.3548897803779762	0.0460492888347355
0.689379	1.3467971328872317	0.04621647244860681
0.693387	1.3387491058856413	0.046392961205355805
0.697395	1.3307470156069399	0.046577898282642374
0.701403	1.322792086659256	0.04677043851229288
0.705411	1.3148854536334031	0.04696975188494911
0.709419	1.3070281628301845	0.04717502665236979
0.713427	1.2992211740965176	0.04738547203838245
0.717435	1.2914653627603572	0.047600320573881104
0.721443	1.2837615216545872	0.04781883007469262
0.725451	1.2761103632202921	0.04804028528368246
0.729459	1.268512521680073	0.04826399920019879
0.733467	1.2609685552723593	0.04848931412098307
0.737475	1.2534789485379687	0.04871560241709781
0.741483	1.2460441146504913	0.04894226707132659
0.745491	1.2386643977824088	0.04916874200000222
0.749499	1.2313400754992097	0.04939449218239101
0.753507	1.2240713611741167	0.04961901361968228
0.757515	1.21685840641641	0.049841833144375174
0.761523	1.2097013035066941	0.05006250809949162
0.765531	1.2026000878328316	0.05028062590559655
0.769539	1.1955547403206381	0.05049580353214212
0.773547	1.1885651898537963	0.05070768688820137
0.777555	1.1816313156778204	0.050915950146224145
0.781563	1.1747529497832583	0.051120295011080986
0.785571	1.1679298792636772	0.05132044994536087
0.789579	1.161161848644321	0.051516169360653855
0.793587	1.1544485621776717	0.05170723278341783
0.797595	1.1477896861024734	0.05189344400296449
0.801603	1.1411848508630926	0.05207463020813369
0.805611	1.134633653286405	0.052250641118341566
0.809619	1.1281356587136857	0.052421348113883645
0.813627	1.1216904030852706	0.0525866433696562
0.817635	1.1152973949760216	0.05274643899580521
0.821643	1.1089561175798983	0.05290066618823937
0.825651	1.1026660306421687	0.05304927439142435
0.829659	1.0964265723380435	0.053192230475424394
0.833667	1.0902371610967252	0.05332951792875722
0.837675	1.0840971973700766	0.053461136068270555
0.841683	1.0780060653453123	0.05358709926695526
0.845691	1.0719631346012903	0.05370743620032916
0.849699	1.0659677617081662	0.05382218911180969
0.853707	1.0600192917703146	0.053931413097287335
0.857715	1.0541170599125873	0.0540351754089518
0.861723	1.0482603927100993	0.05413355477827365
0.865731	1.0424486095618735	0.054226640757932196
0.869739	1.036681024008777	0.05431453308237972
0.873747	1.0309569449962999	0.054397341046651386
0.877756	1.025275678082812	0.054475182902969294
0.881764	1.019636526594032	0.05454818527463628
0.885772	1.014038792724508	0.054616482586681406
0.88978	1.0084817785869937	0.05468021651269163
0.893788	1.0029647872106502	0.054739535437247716
0.897796	0.9974871234890743	0.05479459393337469
0.901804	0.9920480950791896	0.05484555225442086
0.905812	0.9866470132520843	0.054892575839780695
0.90982	0.981283193696914	0.05493583483389143
0.913828	0.9759559572790161	0.054975503617955265
0.917836	0.9706646307534064	0.05501176035385257
0.921844	0.9654085474348499	0.05504478653974537
0.925852	0.9601870478257096	0.05507476657689509
0.92986	0.9549994802027884	0.05510188734725154
0.933868	0.9498452011643876	0.05512633780140665
0.937876	0.9447235761388043	0.05514830855653938
0.941884	0.9396339798554931	0.05516799150402116
0.945892	0.9345757967801109	0.055185579426384565
0.9499	0.9295484215146614	0.05520126562340586
0.953908	0.9245512591639411	0.05521524354708581
0.957916	0.9195837256694838	0.055227706445359945
0.961924	0.9146452481121833	0.05523884701440783
0.965932	0.9097352649847603	0.05524885705947335
0.96994	0.9048532264352243	0.055257927164147416
0.973948	0.8999985944824603	0.055266246368105974
0.977956	0.8951708432050566	0.05527400185333127
0.981964	0.8903694589044601	0.05528137863888553
0.985972	0.8855939402435379	0.05528855928433692
0.98998	0.8808437983615887	0.05529572360197439
0.993988	0.8761185569668332	0.05530304837797588
0.997996	0.8714177524073874	0.05531070710272493
1.002004	0.866740933721699	0.05531886971049414
1.006012	0.8620876626694026	0.05532770232873677
1.01002	0.8574575137435272	0.05533736703724815
1.014028	0.852850074164963	0.055348021637470865
1.018036	0.8482649438600729	0.05535981943223358
1.022044	0.8437017354223079	0.055372909016217234
1.026052	0.8391600740586598	0.05538743407744977
1.03006	0.8346395975217673	0.055403533210128586
1.034068	0.8301399560284578	0.05542133973906696
1.038076	0.8256608121654926	0.055440981556052656
1.042084	0.8212018407832541	0.0554625809683931
1.046092	0.8167627288780918	0.05548625455990919
1.0501	0.8123431754640238	0.055512113064615815
1.054108	0.8079428914344626	0.055540261253305606
1.058116	0.8035615994146174	0.05557079783322641
1.062124	0.7991990336051987	0.055603815361009196
1.066132	0.7948549396180351	0.05563940016897357
1.07014	0.7905290743041834	0.05567763230489809
1.074148	0.7862212055751009	0.05571858548530779
1.078156	0.7819311122174234	0.055762327062286704
1.082164	0.7776585837018739	0.05580891800378386
1.086172	0.773403419986809	0.055858412887337505
1.09018	0.7691654313168887	0.05591085990709435
1.094188	0.7649444380173416	0.055966300893961346
1.098196	0.7607402702842717	0.056024771348677775
1.102204	0.7565527679714456	0.05608630048755335
1.106212	0.7523817803739717	0.05615091130057385
1.11022	0.7482271660092761	0.05621862062153503
1.114228	0.7440887923957527	0.056289439209820595
1.118236	0.7399665358294625	0.056363371843406264
1.122244	0.735860281159228	0.05644041742263325
1.126253	0.7317699215604646	0.056520569084259065
1.130261	0.72769535830807	0.05660381432526667
1.134269	0.72363650054868	0.05669013513588123
1.138277	0.7195932650725884	0.05677950814122142
1.142285	0.7155655760856086	0.05687190475099247
1.146293	0.7115533649811486	0.05696729131660617
1.150301	0.7075565701127544	0.05706562929510513
1.154309	0.7035751365673647	0.05716687541925454
1.158317	0.6996090159395093	0.05727098187315912
1.162325	0.6956581661066713	0.057377896472761994
1.166333	0.6917225510060214	0.057487562850580015
1.170341	0.6878021404127229	0.057599920644036934
1.174349	0.6838969097199922	0.057714905686762005
1.178357	0.680006839721096	0.057832450202231975
1.182365	0.6761319163934472	0.05795248299914857
1.186373	0.6722721306849602	0.05807492966796002
1.190381	0.6684274783028114	0.05819971277795126
1.194389	0.6645979595047444	0.05832675207435276
1.198397	0.6607835788930482	0.05845596467493602
1.202405	0.6569843452113316	0.05858726526559087
1.206413	0.6532002711442051	0.05872056629440579
1.210421	0.6494313731199748	0.05885577816379691
1.214429	0.6456776711164463	0.05899280942026332
1.218437	0.6419391884699273	0.05913156694137136
1.222445	0.6382159516875111	0.059271956119601545
1.226453	0.634507990262716	0.0594138810427209
1.230461	0.6308153364945476	0.05955724467037321
1.234469	0.6271380253100488	0.059701949006607066
1.238477	0.6234760940903883	0.05984789526809401
1.242485	0.6198295825005399	0.05999498404781271
1.246493	0.6161985323225944	0.06014311547400709
1.250501	0.6125829872927411	0.060292189364251805
1.254509	0.6089829929419517	0.06044210537448071
1.258517	0.6053985964403922	0.06059276314286738
1.262525	0.6018298464455845	0.060744062428460574
1.266533	0.5982767929543342	0.06089590324450789
1.270541	0.5947394871584363	0.06104818598641878
1.274549	0.5912179813041659	0.061200811554338985
1.278557	0.5877123285555562	0.061353681470327714
1.282565	0.5842225828614638	0.06150669799014583
1.286573	0.5807487988264142	0.06165976420968157
1.290581	0.5772910315852194	0.06181278416605239
1.294589	0.573849336681355	0.06196566293343853
1.298597	0.5704237699490783	0.062118306713714704
1.302605	0.5670143873992713	0.062270622921957446
1.306613	0.5636212451089819	0.06242252026691825
1.310621	0.5602443991146399	0.06257390882655788
1.314629	0.5568839053089183	0.0627247001187499
1.318637	0.5535398193412088	0.06287480716726448
1.322645	0.5502121965216757	0.06302414456315138
1.326653	0.5469010917288549	0.06317262852164668
1.330661	0.5436065593207559	0.06332017693473124
1.334669	0.540328653049428	0.06346670941947147
1.338677	0.5370674259789472	0.0636121473622771
1.342685	0.5338229304067794	0.06375641395921343
1.346693	0.5305952177884715	0.06389943425250309
1.350701	0.5273843386656246	0.06404113516335705
1.354709	0.524190342597098	0.06418144552127317
1.358717	0.5210132780933934	0.0643202960899395
1.362725	0.5178531925541663	0.0644576195898803
1.366733	0.5147101322088123	0.0645933507179802
1.370741	0.5115841420600712	0.06472742616402098
1.374749	0.5084752658305958	0.06485978462436401
1.378758	0.5053835459124271	0.06499036681290794
1.382766	0.5023090233193194	0.06511911546944962
1.386774	0.4992517376418565	0.06524597536557433
1.390782	0.49621172700530175	0.06537089330819648
1.39479	0.493189028030121	0.06549381814087141
1.398798	0.49018367579512057	0.06561470074299283
1.402806	0.48719570380313926	0.06573349402699191
1.406814	0.4842251439492352	0.06585015293364403
1.410822	0.4812720264913063	0.06596463442559279
1.41483	0.47833638002308443	0.06607689747919229
1.418838	0.47541823144944323	0.06618690307476861
1.422846	0.4725176059639583	0.06629461418539467
1.426854	0.46963452702866	0.06639999576427359
1.430862	0.46676901635591855	0.06650301473081746
1.43487	0.46392109389240205	0.0666036399555092
1.438878	0.46109077780504637	0.06670184224362846
1.442886	0.4582780844689792	0.06679759431792212
1.446894	0.45548302845733846	0.06689087080029398
1.450902	0.4527056225329262	0.06698164819258744
1.45491	0.44994587764164107	0.06706990485652996
1.458918	0.4472038029076307	0.06715562099290623
1.462926	0.44447940563010746	0.06723877862002377
1.466934	0.44177269128177155	0.06731936155153048
1.470942	0.43908366350878514	0.06739735537364337
1.47495	0.43641232413224235	0.0674727474218426
1.478958	0.4337586731510818	0.06754552675708306
1.482966	0.4311227087463864	0.06761568414157344
1.486974	0.42850442728701915	0.06768321201417069
1.490982	0.4259038233365413	0.06774810446543306
1.49499	0.42332088966136294	0.06781035721237583
1.498998	0.4207556172400746	0.06786996757296868
1.503006	0.41820799527391034	0.06792693444041353
1.507014	0.41567801119829406	0.06798125825723804
1.511022	0.41316565069542055	0.0680329409892392
1.51503	0.4106708977078245	0.06808198609930806
1.519038	0.4081937344528916	0.06812839852116682
1.523046	0.40573414143826575	0.06817218463304527
1.527054	0.4032920974781096	0.06821335223132381
1.531062	0.4008675797101733	0.06825191050416735
1.53507	0.3984605636136303	0.06828787000517351
1.539078	0.39607102302763875	0.06832124262705674
1.543086	0.3936989301705867	0.06835204157538852
1.547094	0.3913442556599841	0.06838028134241221
1.551102	0.38900696853295985	0.06840597768095016
1.55511	0.38668703626732903	0.06842914757841918
1.559118	0.3843844248031919	0.06844980923096876
1.563126	0.3820990985650298	0.06846798201775645
1.567134	0.3798310204842628	0.06848368647537242
1.571142	0.37758015202223544	0.06849694427242439
1.57515	0.37534645319359755	0.06850777818429424
1.579158	0.3731298825900483	0.06851621206807444
1.583166	0.3709303974044125	0.06852227083769395
1.587174	0.3687479534550185	0.06852598043924014
1.591182	0.36658250521034935	0.06852736782648408
1.59519	0.36443400581393837	0.06852646093661457
1.599198	0.3623024071094815	0.06852328866618608
1.603206	0.36018765966614064	0.06851788084728509
1.607214	0.35808971280401164	0.06851026822391829
1.611222	0.3560085146197324	0.0685004824286249
1.61523	0.3539440120122068	0.06848855595931654
1.619238	0.35189615070842284	0.06847452215634517
1.623246	0.34986487528933946	0.06845841517980066
1.627255	0.34785012921582487	0.06844026998703812
1.631263	0.3458518548546215	0.06842012231043533
1.635271	0.34386999350432107	0.06839800863537909
1.639279	0.3419044854213282	0.06837396617847996
1.643287	0.3399552698457956	0.06834803286601346
1.647295	0.3380222850275127	0.06832024731258612
1.651303	0.33610546825173104	0.0682906488000235
1.655311	0.3342047558649097	0.06825927725647807
1.659319	0.33232008330036605	0.06822617323575317
1.663327	0.3304513851038164	0.06819137789684042
1.667335	0.32859859495879246	0.06815493298366568
1.671343	0.3267616457119208	0.06811688080504087
1.675351	0.32494046939805155	0.06807726421481582
1.679359	0.3231349972652242	0.06803612659222713
1.683367	0.3213451597994602	0.06799351182243799
1.687375	0.3195708867493691	0.06794946427726418
1.691383	0.3178121071505597	0.067904028796082
1.695391	0.3160687493498459	0.06785725066691083
1.699399	0.3143407410292366	0.06780917560766707
1.703407	0.31262800922970313	0.06775984974758163
1.707415	0.3109304803747137	0.06770931960877666
1.711423	0.3092480802935288	0.06765763208799486
1.715431	0.30758073424424914	0.06760483443847565
1.719439	0.3059283669366097	0.06755097425197196
1.723447	0.3042909025545139	0.06749609944090199
1.727455	0.30266826477830155	0.067440258220629
1.731463	0.30106037680674513	0.06738349909186395
1.735471	0.29946716137876933	0.06732587082318434
1.739479	0.29788854079488986	0.0672674224336627
1.743487	0.29632443693836613	0.06720820317560024
1.747495	0.2947747712960653	0.06714826251735773
1.751503	0.2932394649790324	0.06708765012627908
1.755511	0.29171843874276604	0.06702641585170148
1.759519	0.29021161300719384	0.06696460970804606
1.763527	0.28871890787634724	0.06690228185798416
1.767535	0.2872402431577334	0.06683948259567302
1.771543	0.2857755383814009	0.066776262330057
1.775551	0.2843247128186995	0.06671267156822754
1.779559	0.28288768550073135	0.06664876089883867
1.783567	0.2814643752364936	0.06658458097557268
1.787575	0.280054700630711	0.06652018250065171
1.791583	0.27865858010135836	0.0664556162083913
1.795591	0.27727593189687266	0.06639093284879229
1.799599	0.2759066741130547	0.06632618317116738
1.803607	0.27455072470966047	0.0662614179077991
1.807615	0.273208001526683	0.06619668775762655
1.811623	0.2718784223003247	0.06613204336995866
1.815631	0.2705619046786619	0.06606753532821126
1.819639	0.2692583662370015	0.06600321413366692
1.823647	0.26796772449293216	0.06593913018925557
1.827655	0.26668989692107037	0.0658753337833555
1.831663	0.26542480096750354	0.06581187507361418
1.835671	0.26417235406393125	0.06574880407078858
1.839679	0.2629324736415073	0.06568617062260558
1.843687	0.26170507714438324	0.06562402439764335
1.847695	0.2604900820429571	0.065562414869235
1.851703	0.25928740584682775	0.06550139129939651
1.855711	0.25809696611745875	0.06544100272278071
1.859719	0.25691868048055305	0.06538129793066083
1.863727	0.25575246663814155	0.06532232545494648
1.867735	0.25459824238038803	0.06526413355223634
1.871743	0.2534559255971132	0.06520677018791092
1.875752	0.2523254342890405	0.06515028302027188
1.87976	0.25120668657876666	0.06509471938473163
1.883768	0.25009960072146015	0.06504012627806048
1.887776	0.24900409511528968	0.06498655034269683
1.891784	0.24792008831158724	0.06493403785112785
1.895792	0.24684749902474729	0.06488263469034795
1.8998	0.24578624614186625	0.06483238634640331
1.903808	0.2447362487321253	0.06478333788903025
1.907816	0.24369742605591932	0.06473553395639702
1.911824	0.2426696975737362	0.06468901873995829
1.915832	0.24165298295478838	0.06464383596943214
1.91984	0.2406472020854019	0.06460002889790974
1.923848	0.23965227507716444	0.0645576402871087
1.927856	0.23866812227483694	0.0645167123927813
1.931864	0.23769466426403227	0.06447728695028858
1.935872	0.23673182187866318	0.06443940516035321
1.93988	0.2357795162081648	0.06440310767500203
1.943888	0.23483766860449362	0.06436843458371211
1.947896	0.23390620068890697	0.0643354253997722
1.951904	0.23298503435852688	0.0643041190468733
1.955912	0.23207409179269095	0.06427455384594084
1.95992	0.23117329545909482	0.06424676750222272
1.963928	0.2302825681197282	0.06422079709264654
1.967936	0.22940183283660973	0.06419667905345952
1.971944	0.22853101297732228	0.06417444916816502
1.975952	0.22767003222035395	0.06415414255576954
1.97996	0.22681881456024622	0.0641357936593542
1.983968	0.22597728431255498	0.06411943623498385
1.987976	0.22514536611862543	0.06410510334096828
1.991984	0.22432298495018624	0.06409282732748806
1.995992	0.22351006611376506	0.06408263982659976
2.0	0.22270653525492948	0.06407457174263204
