0.0	0.6316589815315042	0.03806835312739881
0.004008	0.6156517312956135	0.038700709829209555
0.008016	0.6033659819589794	0.03885424441268883
0.012024	0.5955737505396319	0.03844311532039154
0.016032	0.5930383906818648	0.037386843348899454
0.02004	0.5964680944362624	0.035617056630815755
0.024048	0.6064621178069751	0.033085802504291155
0.028056	0.6234545296604546	0.02977590503851563
0.032064	0.6476622331247428	0.025715638964350022
0.036072	0.6790450687782037	0.02100686375069861
0.04008	0.7172853761429063	0.015904809527412016
0.044088	0.7617921783588244	0.011127066071674992
0.048096	0.8117314187742024	0.00890198319571013
0.052104	0.8660792417138792	0.011809929467098352
0.056112	0.9236913323360282	0.017806073007983786
0.06012	0.9833788841169945	0.024810047134958043
0.064128	1.0439814217752375	0.03208372971692098
0.068136	1.1044283612412507	0.039305659959136034
0.072144	1.1637841527616308	0.046286856457847275
0.076152	1.2212751974966376	0.05289912678131772
0.08016	1.276299628251487	0.05905250837585246
0.084168	1.3284230101360708	0.06468558886399678
0.088176	1.3773639317299728	0.0697596308956447
0.092184	1.422973487720591	0.07425400806764564
0.096192	1.4652121003084417	0.07816228842197281
0.1002	1.5041262960888688	0.08148883259553182
0.104208	1.5398271864553459	0.08424590517524637
0.108216	1.5724716396943323	0.08645130499999609
0.112224	1.6022465469377554	0.08812649585159736
0.116232	1.6293561798505514	0.08929519476463824
0.12024	1.654012391249515	0.08998235999288627
0.124248	1.6764272841620917	0.09021351497961565
0.128257	1.6968079331732306	0.09001434623831177
0.132265	1.7153527530097414	0.08941051920960207
0.136273	1.7322491495599788	0.08842766473592527
0.140281	1.7476721416174992	0.08709149827687875
0.144289	1.7617836972391763	0.08542804347705941
0.148297	1.774732580801274	0.08346394075711829
0.152305	1.7866545527102797	0.08122683008505943
0.156313	1.7976728022729749	0.07874580498852321
0.160321	1.8078985255558175	0.07605194213726192
0.164329	1.817431584845765	0.07317891712932759
0.168337	1.826361205480321	0.07016372147711605
0.172345	1.8347666803028513	0.06704749595142767
0.176353	1.8427180627162973	0.06387648681326928
0.180361	1.850276837040935	0.060703105558830996
0.184369	1.8574965602934712	0.057587015457502416
0.188377	1.8644234731412868	0.05459605914025073
0.192385	1.8710970800879474	0.05180666032314465
0.196393	1.8775507002662408	0.04930308101495692
0.200401	1.8838119908316902	0.047174668327314324
0.204409	1.8899034450816754	0.04551020263541473
0.208417	1.8958428672436658	0.04438903091159944
0.212425	1.901643825512084	0.043870097069067804
0.216433	1.9073160844664252	0.04398184103186644
0.220441	1.9128660175465633	0.044716831655779644
0.224449	1.9182969998459591	0.046033579296751254
0.228457	1.9236097811429778	0.04786475847036518
0.232465	1.9288028388431657	0.05012842621266803
0.236473	1.9338727103575908	0.052738509758599235
0.240481	1.9388143043914874	0.05561238759761296
0.244489	1.9436211906538288	0.05867519776782949
0.248497	1.9482858676078578	0.06186156521155241
0.252505	1.9528000080482035	0.06511570068911167
0.256513	1.9571546824941282	0.06839065780261193
0.260521	1.9613405606133936	0.07164726195484558
0.264529	1.9653480911212535	0.07485299602680037
0.268537	1.9691676608206128	0.07798097663659144
0.272545	1.972789733651437	0.08100906899877168
0.276553	1.9762049707919707	0.08391914521792365
0.280561	1.9794043329959017	0.08669647214529706
0.284569	1.9823791664555692	0.08932920894080579
0.288577	1.985121273551153	0.09180799446301845
0.292585	1.9876229698808578	0.09412560698971828
0.296593	1.989877128970166	0.09627668180497048
0.300601	1.9918772160330271	0.09825747509927221
0.304609	1.9936173121087268	0.10006566512805341
0.308617	1.9950921298297666	0.10170018359989462
0.312625	1.9962970219929645	0.10316107185550964
0.316633	1.9972279840126055	0.10444935762098403
0.320641	1.9978816512347823	0.10556694904709049
0.324649	1.9982552919896799	0.10651654344611095
0.328657	1.9983467971564435	0.10730154866251336
0.332665	1.9981546669159498	0.10792601540680927
0.336673	1.9976779952721972	0.10839457917580429
0.340681	1.9969164528346275	0.10871241060200573
0.344689	1.9958702682724876	0.10888517323843266
0.348697	1.9945402087789839	0.10891898790577326
0.352705	1.9929275598177514	0.10882040281616859
0.356713	1.9910341043671	0.10859636874838405
0.360721	1.988862101828411	0.10825421858699762
0.364729	1.9864142667235993	0.10780165055616237
0.368737	1.9836937472722234	0.10724671447787223
0.372745	1.9807041039110955	0.1065978003661217
0.376754	1.9774492877974714	0.10586362863206333
0.380762	1.9739336193204526	0.10505324112132775
0.38477	1.9701617666334845	0.1041759921335197
0.388778	1.9661387242131247	0.10324153848679217
0.392786	1.9618697914449872	0.10225982758996957
0.396794	1.957360551236361	0.10124108237568283
0.400802	1.9526168486559243	0.10019578183789202
0.40481	1.9476447696037011	0.0991346358171887
0.408818	1.9424506195185212	0.09806855260274223
0.412826	1.9370409021353068	0.0970085978908388
0.416834	1.9314222983101768	0.0959659436812572
0.420842	1.925601644937301	0.09495180583250346
0.42485	1.9195859139873876	0.09397736926467046
0.428858	1.9133821917034073	0.09305370022147247
0.432866	1.9069976579944525	0.09219164559983856
0.436874	1.9004395660733486	0.09140172013047633
0.440882	1.8937152223876368	0.09069398312763746
0.44489	1.886831966896772	0.0900779075734159
0.448898	1.879797153750731	0.08956224538096749
0.452906	1.8726181324266875	0.08915489368082008
0.456914	1.8653022293809778	0.08886276776212007
0.460922	1.8578567302732443	0.08869168673922988
0.46493	1.8502888628184488	0.08864627798641016
0.468938	1.8426057803204314	0.08872990581823505
0.472946	1.834814545937924	0.08894462878793083
0.476954	1.8269221177304544	0.0892911884063696
0.480962	1.8189353345275188	0.08976903020206388
0.48497	1.8108609026597893	0.09037635605150134
0.488978	1.8027053835861009	0.09111020483278792
0.492986	1.7944751824445853	0.09196655689712578
0.496994	1.7861765375506802	0.09294045676146824
0.501002	1.7778155108589637	0.09402614787613453
0.50501	1.7693979793998842	0.09521721330841983
0.509018	1.7609296276965998	0.0965067166348803
0.513026	1.7524159411613636	0.09788733813317095
0.517034	1.7438622004652589	0.09935150237199487
0.521042	1.7352734768696902	0.10089149438230913
0.52505	1.7266546285028939	0.1024995626435339
0.529058	1.718010297559919	0.10416800805513853
0.533066	1.7093449084000745	0.10588925883919094
0.537074	1.7006626665117817	0.1076559319148058
0.541082	1.6919675583111113	0.10946088170479168
0.54509	1.6832633517370839	0.11129723759688787
0.549098	1.6745535976040269	0.11315843141352867
0.553106	1.6658416316689602	0.11503821627430649
0.557114	1.6571305773700804	0.11693067819225376
0.561122	1.6484233491909615	0.1188302416532501
0.56513	1.639722656604043	0.1207316703073683
0.569138	1.6310310085463255	0.12263006376717127
0.573146	1.6223507183799348	0.12452085137206009
0.577154	1.6136839092902822	0.12639978364725904
0.581162	1.6050325200749747	0.12826292206558532
0.58517	1.5963983112773181	0.13010662761226366
0.589178	1.5877828716192441	0.1319275485586479
0.593186	1.579187624689691	0.1337226077696755
0.597194	1.5706138358458979	0.1354889898014074
0.601202	1.562062619286671	0.1372241279879672
0.60521	1.5535349452584288	0.13892569167021668
0.609218	1.5450316473567094	0.14059157368028477
0.613226	1.536553429887795	0.1422198781652547
0.617234	1.5281008752571523	0.14380890880874006
0.621242	1.5196744513534841	0.1453571574896854
0.625251	1.5112745188993024	0.14686329340254078
0.629259	1.5029013387410748	0.1483261526512568
0.633267	1.4945550790541076	0.1497447283205882
0.637275	1.4862358224394345	0.15111816102146772
0.641283	1.4779435728920416	0.15244572990225957
0.645291	1.4696782626217617	0.15372684411410306
0.649299	1.461439758710133	0.15496103471607872
0.653307	1.4532278695883927	0.1561479470042599
0.657315	1.445042351323589	0.1572873332477029
0.661323	1.436882913701517	0.15837904581389914
0.665331	1.428749226096834	0.15942303066605745
0.669339	1.4206409231222576	0.16041932121468924
0.673347	1.4125576100502204	0.1613680325062815
0.677355	1.4044988680017325	0.1622693557322857
0.681363	1.3964642588984824	0.16312355304218704
0.685371	1.3884533301754098	0.16393095264502971
0.689379	1.3804656192520945	0.16469194418439737
0.693387	1.3725006577623202	0.16540697437251117
0.697395	1.3645579755421255	0.1660765428697615
0.701403	1.356637104377505	0.16670119839663985
0.705411	1.3487375815137141	0.16728153506567225
0.709419	1.3408589529288415	0.16781818892157702
0.713427	1.3330007763749474	0.16831183467846458
0.717435	1.3251626241906556	0.16876318264346854
0.721443	1.3173440858895828	0.16917297581675217
0.725451	1.3095447705294596	0.16954198715835084
0.729459	1.3017643088671833	0.16987101701282112
0.733467	1.294002355305403	0.17016089068313417
0.737475	1.286258589636532	0.17041245614571177
0.741483	1.2785327185903392	0.1706265818989295
0.745491	1.2708244771914927	0.17080415493782167
0.749499	1.2631336299335998	0.1709460788481135
0.753507	1.2554599717764403	0.17105327201306877
0.757515	1.247803328973194	0.17112666592699594
0.761523	1.2401635597345486	0.171167203609582
0.765531	1.2325405547366373	0.17117583811553758
0.769539	1.2249342374797731	0.17115353113433238
0.773547	1.2173445645049707	0.1711012516750788
0.777555	1.209771525475229	0.17101997483188464
0.781563	1.2022151431285173	0.17091068062524406
0.785571	1.194675473109368	0.1707743529152684
0.789579	1.1871526036859146	0.1706119783827767
0.793587	1.1796466553591396	0.17042454557447245
0.797595	1.1721577803710117	0.17021304400862175
0.801603	1.1646861621180944	0.16997846333783012
0.805611	1.1572320144770958	0.1697217925656743
0.809619	1.1497955810487213	0.16944401931411107
0.813627	1.142377134326058	0.16914612913871435
0.817635	1.1349769747935896	0.16882910488893235
0.821643	1.127595429962803	0.16849392611067412
0.825651	1.120232853350204	0.1681415684886439
0.829659	1.112889623403403	0.16777300332594852
0.833667	1.1055661423807868	0.16738919705858468
0.837675	1.0982628351901231	0.16699111080251
0.841683	1.0909801481912895	0.16657969993106306
0.845691	1.0837185479681473	0.16615591368057905
0.849699	1.0764785200744167	0.16572069478209814
0.853707	1.0692605677582345	0.16527497911712694
0.857715	1.062065210669902	0.16481969539546032
0.861723	1.054892983557162	0.16435576485311415
0.865731	1.0477444349521599	0.1638841009684673
0.869739	1.0406201258540695	0.16340560919474287
0.873747	1.0335206284111933	0.1629211867069981
0.877756	1.0264465246061525	0.1624317221618263
0.881764	1.0193984049476257	0.1619380954680066
0.885772	1.0123768671718971	0.16144117756637152
0.88978	1.0053825149573128	0.16094183021719488
0.893788	0.9984159566545593	0.1604409057934419
0.897796	0.9914778040355067	0.1599392470782547
0.901804	0.9845686710631869	0.1594376870650982
0.905812	0.9776891726853005	0.15893704875902373
0.90982	0.9708399236534837	0.1584381449775699
0.913828	0.9640215373703926	0.15794177814986848
0.917836	0.9572346247665025	0.15744874011258797
0.921844	0.9504797932083553	0.15695981190141392
0.925852	0.9437576454398315	0.1564757635368455
0.92986	0.9370687785578645	0.15599735380316754
0.933868	0.9304137830238687	0.15552533001955118
0.937876	0.923793241711998	0.1550604278023389
0.941884	0.9172077289952132	0.15460337081767758
0.945892	0.910657809869993	0.15415487052378413
0.9499	0.9041440391203884	0.15371562590225318
0.953908	0.8976669605219904	0.1532863231779574
0.957916	0.8912271060862514	0.15286763552723054
0.961924	0.8848249953454823	0.15246022277418145
0.965932	0.878461134678726	0.15206473107514165
0.96994	0.8721360166785999	0.1516817925914215
0.973948	0.8658501195590883	0.15131202515071535
0.977956	0.8596039066041692	0.15095603189767626
0.981964	0.8533978256570541	0.1506144009343564
0.985972	0.8472323086497401	0.15028770495139082
0.98998	0.8411077711724709	0.14997650085097783
0.993988	0.8350246120826389	0.14968132936289144
0.997996	0.8289832131525677	0.1494027146549275
1.002004	0.8229839387555566	0.14914116393935573
1.006012	0.8170271355894928	0.14889716707710549
1.01002	0.8111131324372817	0.14867119618156222
1.014028	0.8052422399632846	0.14846370522398356
1.018036	0.7994147505449076	0.14827512964266806
1.022044	0.7936309381384323	0.14810588595811022
1.026052	0.7878910581781414	0.14795637139646106
1.03006	0.7821953475077538	0.14782696352368185
1.034068	0.7765440243431503	0.14771801989281644
1.038076	0.7709372882653426	0.14762987770683292
1.042084	0.7653753202426146	0.14756285349948106
1.046092	0.7598582826807422	0.14751724283658127
1.0501	0.7543863195001863	0.14749332004011226
1.054108	0.7489595562391342	0.1474913379373822
1.058116	0.7435781001812611	0.14751152763746994
1.062124	0.7382420405070749	0.14755409833699315
1.066132	0.732951448467705	0.14761923715711303
1.07014	0.7277063775799979	0.14770710901351292
1.074148	0.7225068638417834	0.14781785652090057
1.078156	0.7173529259661843	0.14795159993337206
1.082164	0.7122445656338481	0.14810843712175803
1.086172	0.7071817677619947	0.14828844358883186
1.09018	0.7021645007891818	0.14849167252301745
1.094188	0.6971927169747113	0.1487181548909845
1.098196	0.6922663527116126	0.14896789956925693
1.102204	0.687385328852161	0.14924089351471326
1.106212	0.6825495510449084	0.1495371019735951
1.11022	0.677758910082228	0.14985646872839986
1.114228	0.6730132822573938	0.1501989163817872
1.118236	0.6683125297302471	0.1505643466764057
1.122244	0.6636565009005221	0.15095264084932722
1.126253	0.6590450307879316	0.15136366001957854
1.130261	0.6544779414181432	0.15179724560707858
1.134269	0.6499550422137986	0.1522532197811264
1.138277	0.6454761303897684	0.1527313859364414
1.142285	0.6410409913518474	0.15323152919464075
1.146293	0.636649399098142	0.1537534169289368
1.150301	0.6323011166224182	0.15429679930976287
1.154309	0.6279958963187148	0.15486140986898078
1.158317	0.6237334803865547	0.15544696608029288
1.162325	0.6195136012361152	0.15605316995346885
1.166333	0.6153359818927501	0.15667970864000688
1.170341	0.6112003364002837	0.1573262550478793
1.174349	0.6071063702225293	0.15799246846305448
1.178357	0.6030537806425064	0.1586779951755546
1.182365	0.5990422571588678	0.15938246910788045
1.186373	0.5950714818790707	0.16010551244372798
1.190381	0.5911411299088514	0.16084673625502213
1.194389	0.5872508697375972	0.16160574112539958
1.198397	0.5834003636192268	0.16238211776839617
1.202405	0.5795892679482222	0.16317544763871544
1.206413	0.5758172336304789	0.1639853035350807
1.210421	0.5720839064486626	0.16481125019330983
1.214429	0.5683889274217889	0.1656528448683769
1.218437	0.5647319331587614	0.16650963790436277
1.222445	0.561112556205628	0.1673811732913226
1.226453	0.5575304253863375	0.1682669892082281
1.230461	0.5539851661367955	0.16916661855126602
1.234469	0.5504764008320454	0.17007958944689425
1.238477	0.5470037491064113	0.17100542574917096
1.242485	0.5435668281664653	0.17194364752098187
1.246493	0.5401652530966962	0.1728937714988927
1.250501	0.5367986371577738	0.17385531154145056
1.254509	0.5334665920773196	0.17482777906084632
1.258517	0.5301687283331113	0.17581068343793382
1.262525	0.5269046554286623	0.17680353242067545
1.266533	0.5236739821611309	0.17780583250615356
1.270541	0.5204763168815316	0.17881708930634665
1.274549	0.5173112677472257	0.17983680789792683
1.278557	0.5141784429666906	0.1808644931563789
1.282565	0.5110774510365697	0.18189965007478914
1.286573	0.508007900971022	0.18294178406768133
1.290581	0.5049694025233974	0.18399040126031377
1.294589	0.5019615664002731	0.1850450087638709
1.298597	0.4989840044678995	0.18610511493700793
1.302605	0.4960363299511066	0.18717022963421712
1.306613	0.4931181576247356	0.18823986444150081
1.310621	0.4902291039976631	0.1893135328998384
1.314629	0.4873687874894953	0.1903907507169428
1.318637	0.4845368286000147	0.1914710359677983
1.322645	0.4817328500714676	0.19255390928447266
1.326653	0.47895647704378697	0.19363889403568962
1.330661	0.4762073372028489	0.19472551649664116
1.334669	0.4734850609218675	0.19581330600951
1.338677	0.47078928139603415	0.19690179513516273
1.342685	0.46811963477051505	0.19799051979645999
1.346693	0.46547576026192	0.19907901941361908
1.350701	0.46285730027336097	0.20016683703204863
1.354709	0.46026390050322197	0.20125351944306058
1.358717	0.45769521004776204	0.20233861729784805
1.362725	0.45515088149767763	0.20342168521510426
1.366733	0.45263057102875076	0.20450228188263758
1.370741	0.4501339384867111	0.20557997015332488
1.374749	0.44766064746644274	0.2066543171357265
1.378758	0.44521036538566505	0.20772489427967156
1.382766	0.44278276355322016	0.20879127745710455
1.386774	0.44037751723209845	0.209853047038469
1.390782	0.43799430569733444	0.21090978796488966
1.39479	0.4356328122889059	0.2119610898163958
1.398798	0.43329272445976835	0.21300654687641773
1.402806	0.43097373381915677	0.21404575819277233
1.406814	0.4286755361712874	0.21507832763533719
1.410822	0.4263978315495896	0.21610386395060602
1.41483	0.42414032424659937	0.21712198081329667
1.418838	0.42190272283964414	0.21813229687517968
1.422846	0.4196847402124472	0.21913443581127592
1.426854	0.4174860935727798	0.2201280263635675
1.430862	0.41530650446628875	0.22111270238234848
1.43487	0.41314569878662244	0.2220881028653403
1.438878	0.4110034067819821	0.22305387199467974
1.442886	0.4088793630582195	0.2240096591718822
1.446894	0.40677330657860183	0.2249551190508766
1.450902	0.4046849806603651	0.22588991156919377
1.45491	0.4026141329681725	0.22681370197739154
1.458918	0.40056051550459465	0.22772616086678574
1.462926	0.39852388459772586	0.22862696419555384
1.466934	0.39650400088605076	0.22951579331327107
1.470942	0.3945006293006698	0.2303923349839333
1.47495	0.39251353904499436	0.23125628140751686
1.478958	0.3905425035720196	0.23210733024011804
1.482966	0.388587300559277	0.23294518461271668
1.486974	0.38664771188157393	0.23376955314859704
1.490982	0.3847235235816193	0.23458014997946072
1.49499	0.38281452583863484	0.23537669476026335
1.498998	0.3809205129350503	0.23615891268279982
1.503006	0.3790412832213775	0.23692653448806522
1.507014	0.37717663907935656	0.2376792964774124
1.511022	0.37532638688346637	0.23841694052252868
1.51503	0.3734903369608875	0.23913921407424854
1.519038	0.37166830355000635	0.239845870170222
1.523046	0.3698601047575444	0.2405366674414539
1.527054	0.36806556251439726	0.24121137011772842
1.531062	0.366284502530264	0.24186974803193573
1.53507	0.36451675424714686	0.24251157662331096
1.539078	0.3627621507917968	0.24313663693960302
1.543086	0.36102052892718317	0.24374471563818192
1.547094	0.3592917290030588	0.24433560498610055
1.551102	0.3575755949056918	0.24490910285912176
1.55511	0.3558719740068352	0.24546501273972468
1.559118	0.3541807171120008	0.24600314371410223
1.563126	0.3525016784081027	0.24652331046816395
1.567134	0.3508347154105352	0.2470253332825584
1.571142	0.3491796889097463	0.2475090380267276
1.57515	0.34753646291736756	0.24797425615200963
1.579158	0.3459049046119571	0.24842082468380633
1.583166	0.34428488428441406	0.2488485862128289
1.587174	0.3426762752831176	0.24925738888544288
1.591182	0.3410789539588442	0.24964708639312638
1.59519	0.3394927996095142	0.25001753796106413
1.599198	0.3379176944248161	0.25036860833589525
1.603206	0.33635352343075864	0.25070016777263676
1.607214	0.334800174434193	0.25101209202080477
1.611222	0.3332575379673537	0.2513042623097562
1.61523	0.33172550723245753	0.2515765653332766
1.619238	0.3302039780464037	0.2518288932334392
1.623246	0.3286928487856141	0.25206114358376175
1.627255	0.3271920203310514	0.2522732193716892
1.631263	0.32570139601345216	0.25246502898043405
1.635271	0.3242208815588101	0.2526364861702014
1.639279	0.3227503850341418	0.25278751005883376
1.643287	0.3212898167935686	0.252918025101908
1.647295	0.3198390894247443	0.2530279610723199
1.651303	0.31839811769565896	0.2531172530393908
1.655311	0.31696681850184466	0.25318584134753797
1.659319	0.3155451108140133	0.25323367159454196
1.663327	0.31413291562614837	0.25326069460945766
1.667335	0.3127301559040765	0.25326686643020707
1.671343	0.3113367565345413	0.25325214828089854
1.675351	0.30995264427480107	0.25321650654891764
1.679359	0.3085777477027702	0.2531599127618367
1.683367	0.30721199716772407	0.2530823435641901
1.687375	0.3058553247415855	0.25298378069416605
1.691383	0.30450766417080866	0.2528642109602656
1.695391	0.303168950828878	0.252723626217982
1.699399	0.3018391216694349	0.25256202334655636
1.703407	0.30051811518004745	0.252379404225863
1.707415	0.2992058713366352	0.25217577571348637
1.711423	0.2979023315585606	0.25195114962204634
1.715431	0.29660743866439865	0.2517055426968348
1.719439	0.2953211368283926	0.2514389765938288
1.723447	0.29404337153760723	0.25115147785814274
1.727455	0.2927740895497858	0.2508430779029883
1.731463	0.29151323885191843	0.25051381298921355
1.735471	0.2902607686195283	0.25016372420549
1.739479	0.28901662917668075	0.24979285744922322
1.743487	0.2877807719567206	0.24940126340826296
1.747495	0.2865531494637412	0.248988997543489
1.751503	0.28533371523478834	0.2485561200723581
1.755511	0.2841224238028019	0.24810269595349
1.759519	0.28291923066029684	0.24762879487238193
1.763527	0.2817240922237845	0.2471344912283393
1.767535	0.2805369657989349	0.24661986412271253
1.771543	0.2793578095464799	0.2460849973485372
1.775551	0.27818658244885636	0.24552997938167104
1.779559	0.2770232442775885	0.24495490337353204
1.783567	0.2758677555614064	0.24435986714553856
1.787575	0.27472007755509986	0.24374497318536043
1.791583	0.2735801722091034	0.24311032864509052
1.795591	0.2724480021398098	0.24245604534145368
1.799599	0.2713235306006077	0.24178223975816823
1.803607	0.2702067214536399	0.24108903305058588
1.807615	0.2690975391422762	0.24037655105273584
1.811623	0.2679959486642972	0.2396449242869042
1.815631	0.2669019155457824	0.23889428797588538
1.819639	0.26581540581569707	0.238124782058048
1.823647	0.26473638598117183	0.23733655120535882
1.827655	0.2636648230034681	0.2365297448445198
1.831663	0.2626006842746226	0.2357045171813737
1.835671	0.2615439375947634	0.2348610272287426
1.839679	0.2604945511500911	0.23399943883786797
1.843687	0.2594524934915156	0.23311992073363097
1.847695	0.25841773351394237	0.23222264655373206
1.851703	0.2573902404361985	0.23130779489202347
1.855711	0.2563699837815912	0.23037554934618956
1.859719	0.25535693335908916	0.22942609856998136
1.863727	0.2543510592451189	0.22845963633021696
1.867735	0.2533523317659662	0.22747636156877094
1.871743	0.252360721480774	0.2264764784697802
1.875752	0.25137619916512743	0.22546019653230723
1.87976	0.2503987357952164	0.2244277306487074
1.883768	0.24942830253256645	0.22337930118895827
1.887776	0.24846487070932766	0.22231513409121922
1.891784	0.24750841181411262	0.22123546095889673
1.895792	0.24655889747837306	0.22014051916450603
1.8998	0.24561629946330568	0.21903055196062543
1.903808	0.24468058964727685	0.21790580859825484
1.907816	0.2437517400137563	0.21676654445289742
1.911824	0.24282972263975036	0.2156130211586965
1.915832	0.24191450968472342	0.21444550675097326
1.91984	0.24100607337999896	0.21326427581751534
1.923848	0.24010438601862905	0.21206960965898672
1.927856	0.2392094199457227	0.21086179645883285
1.931864	0.23832114754922323	0.2096411314630705
1.935872	0.2374395412511236	0.20840791717036122
1.93988	0.2365645734991111	0.20716246353277562
1.943888	0.23569621675863042	0.20590508816766923
1.947896	0.23483444350535532	0.20463611658109512
1.951904	0.2339792262180593	0.20335588240318953
1.955912	0.2331305373718751	0.20206472763596994
1.95992	0.23228834943193394	0.20076300291399418
1.963928	0.2314526348473733	0.19945106777832808
1.967936	0.23062336604570566	0.19812929096427118
1.971944	0.22980051542753666	0.19679805070329123
1.975952	0.22898405536162492	0.19545773503960776
1.97996	0.2281739581802725	0.19410874216186333
1.983968	0.22737019617503842	0.19275148075030074
1.987976	0.22657274159276433	0.19138637033985623
1.991984	0.2257815666319048	0.19001384169954622
1.995992	0.2249966434391521	0.18863433722850423
2.0	0.22421794410634743	0.18724831136898343
