0.0	0.0	0.0
0.004008	0.050094906238086684	0.00010283970230510838
0.008016	0.10081328878130894	0.0002076181978584323
0.012024	0.15212614129595875	0.0003140259633115395
0.016032	0.20399841769891947	0.0004216876572102557
0.02004	0.25638854428458524	0.0005301571070050181
0.024048	0.309247964545823	0.0006389128856206511
0.028056	0.36252073696276926	0.0007473547793034323
0.032064	0.416143209262909	0.0008548015031938471
0.036072	0.47004379561529475	0.0009604900767330476
0.04008	0.5241428856200475	0.001063577325434888
0.044088	0.5783529154405413	0.0011631440264473142
0.048096	0.6325786316013907	0.0012582022607223926
0.052104	0.6867175764181772	0.0013477065736151302
0.056112	0.7406608203257096	0.0014305695796581362
0.06012	0.7942939601853883	0.0015056826812363516
0.064128	0.8474983937600944	0.0015719426160714174
0.068136	0.9001528689234192	0.001628284624741892
0.072144	0.9521352920577786	0.0016737231689812867
0.076152	1.0033247640475826	0.0017074013816029063
0.08016	1.0536037951849107	0.0017286508538337326
0.084168	1.1028606333968758	0.0017370640414105449
0.088176	1.150991624952732	0.001732582559891058
0.092184	1.1979035148219328	0.0017156059173596041
0.096192	1.24351558669331	0.0016871264900937392
0.1002	1.2877615416382462	0.0016488967264799502
0.104208	1.330591020350787	0.0016036308868184585
0.108216	1.3719706870279944	0.0015552299466270211
0.112224	1.4118848127211256	0.0015089837205195696
0.116232	1.4503353210976713	0.0014716372127740619
0.12024	1.4873412880668166	0.0014511193026950837
0.124248	1.5229379162642007	0.0014557047570453716
0.128257	1.5571750334453303	0.0014925851484757467
0.132265	1.590115188043848	0.0015663100688129241
0.136273	1.6218314336051223	0.0016779141258341339
0.140281	1.652404905266387	0.0018251991533090946
0.144289	1.6819222954552349	0.002003839299912314
0.148297	1.7104733328198405	0.002208592243125665
0.152305	1.7381483590453408	0.0024341551420402497
0.156313	1.7650360840814983	0.0026756026052949227
0.160321	1.7912215830865117	0.0029285370161731216
0.164329	1.8167845797891862	0.0031890918798029803
0.168337	1.8417980425381995	0.0034538784273139707
0.172345	1.866327102305509	0.0037199201435552313
0.176353	1.8904282872439402	0.003984592956644343
0.180361	1.914149056596322	0.004245575959787448
0.184369	1.9375276080034614	0.004500812380517631
0.188377	1.9605929264694864	0.004748478936963535
0.192385	1.9833650401209566	0.004986961590769392
0.196393	2.0058554470198415	0.00521483605243555
0.200401	2.0280676781822775	0.00543085182216723
0.204409	2.049997964135422	0.005633918919722624
0.208417	2.07163597537211	0.0058230967379214495
0.212425	2.092965610558082	0.005997584652894989
0.216433	2.113965810003689	0.006156714157314811
0.220441	2.1346113755010396	0.0062999423686634385
0.224449	2.1548737809883667	0.006426846818045496
0.228457	2.174721961536554	0.006537121457457177
0.232465	2.1941230708082458	0.006630573843022663
0.236473	2.21304319940572	0.006707123464117744
0.240481	2.2314480484148485	0.006766801197224158
0.244489	2.249303554002148	0.006809749870972179
0.248497	2.2665764601734573	0.0068362259361556005
0.252505	2.2832348378040646	0.006846602241497437
0.256513	2.2992485488487717	0.00684137192163435
0.260521	2.3145896552812046	0.006821153406067252
0.264529	2.329232772834249	0.006786696553255173
0.268537	2.3431553700513112	0.006738889897470312
0.272545	2.35633801353817	0.006678768960098112
0.276553	2.3687645606479393	0.006607525511555888
0.280561	2.3804223011515355	0.0065265175613946486
0.284569	2.391302049751987	0.006437279685443869
0.288577	2.401398191597227	0.006341533050391016
0.292585	2.4107086832331945	0.006241194148305037
0.296593	2.4192350117146844	0.006138380792857538
0.300601	2.4269821148508526	0.0060354133592522416
0.304609	2.4339582657998493	0.005934808610747594
0.308617	2.4401749254362692	0.0058392628457882975
0.312625	2.445646566089647	0.0057516207067898695
0.316633	2.4503904703864143	0.0056748260982613565
0.320641	2.4544265090167685	0.005611852622494515
0.324649	2.457776901288457	0.00556561308033582
0.328657	2.460465962319572	0.005538851009250041
0.332665	2.462519840661864	0.005534021591695957
0.336673	2.4639662500359965	0.005553173601326016
0.340681	2.4648341987034037	0.0055978469025601526
0.344689	2.4651537198000253	0.005668999929540017
0.348697	2.464955605720389	0.005766977860032567
0.352705	2.464271149372319	0.0058915255253730045
0.356713	2.4631318948296177	0.006041841371327435
0.360721	2.4615693995993815	0.006216662356040946
0.364729	2.459615010399104	0.0064143662508955365
0.368737	2.457299654013336	0.0066330778122410195
0.372745	2.454653644476734	0.006870767923062318
0.376754	2.4517065075158024	0.007125338685509967
0.380762	2.4484868228806222	0.007394691294694953
0.38477	2.445022084914801	0.007676776543115838
0.388778	2.441338581450298	0.00796962972647461
0.392786	2.4374612908763473	0.008271392648918015
0.396794	2.433413797020309	0.008580325630320107
0.400802	2.429218221293941	0.008894812189011206
0.40481	2.4248951714016576	0.009213358641081667
0.408818	2.420463705777483	0.009534590374808338
0.412826	2.4159413128137617	0.0098572461110406
0.416834	2.4113439038658884	0.010180171084908894
0.420842	2.406685818961722	0.010502309789412623
0.42485	2.4019798441099205	0.010822698700879678
0.428858	2.3972372390861096	0.011140459247455764
0.432866	2.3924677745772676	0.011454791171155623
0.436874	2.3876797775807685	0.011764966359393064
0.440882	2.382880183982892	0.012070323173278602
0.44489	2.3780745972801687	0.012370261269564883
0.448898	2.3732673524536065	0.01266423689520132
0.452906	2.368461584058829	0.012951758623828113
0.456914	2.3636592976526285	0.013232383499301502
0.460922	2.3588614437369997	0.013505713550475156
0.46493	2.354067993463889	0.013771392642588347
0.468938	2.34927801540663	0.014029103632852785
0.472946	2.3444897527662705	0.014278565800596893
0.476954	2.3397007004419743	0.01451953252524606
0.480962	2.3349076814537217	0.014751789188300415
0.48497	2.3301069222621345	0.014975151278164563
0.488978	2.325294126584048	0.01518946267914389
0.492986	2.320464547353169	0.015394594128148526
0.496994	2.3156130565226234	0.015590441824575326
0.501002	2.3107342124503663	0.01577692618058393
0.50501	2.3058223246492386	0.01595399070045863
0.509018	2.300871515721004	0.016121600979076004
0.513026	2.2958757803280645	0.016279743810618197
0.517034	2.290829041087842	0.016428426399675303
0.521042	2.2857252013032334	0.016567675667735517
0.52505	2.2805581944681874	0.01669753764880982
0.529058	2.275322030510623	0.01681807696859857
0.533066	2.270010838755614	0.016929376402166844
0.537074	2.264618907610427	0.01703153650558852
0.541082	2.259140720989535	0.017124675317436562
0.54509	2.2535709915125817	0.01720892812635023
0.549098	2.24790469052135	0.017284447301194356
0.553106	2.2421370749735035	0.01735140218054773
0.557114	2.2362637112810924	0.01740997901842871
0.561122	2.2302804961709564	0.017460380983227327
0.56513	2.224183674652076	0.01750282820686225
0.569138	2.2179698551819236	0.01753755788109507
0.573146	2.2116360221299165	0.01756482439779648
0.577154	2.205179545641305	0.017584899529716123
0.581162	2.1985981890093216	0.017598072647971155
0.58517	2.1918901136671844	0.017604650972000285
0.589178	2.185053881914697	0.01760495984717262
0.593186	2.1780884574967243	0.01759934304451591
0.597194	2.1709932041527966	0.01758816307619636
0.601202	2.1637678822585587	0.017571801519373525
0.60521	2.156412643680701	0.017550659339921164
0.609218	2.1489280249675136	0.017525157206177658
0.613226	2.1413149389971844	0.017495735781455194
0.617234	2.1335746652055674	0.01746285598241591
0.621242	2.1257088385142886	0.017426999188704856
0.625251	2.1177194370788213	0.017388667387394977
0.629259	2.1096087689745326	0.01734838323391157
0.633267	2.101379457936712	0.017306690009216825
0.637275	2.0930344282682505	0.017264151451207348
0.641283	2.084576889025951	0.017221351436618695
0.645291	2.076010317593494	0.01717889348835341
0.649299	2.0673384427457733	0.017137400082160675
0.653307	2.058565227305801	0.017097511726189993
0.657315	2.049694850491571	0.01705988578725855
0.661323	2.0407316900462686	0.017025195038900365
0.665331	2.0316803042410045	0.01699412590858389
0.669339	2.022545413834858	0.016967376405076333
0.673347	2.0133318840725023	0.016945653711905588
0.677355	2.0040447067950327	0.016929671439367952
0.681363	1.9946889827348564	0.016920146535525142
0.685371	1.9852699040607447	0.01691779586611324
0.689379	1.9757927372342365	0.016923332484041993
0.693387	1.9662628062337828	0.016937461620925957
0.697395	1.9566854761981112	0.016960876445421116
0.701403	1.9470661375355276	0.016994253645494953
0.705411	1.9374101905410501	0.0170382489034808
0.709419	1.927723030558651	0.017093492343122883
0.713427	1.9180100337212345	0.017160584036069515
0.717435	1.908276543296575	0.017240089660672635
0.721443	1.8985278566630444	0.01733253640794033
0.725451	1.8887692129348437	0.017438409227587742
0.729459	1.8790057812523657	0.01755814750117108
0.733467	1.869242649749545	0.01769214221933015
0.737475	1.8594848152063268	0.017840733726585116
0.741483	1.8497371733909944	0.018004210080540282
0.745491	1.840004510093759	0.01818280605367084
0.749499	1.8302914928500449	0.018376702786060278
0.753507	1.8206026633489663	0.01858602807769502
0.757515	1.8109424305199475	0.01881085729022426
0.761523	1.801315064287931	0.01905121481146115
0.765531	1.7917246899854726	0.01930707602208312
0.769539	1.7821752834079554	0.019578369693532993
0.773547	1.7726706664964031	0.01986498073927957
0.777555	1.7632145036307205	0.02016675323838757
0.781563	1.7538102985148154	0.02048349365053568
0.785571	1.7444613916337945	0.020814974144810774
0.789579	1.7351709582624084	0.02116093597024222
0.793587	1.7259420070030267	0.021521092803539744
0.797595	1.7167773788307221	0.021895134018226636
0.801603	1.7076797466224733	0.022282727828735974
0.805611	1.6986516151470874	0.022683524272550687
0.809619	1.6896953214921824	0.02309715800267843
0.813627	1.6808130359043931	0.023523250871336544
0.817635	1.672006763018948	0.02396141429344289
0.821643	1.6632783434548346	0.024411251385234565
0.825651	1.6546294557519572	0.024872358878984965
0.829659	1.646061618626944	0.025344328819396817
0.833667	1.6375761935245992	0.025826750050822765
0.837675	1.629174387442435	0.026319209507132308
0.841683	1.6208572560061938	0.02682129331787556
0.845691	1.6126257067748049	0.027332587745529106
0.849699	1.6044805027538043	0.02785267996915227
0.853707	1.5964222660968903	0.02838115872984555
0.857715	1.588451481975953	0.0289176148531007
0.861723	1.5805685026005976	0.029461641662541727
0.865731	1.5727735513688963	0.030012835298768976
0.869739	1.565066727131857	0.030570794956097262
0.873747	1.557448008554832	0.031135123048979394
0.877756	1.5499172585598378	0.03170542531886817
0.881764	1.5424742288335263	0.03228131089124234
0.885772	1.5351185643862848	0.03286239229150255
0.88978	1.5278498081487366	0.03344828542748724
0.893788	1.5206674055925915	0.0340386095454412
0.897796	1.5135707093636137	0.03463298716543002
0.901804	1.5065589839151052	0.03523104400141208
0.905812	1.4996314101311092	0.035832408870476055
0.90982	1.4927870899291302	0.03643671359511099
0.913828	1.4860250508329322	0.037043592901800856
0.917836	1.47934425050655	0.037652684318733635
0.921844	1.4727435812413572	0.038263628074949936
0.925852	1.4662218743885687	0.03887606700287064
0.92986	1.4597779047302308	0.03948964644578837
0.933868	1.4534103947822314	0.04010401417160227
0.937876	1.4471180190234951	0.04071882029381429
0.941884	1.4408994080459672	0.04133371720057784
0.945892	1.4347531526205728	0.041948359492388475
0.9499	1.428677807674732	0.04256240392884298
0.953908	1.4226718961775475	0.0431755093847465
0.957916	1.4167339129291368	0.04378733681572767
0.961924	1.4108623282510646	0.04439754923341575
0.965932	1.4050555915751535	0.04500581169015318
0.96994	1.3993121349283844	0.04561179127313518
0.973948	1.3936303763118807	0.04621515710782212
0.977956	1.3880087229723712	0.046815580370405896
0.981964	1.3824455745647632	0.047412734309086255
0.985972	1.3769393262048242	0.04800629427386889
0.98998	1.3714883714111785	0.048595937754581785
0.993988	1.3660911049361253	0.049181344426782396
0.997996	1.3607459254850192	0.049762196205211724
1.002004	1.3554512383241784	0.05033817730444717
1.006012	1.3502054577774787	0.05090897430639504
1.01002	1.3450070096120246	0.05147427623426181
1.014028	1.339854333313455	0.05203377463264093
1.018036	1.3347458842516096	0.052587163653355716
1.022044	1.3296801357374424	0.05313414014669987
1.026052	1.3246555809722294	0.05367440375772131
1.03006	1.3196707348902457	0.05420765702720556
1.034068	1.3147241358962178	0.054733605497013886
1.038076	1.3098143474989652	0.05525195781944878
1.042084	1.3049399598427642	0.05576242587032108
1.046092	1.3000995911380762	0.056264724865406186
1.0501	1.2952918889933418	0.056758573479986946
1.054108	1.2905155316496622	0.05724369397118887
1.058116	1.285769229120233	0.05771981230282914
1.062124	1.2810517242364965	0.058186658272506936
1.066132	1.2763617936030172	0.05864396564068068
1.07014	1.2716982484631445	0.05909147226148395
1.074148	1.2670599354775889	0.05952892021505058
1.078156	1.262445737418074	0.059956055941127
1.082164	1.2578545737782731	0.0603726303737664
1.086172	1.2532854013042474	0.06077839907691405
1.09018	1.2487372144466804	0.061173122380702036
1.094188	1.2442090457371784	0.06155656551829252
1.098196	1.2396999660909704	0.061928498763115535
1.102204	1.235209085038313	0.062288697566370274
1.106212	1.2307355508869586	0.06263694269466913
1.11022	1.226278550818033	0.06297302036771787
1.114228	1.221837310917687	0.06329672239594707
1.118236	1.2174110961468556	0.06360784631802045
1.122244	1.2129992102515075	0.06390619553816712
1.126253	1.2086009956157238	0.06419157946329665
1.130261	1.2042158330599575	0.06446381363988016
1.134269	1.1998431415867916	0.06472271989059336
1.138277	1.1954823780765376	0.06496812645073755
1.142285	1.1911330369349717	0.06519986810447707
1.146293	1.186794649695488	0.0654177863209451
1.150301	1.1824667845779409	0.06562172939030009
1.154309	1.1781490460064297	0.06581155255982324
1.158317	1.1738410740882301	0.06598711817018356
1.162325	1.1695425440560698	0.06614829579200955
1.166333	1.1652531656759075	0.06629496236293678
1.170341	1.1609726826223539	0.06642700232531838
1.174349	1.156700871823834	0.06654430776482234
1.178357	1.1524375427795372	0.0666467785501548
1.182365	1.1481825368502039	0.06673432247418337
1.186373	1.1439357265247325	0.06680685539676429
1.190381	1.1396970146645544	0.06686430138960418
1.194389	1.1354663337276918	0.06690659288352277
1.198397	1.1312436449743635	0.06693367081851632
1.202405	1.1270289376559715	0.06694548479705839
1.206413	1.1228222281892515	0.06694199324110782
1.210421	1.118623559317314	0.06692316355333962
1.214429	1.114432999259281	0.06688897228315538
1.218437	1.1102506408501573	0.06683940529806554
1.222445	1.1060766006725418	0.06677445796109906
1.226453	1.1019110181817175	0.06669413531492724
1.230461	1.0977540548256295	0.06659845227345529
1.234469	1.0936058931612067	0.0664874338216821
1.238477	1.0894667359684318	0.06636111522468986
1.242485	1.0853368053635015	0.0662195422466864
1.246493	1.081216341912394	0.06606277138109094
1.250501	1.0771056037460938	0.0658908700927169
1.254509	1.0730048656786888	0.0657039170731853
1.258517	1.0689144183294697	0.06550200251077203
1.262525	1.0648345672501602	0.06528522837597849
1.266533	1.060765632058325	0.06505370872419597
1.270541	1.056707945577965	0.06480757001692217
1.274549	1.0526618529882439	0.06454695146308277
1.278557	1.0486277109812692	0.06427200538210544
1.282565	1.0446058869297796	0.06398289759049094
1.286573	1.0405967580655584	0.06367980781372763
1.290581	1.0366007106693231	0.063362930125504
1.294589	1.0326181392728218	0.06303247341626901
1.298597	1.028649445873805	0.06268866189330405
1.302605	1.0246950391645087	0.06233173561456151
1.306613	1.0207553337742081	0.061961951058638026
1.310621	1.016830749526407	0.06157958173332539
1.314629	1.012921710711145	0.06118491882527788
1.318637	1.0090286453728892	0.06077827189339788
1.322645	1.0051519846144066	0.060359969608591454
1.326653	1.0012921619170052	0.05993036054257521
1.330661	0.997449612477482	0.0594898140084072
1.334669	0.9936247725620672	0.059038720955376045
1.338677	0.9898180788776237	0.05857749492077921
1.342685	0.9860299679603386	0.058106573040978
1.346693	0.9822608755820886	0.05762641712387129
1.350701	0.97851123617465	0.0571375147846167
1.354709	0.9747814822718478	0.05664038064598567
1.358717	0.9710720439697794	0.0561355576041647
1.362725	0.967383348405157	0.05562361816008741
1.366733	0.9637158192517884	0.05510516581545139
1.370741	0.9600698762352394	0.05458083653142711
1.374749	0.9564459346656328	0.05405130024665119
1.378758	0.95284440498855	0.05351726244937772
1.382766	0.9492656923539754	0.05297946579659093
1.386774	0.9457101962031649	0.05243869177041393
1.390782	0.9421783098733618	0.051895762359226806
1.39479	0.9386704202202159	0.05135154174748471
1.398798	0.9351869072577247	0.05080693799425852
1.402806	0.9317281438155693	0.05026290467595129
1.406814	0.9282944952136318	0.04972044246345821
1.410822	0.9248863189534836	0.049180600598208224
1.41483	0.9215039644266547	0.04864447822505975
1.418838	0.9181477726394005	0.04811322553298379
1.422846	0.9148180759537723	0.047588044646907676
1.426854	0.9115151978446977	0.04707019020619934
1.430862	0.9082394526728039	0.04656096955723178
1.43487	0.9049911454727108	0.046061742479609535
1.438878	0.9017705717565	0.04557392035835254
1.442886	0.898578017332059	0.04509896470816271
1.446894	0.8954137581359949	0.04463838495146063
1.450902	0.8922780600807934	0.04419373534994817
1.45491	0.8891711789159198	0.04376661099088223
1.458918	0.886093360102539	0.04335864273496147
1.462926	0.8830448387014816	0.04297149104369281
1.466934	0.8800258392741913	0.042606838621191974
1.470942	0.8770365757962584	0.04226638182934922
1.47495	0.8740772515832226	0.041951820866584326
1.478958	0.871148059228326	0.04166484873909156
1.482966	0.8682491805518118	0.04140713909901594
1.486974	0.8653807865614965	0.04118033307519359
1.490982	0.8625430374242413	0.04098602527700147
1.49499	0.8597360824479541	0.04082574920772175
1.498998	0.8569600600738326	0.04070096237719199
1.503006	0.8542150978784709	0.0406130314504076
1.507014	0.8515013125855019	0.04056321780496008
1.511022	0.8488188100864498	0.040552663891716946
1.51503	0.846167685470432	0.040582380796588595
1.519038	0.843548023062412	0.04065323738431293
1.523046	0.8409598964696648	0.04076595136716257
1.527054	0.8384033686361094	0.0409210825833426
1.531062	0.8358784919042284	0.04111902869444216
1.53507	0.8333853080842343	0.04136002342311771
1.539078	0.8309238485301689	0.041644137356958516
1.543086	0.8284941342226592	0.04197128124863713
1.547094	0.8260961758579826	0.04234121165238046
1.551102	0.8237299739431924	0.04275353865827203
1.55511	0.8213955188969936	0.043207735423422766
1.559118	0.8190927911560684	0.043703149155535304
1.563126	0.8168217612866036	0.044239013180992166
1.567134	0.8145823901007309	0.04481445972574918
1.571142	0.8123746287776014	0.04542853305104311
1.57515	0.8101984189888625	0.04608020261414287
1.579158	0.8080536930282484	0.04676837596344701
1.583166	0.8059403739450642	0.04749191112327339
1.587174	0.8038583756813045	0.04824962827302579
1.591182	0.8018076032121637	0.04904032057485708
1.59519	0.7997879526897286	0.04986276405083943
1.599198	0.7977993115896173	0.050715726453154406
1.603206	0.7958415588603331	0.051597975107665874
1.607214	0.7939145650751442	0.052508283741866925
1.611222	0.7920181925862757	0.053445438332487175
1.61523	0.7901522956812015	0.05440824202630471
1.619238	0.7883167207408689	0.0553955192004739
1.623246	0.7865113063996297	0.05640611873667441
1.627255	0.7847358837067413	0.05743891658737736
1.631263	0.7829902762892318	0.0584928177133073
1.635271	0.7812743005159611	0.0595667574694709
1.639279	0.7795877656627318	0.060659702513598916
1.643287	0.7779304740782753	0.06177065130606632
1.647295	0.7763022213509652	0.06289863426479135
1.651303	0.7747027964761258	0.06404271363264934
1.655311	0.7731319820237538	0.0652019831088574
1.659319	0.7715895543065712	0.06637556728981671
1.663327	0.7700752835482461	0.06756262095919821
1.667335	0.768588934051646	0.06876232826171765
1.671343	0.7671302643670385	0.06997390179013792
1.675351	0.7656990274600982	0.0711965816105932
1.679359	0.7642949708796078	0.07242963424734361
1.683367	0.7629178369247755	0.07367235164454854
1.687375	0.7615673628120201	0.07492405011955292
1.691383	0.7602432808411754	0.07618406931949212
1.695391	0.7589453185610049	0.07745177119070347
1.699399	0.7576731989339079	0.07872653896845125
1.703407	0.7564266404997936	0.080007776192778
1.707415	0.7552053575389873	0.08129490575488173
1.711423	0.7540090602341286	0.08258736897721901
1.715431	0.7528374548309829	0.08388462472955041
1.719439	0.7516902437980695	0.08518614858232376
1.723447	0.7505671259850913	0.08649143199812437
1.727455	0.7494677967800777	0.08779998156138161
1.731463	0.7483919482651654	0.0891113182460905
1.735471	0.7473392693710058	0.0904249767209626
1.739479	0.7463094460297153	0.09174050469115741
1.743487	0.7453021613263312	0.09305746227554784
1.747495	0.7443170956487422	0.09437542141831747
1.751503	0.743353926836009	0.09569396533359556
1.755511	0.7424123303250975	0.09701268798175124
1.759519	0.7414919792959433	0.098331193575944
1.763527	0.7405925448148156	0.09964909611750336
1.767535	0.739713695975979	0.10096601895871261
1.771543	0.7388551000415992	0.1022815943915936
1.775551	0.7380164225798652	0.10359546326131497
1.779559	0.7371973276013233	0.10490727460288285
1.783567	0.736397477693382	0.10621668529981895
1.787575	0.7356165341529761	0.10752335976357863
1.791583	0.7348541571173807	0.10882696963251032
1.795591	0.7341100056931249	0.11012719348921572
1.799599	0.7333837380830417	0.11142371659521903
1.803607	0.7326750117114064	0.11271623064190764
1.807615	0.7319834833471487	0.11400443351676885
1.811623	0.7313088092251592	0.1152880290839842
1.815631	0.7306506451656588	0.11656672697850816
1.819639	0.7300086466916239	0.11784024241280085
1.823647	0.7293824691442882	0.11910829599543013
1.827655	0.7287717677966731	0.12037061356081102
1.831663	0.7281761979651903	0.12162692600938535
1.835671	0.7275954151192935	0.1228769691575923
1.839679	0.7270290749891684	0.12412048359701884
1.843687	0.7264768336714852	0.12535721456215224
1.847695	0.7259383477332061	0.126586911806198
1.851703	0.7254132743134415	0.12780932948445492
1.855711	0.724901271223381	0.12902422604477348
1.859719	0.7244019970442702	0.1302313641246528
1.863727	0.7239151112234796	0.13143051045455706
1.867735	0.7234402741686433	0.1326214357670602
1.871743	0.7229771473398782	0.1338039147114538
1.875752	0.7225253933401049	0.13497772577347186
1.87976	0.7220846760034669	0.13614265119981062
1.883768	0.7216546604818616	0.1372984769271426
1.887776	0.7212350133295948	0.13844499251533868
1.891784	0.7208254025861588	0.13958199108463626
1.895792	0.7204254978571601	0.1407092692565012
1.8998	0.720034970393405	0.1418266270979497
1.903808	0.7196534931681335	0.1429338680691162
1.907816	0.7192807409524482	0.14403079897385446
1.911824	0.718916390388927	0.1451172299131838
1.915832	0.7185601200634331	0.1461929742413991
1.91984	0.7182116105751578	0.14725784852467222
1.923848	0.7178705446048701	0.14831167250198898
1.927856	0.7175366069814278	0.1493542690482695
1.931864	0.7172094847465491	0.1503854641395299
1.935872	0.7168888672178347	0.15140508681995937
1.93988	0.7165744460501037	0.1524129691707806
1.943888	0.7162659152950143	0.15340894628078308
1.947896	0.7159629714590068	0.15439285621841595
1.951904	0.7156653135595857	0.1553645400053387
1.955912	0.7153726431799315	0.1563238415913348
1.95992	0.7150846645218966	0.15727060783049127
1.963928	0.7148010844573693	0.15820468845856459
1.967936	0.7145216125780306	0.1591259360714493
1.971944	0.7142459612435254	0.160034206104673
1.975952	0.7139738456280682	0.16092935681384565
1.97996	0.71370498376547	0.16181124925600007
1.983968	0.7134390965926471	0.16267974727175324
1.987976	0.71317590799159	0.1635347174682349
1.991984	0.7129151448298294	0.16437602920272304
1.995992	0.712656536999413	0.16520355456693545
2.0	0.7123998174543943	0.16601716837192687
