0.0	0.0	0.0
0.004008	0.05075025177519909	0.0001968748601384979
0.008016	0.10218150386146532	0.00039523680742642567
0.012024	0.15426389765778248	0.0005943252990599636
0.016032	0.2069602463027784	0.0007932212376942902
0.02004	0.2602253118679323	0.0009908329322360079
0.024048	0.31400511237880746	0.0011858836275500534
0.028056	0.36823629071186575	0.0013769015975610725
0.032064	0.4228455842615392	0.0015622140190173373
0.036072	0.47774944098413524	0.001739946081485382
0.04008	0.532853833379333	0.0019080270374107942
0.044088	0.5880543263514993	0.002064205150302203
0.048096	0.6432364567091708	0.002206073761389355
0.052104	0.6982764801925523	0.002331110982185915
0.056112	0.753042535217808	0.002436735878370317
0.06012	0.8073962599676439	0.002520384540136282
0.064128	0.8611948803389321	0.0025796103341852047
0.068136	0.9142937604403021	0.0026122142717958244
0.072144	0.9665493754777399	0.002616414467473371
0.076152	1.0178226306307323	0.0025910692546017525
0.08016	1.067982411639234	0.002535978584138221
0.084168	1.116909217014449	0.002452305735469816
0.088176	1.1644986924557676	0.002343189164668394
0.092184	1.2106648697509672	0.0022146502180738436
0.096192	1.255342909144037	0.0020769157344963395
0.1002	1.2984911585265086	0.0019461331397785482
0.104208	1.340092375481422	0.0018457900649604501
0.108216	1.3801540073963714	0.0018055349087993382
0.112224	1.4187074863485114	0.0018539904546326855
0.116232	1.4558065630718	0.002006951098055468
0.12024	1.4915247707804997	0.0022613482190761394
0.124248	1.5259521677170083	0.002600959504881496
0.128257	1.5591915509672192	0.003005934859894064
0.132265	1.5913543593780715	0.0034582773511810413
0.136273	1.622556488932712	0.003943183443178756
0.140281	1.6529142308814064	0.0044486515156916
0.144289	1.6825405146187158	0.004964779606499297
0.148297	1.7115415984514104	0.005483197643540727
0.152305	1.7400143072459844	0.005996687336890271
0.156313	1.768043871424129	0.006498944671062651
0.160321	1.7957023809480368	0.006984434492273397
0.164329	1.8230478336401394	0.007448300603665222
0.168337	1.8501237309465772	0.007886308200298611
0.172345	1.8769591564384094	0.008294804947709594
0.176353	1.9035692623902725	0.008670693058096767
0.180361	1.9299560865161511	0.009011408410181873
0.184369	1.9561096229007227	0.009314904943226121
0.188377	1.9820090768061616	0.009579643806427653
0.192385	2.0076242409394265	0.009804587428399136
0.196393	2.0329169397398617	0.00998919901631312
0.200401	2.0578424973690885	0.010133448139766191
0.204409	2.0823511937054096	0.010237823079450658
0.208417	2.1063896803593636	0.010303350560221275
0.212425	2.1299023353335764	0.010331623339896255
0.216433	2.152832540400212	0.010324835849843133
0.220441	2.175123869622084	0.010285827599627689
0.224449	2.1967211808251847	0.010218133234072288
0.228457	2.2175716044025497	0.010126036778248169
0.232465	2.237625425764138	0.010014625484509421
0.236473	2.2568368592107246	0.009889835553852306
0.240481	2.2751647121499277	0.009758477686620096
0.244489	2.2925729395137533	0.009628225092532373
0.248497	2.3090310890769548	0.009507541122842982
0.252505	2.324514639184467	0.009405520106722121
0.256513	2.339005231219044	0.009331616739239323
0.260521	2.3524907999990377	0.009295250820890003
0.264529	2.3649656061937514	0.009305298384568273
0.268537	2.376430175767359	0.009369515383079447
0.272545	2.386891152387957	0.009493975986356136
0.276553	2.396361069634724	0.009682627018950353
0.280561	2.4048580506685333	0.009937047787118085
0.284569	2.4124054437648352	0.010256459008870957
0.288577	2.4190314027102007	0.010637962957471905
0.292585	2.424768421508662	0.011076945754502715
0.296593	2.4296528331111333	0.011567550941219919
0.300601	2.433724281958773	0.012103142473375907
0.304609	2.4370251800158536	0.012676702733818521
0.308617	2.43960015566438	0.013281141656507454
0.312625	2.441495504353985	0.013909516487328374
0.316633	2.442758649265648	0.014555175022251959
0.320641	2.4434376194809198	0.015211839974031104
0.324649	2.443580552277569	0.015873651616621416
0.328657	2.4432352252279976	0.01653518289193551
0.332665	2.4424486227889406	0.017191437596151885
0.336673	2.441266541069474	0.01783783903905229
0.340681	2.439733233476749	0.018470214029950718
0.344689	2.437891098989509	0.01908477520615355
0.348697	2.4357804139190193	0.019678103469938295
0.352705	2.4334391072019903	0.02024713149234841
0.356713	2.430902578542582	0.02078912874533317
0.360721	2.428203558088546	0.021301688235066608
0.364729	2.425372005793966	0.021782714954130176
0.368737	2.422435048188254	0.022230415997456586
0.372745	2.4194169499353846	0.022643292262607004
0.376754	2.4163391173236453	0.02302013165735685
0.380762	2.413220130667287	0.023360003753089147
0.38477	2.4100758025189775	0.023662255842826562
0.388778	2.4069192585764747	0.02392651038286477
0.392786	2.4037610382088297	0.024152663813809826
0.396794	2.400609211616875	0.024340886768361054
0.400802	2.3974695107704957	0.02449162567778941
0.40481	2.394345471422288	0.024605605785112925
0.408818	2.3912385836756807	0.02468383555851808
0.412826	2.388148448778268	0.024727612471077624
0.416834	2.3850729400115975	0.024738530068981496
0.420842	2.3820083657518	0.024718486186210777
0.42485	2.378949632976729	0.024669692073781283
0.428858	2.3758904096912308	0.02459468209065578
0.432866	2.372823284930056	0.02449632344510107
0.436874	2.3697399251757516	0.024377825274147467
0.440882	2.3666312261953153	0.02424274610135433
0.44489	2.3634874594535584	0.024094998419993508
0.448898	2.360298412402731	0.023938848818179807
0.452906	2.3570535220769506	0.023778911714186175
0.456914	2.3537420015366814	0.023620134440561366
0.460922	2.3503529588134047	0.023467771162169058
0.46493	2.3468755080984205	0.023327343016949564
0.468938	2.343298873003138	0.02320458203128446
0.472946	2.339612481792145	0.023105356896459303
0.476954	2.3358060545555785	0.02303557969808036
0.480962	2.331869682344737	0.023001094216749576
0.48497	2.3277938983452784	0.023007548423445462
0.488978	2.323569741206483	0.02306025610181085
0.492986	2.319188810683653	0.023164054818766603
0.496994	2.3146433157843935	0.023323169293489723
0.501002	2.3099261156388176	0.023541090111693606
0.50501	2.3050307533392114	0.023820477329453357
0.509018	2.2999514830166694	0.02416309668200557
0.513026	2.2946832904412036	0.024569793057150985
0.517034	2.289221907447951	0.025040502117807572
0.521042	2.283563820505802	0.025574297152710042
0.52505	2.27770627375602	0.026169465075427386
0.529058	2.271647266857619	0.026823603461405318
0.533066	2.265385547983308	0.027533729792558217
0.537074	2.2589206023150035	0.028296394553201185
0.541082	2.2522526363911384	0.02910779116564737
0.54509	2.245382558659527	0.02996385756202256
0.549098	2.2383119565892193	0.03086036608425297
0.553106	2.2310430706928783	0.031793000109907245
0.557114	2.2235787658075443	0.0327574171615063
0.561122	2.2159224999765392	0.033749299221633375
0.56513	2.208078291268488	0.03476439157119928
0.569138	2.200050682861335	0.03579853175992424
0.573146	2.191844706709651	0.03684767038656401
0.577154	2.1834658461027354	0.03790788528730682
0.581162	2.1749199974089994	0.038975390566603006
0.58517	2.166213431289002	0.040046541701847294
0.589178	2.1573527536454695	0.041117837743250174
0.593186	2.1483448665636917	0.042185921432166706
0.597194	2.1391969294800495	0.04324757788519528
0.601202	2.1299163208002136	0.04429973234161265
0.60521	2.1205106001718415	0.04533944734829459
0.609218	2.1109874715996124	0.04636391965714662
0.613226	2.101354747573221	0.04737047703226091
0.617234	2.091620314361704	0.048356575104080125
0.621242	2.081792098610277	0.04931979436259434
0.625251	2.0718780353588624	0.05025783734809942
0.629259	2.061886037584788	0.05116852607374323
0.633267	2.051823967355851	0.05204979969696856
0.637275	2.0416996086641572	0.05289971244527449
0.641283	2.031520641995951	0.053716431794160684
0.645291	2.0212946206781415	0.054498236890611666
0.649299	2.011028949028425	0.05524351721323606
0.653307	2.0007308623229245	0.0559507714595501
0.657315	1.9904074085830796	0.05661860665146328
0.661323	1.9800654321722455	0.05724573745138936
0.665331	1.9697115591820262	0.05783098568336884
0.669339	1.9593521845788757	0.058373280055932224
0.673347	1.9489934610728832	0.058871656086047906
0.677355	1.9386412896629863	0.05932525622629629
0.681363	1.9283013118059977	0.05973333020033481
0.685371	1.9179789031509524	0.06009523555474783
0.689379	1.907679168775116	0.060410438438476044
0.693387	1.8974069398537812	0.06067851462420694
0.697395	1.8871667716923997	0.06089915078938639
0.701403	1.8769629430469001	0.06107214607785902
0.705411	1.8667994566558954	0.061197413966619235
0.709419	1.8566800409071298	0.061274984465712404
0.713427	1.8466081525596272	0.06130500668299174
0.717435	1.836586980442806	0.06128775178918735
0.721443	1.8266194500540063	0.06122361642255486
0.725451	1.8167082289766492	0.061113126576158555
0.729459	1.8068557330423078	0.0609569420145675
0.733467	1.797064133161531	0.06075586127020958
0.737475	1.7873353627500064	0.060510827272681596
0.741483	1.7776711256788407	0.06022293366666477
0.745491	1.7680729046799855	0.059893431875364014
0.749499	1.758541970140495	0.05952373896606941
0.753507	1.7490793892219159	0.05911544637186355
0.757515	1.7396860352440737	0.05867032951775641
0.761523	1.7303625972753895	0.058190358389525174
0.765531	1.7211095898749786	0.057677709067749675
0.769539	1.7119273629348046	0.057134776226221325
0.773547	1.7028161115733427	0.05656418656074857
0.777555	1.6937758860352636	0.05596881306875297
0.781563	1.68480660155482	0.05535179003875403
0.785571	1.6759080481436275	0.054716528528351606
0.789579	1.6670799002666183	0.05406673200582359
0.793587	1.658321726372885	0.053406411700246625
0.797595	1.64963299825104	0.05273990104497233
0.801603	1.641013100181532	0.05207186840765502
0.805611	1.6324613378610986	0.051407327077743155
0.809619	1.6239769470771799	0.05075164123462872
0.813627	1.6155591021126423	0.05011052635807609
0.817635	1.6072069238635989	0.049490042287466195
0.821643	1.5989194876554527	0.0488965769192042
0.825651	1.5906958307445092	0.048336818396542615
0.829659	1.5825349594946068	0.047817713649882895
0.833667	1.574435856220215	0.04734641135464211
0.837675	1.5663974856893486	0.04693018785604372
0.841683	1.5584188012814373	0.04657635542197176
0.845691	1.5504987507969474	0.04629215335184772
0.849699	1.5426362819171218	0.04608462396383748
0.853707	1.5348303473136833	0.04596047720400706
0.857715	1.5270799094097105	0.0459259493859013
0.861723	1.5193839447941473	0.04598666312096333
0.865731	1.51174144829357	0.04614749654521797
0.869739	1.5041514367059357	0.04641247021428655
0.873747	1.496612952202003	0.04678465935101327
0.877756	1.4891250654010195	0.04726613747041485
0.881764	1.4816868781280719	0.04785795494662616
0.885772	1.4742975258612367	0.048560153164845875
0.88978	1.466956179877347	0.04937181195397598
0.893788	1.4596620491057075	0.05029112545552019
0.897796	1.4524143816996902	0.05131549978379928
0.901804	1.445212466336481	0.052441664939954155
0.905812	1.438055633255735	0.05366579344735199
0.90982	1.4309432550481027	0.05498361892257368
0.913828	1.4238747472049493	0.056390549042104214
0.917836	1.4168495684406963	0.057881768848422784
0.921844	1.4098672207994538	0.05945233183132401
0.925852	1.402927249557617	0.06109723755478951
0.92986	1.3960292429342522	0.06281149568101489
0.933868	1.3891728316210044	0.06459017703808839
0.937876	1.3823576881433226	0.06642845289875542
0.941884	1.37558352606464	0.06832162392459541
0.945892	1.3688500990451207	0.07026514033437543
0.9499	1.3621571997663595	0.07225461482957954
0.953908	1.3555046587333417	0.07428582970022597
0.957916	1.3488923429646769	0.07635473937714153
0.961924	1.3423201545819843	0.07845746952027144
0.965932	1.3357880293089717	0.08059031355519625
0.96994	1.3292959348905673	0.08274972740354129
0.973948	1.3228438694420828	0.08493232300390413
0.977956	1.3164318597381692	0.08713486109095528
0.981964	1.3100599594509177	0.08935424359181272
0.985972	1.3037282473462082	0.09158750590938404
0.98998	1.2974368254469844	0.09383180929015499
0.993988	1.2911858171718211	0.09608443341651599
0.997996	1.2849753654567906	0.09834276931887227
1.002004	1.2788056308682418	0.10060431266823675
1.006012	1.2726767897137328	0.102866657483858
1.01002	1.2665890321579962	0.10512749027096001
1.014028	1.2605425603504423	0.10738458458948993
1.018036	1.2545375865702972	0.10963579604469073
1.022044	1.2485743313951145	0.11187905768342017
1.026052	1.2426530218980327	0.11411237577562716
1.03006	1.2367738898787601	0.11633382595772207
1.034068	1.230937170132918	0.11854154971322217
1.038076	1.2251430987639915	0.12073375116568395
1.042084	1.2193919115417997	0.1229086941592488
1.046092	1.2136838423110519	0.12506469960292566
1.0501	1.2080191214531957	0.1272001430558479
1.054108	1.2023979744044504	0.1293134525320452
1.058116	1.1968206202325844	0.13140310650468887
1.062124	1.1912872702746968	0.13346763209121637
1.066132	1.1857981268379547	0.13550560340219533
1.07014	1.180353381964931	0.13751564003819436
1.074148	1.1749532162649354	0.1394964057202846
1.078156	1.169597797812443	0.14144660704106915
1.082164	1.1642872811134795	0.14336499232434563
1.086172	1.1590218061405464	0.14525035058262226
1.09018	1.1538014974364863	0.14710151056273343
1.094188	1.1486264632874124	0.14891733987076525
1.098196	1.143496794964665	0.1506967441683611
1.102204	1.1384125660355053	0.15243866643328133
1.106212	1.1333738317421178	0.15414208627781736
1.11022	1.1283806284482887	0.15580601931931679
1.114228	1.1234329731529888	0.15742951659768148
1.118236	1.1185308630698834	0.1590116640352429
1.122244	1.11367427527172	0.16055158193491273
1.126253	1.1088631663983646	0.16204842451294915
1.130261	1.1040974724271595	0.16350137946308863
1.134269	1.0993771085041348	0.16490966754915498
1.138277	1.0947019688345536	0.1662725422235872
1.142285	1.09007192663115	0.1675892892696257
1.146293	1.0854868341183215	0.16885922646516852
1.150301	1.0809465225905028	0.17008170326655328
1.154309	1.0764508025228725	0.17125610051073517
1.158317	1.0719994637324672	0.17238183013454375
1.162325	1.0675922755877512	0.17345833490987392
1.166333	1.0632289872646503	0.1744850881938356
1.170341	1.0589093280470134	0.17546159369303974
1.174349	1.0546330076694648	0.1763873852413335
1.178357	1.0503997167005377	0.17726202659042847
1.182365	1.0462091269640394	0.17808511121298215
1.186373	1.0420608919965355	0.17885626211779862
1.190381	1.0379546475388592	0.1795751316769262
1.194389	1.0338900120595584	0.1802414014645103
1.198397	1.0298665873081885	0.18085478210737013
1.202405	1.0258839588963904	0.18141501314733643
1.206413	1.0219416969046995	0.18192186291548204
1.210421	1.0180393565130421	0.18237512841846118
1.214429	1.0141764786529195	0.18277463523724247
1.218437	1.0103525906793043	0.1831202374386139
1.222445	1.0065672070602933	0.18341181749990917
1.226453	1.002819830082603	0.18364928624749416
1.230461	0.9991099505710234	0.18383258280963197
1.234469	0.9954370486200054	0.18396167458443094
1.238477	0.9918005943355739	0.18403655722367554
1.242485	0.9882000485858012	0.1840572546334319
1.246493	0.9846348637581416	0.1840238189924206
1.250501	0.9811044845219533	0.18393633078925803
1.254509	0.9776083485946039	0.18379489887977535
1.258517	0.9741458875095553	0.18359966056575902
1.262525	0.9707165273849393	0.18335078169657387
1.266533	0.9673196896911356	0.1830484567952793
1.270541	0.9639547920159409	0.18269290921100223
1.274549	0.9606212488259395	0.1822843912994926
1.278557	0.9573184722227812	0.18182318463396885
1.282565	0.9540458726930814	0.1813096002485572
1.286573	0.9508028598507461	0.18074397891683303
1.290581	0.9475888431705382	0.1801266914682166
1.294589	0.9444032327117904	0.1794581391452087
1.298597	0.9412454398312001	0.17873875400473843
1.302605	0.9381148778837127	0.17796899936718052
1.306613	0.9350109629105079	0.17714937031693329
1.310621	0.9319331143132159	0.17628039425878633
1.314629	0.9288807555134968	0.17536263153469434
1.318637	0.9258533145971856	0.17439667610599016
1.322645	0.9228502249422386	0.1733831563065123
1.326653	0.9198709258297855	0.17232273567261233
1.330661	0.9169148630376387	0.1712161138565347
1.334669	0.9139814894156421	0.1700640276302313
1.338677	0.9110702654422963	0.1688672519872865
1.342685	0.9081806597621569	0.1676266013512938
1.346693	0.9053121497035341	0.16634293089972935
1.350701	0.9024642217760757	0.16501713801313353
1.354709	0.8996363721478288	0.16365016386022269
1.358717	0.8968281071014832	0.16224299513040322
1.362725	0.8940389434694848	0.160796665926073
1.366733	0.891268409047746	0.15931225982804398
1.370741	0.8885160429877828	0.15779091214838897
1.374749	0.8857813961670744	0.1562338123860355
1.378758	0.8830640315375248	0.15464220690143027
1.382766	0.8803635244519367	0.15301740182760815
1.386774	0.8776794629684104	0.15136076623595865
1.390782	0.8750114481326797	0.1496737355758619
1.39479	0.8723590942383869	0.14795781540813246
1.398798	0.8697220290653087	0.14621458545278185
1.402806	0.8670998940956568	0.14444570397191198
1.406814	0.8644923447085378	0.142652912508499
1.410822	0.8618990503527018	0.14083804100127928
1.41483	0.8593196946977832	0.13900301329474804
1.418838	0.8567539757641749	0.13714985306126198
1.422846	0.8542016060318204	0.1352806901491154
1.426854	0.8516623125281336	0.13339776736601175
1.430862	0.8491358368953308	0.1315034477011756
1.43487	0.8466219354374752	0.1296002219810834
1.438878	0.8441203791475612	0.127690716942919
1.442886	0.8416309537149733	0.12577770369585445
1.446894	0.8391534595136902	0.12386410652246878
1.450902	0.8366877115716043	0.12195301195034353
1.45491	0.8342335395213782	0.12004767799636633
1.458918	0.8317907875332607	0.11815154345272617
1.462926	0.829359314230251	0.11626823704324682
1.466934	0.8269389925861376	0.11440158623085833
1.470942	0.8245297098068154	0.11255562540121317
1.47495	0.8221313671953825	0.110734603083515
1.478958	0.819743880001532	0.10894298779794115
1.482966	0.8173671772556748	0.10718547204077948
1.486974	0.8150012015883805	0.10546697383573418
1.490982	0.8126459090356243	0.10379263519647086
1.49499	0.810301268830341	0.1021678167667094
1.498998	0.8079672631808797	0.10059808783749533
1.503006	0.8056438870368585	0.09908921089644905
1.507014	0.8033311478429804	0.09764711985281473
1.511022	0.8010290652813736	0.0962778911190033
1.51503	0.7987376710029791	0.09498770682913887
1.519038	0.796457008348579	0.09378280965260787
1.523046	0.7941871320600119	0.09266944892798447
1.527054	0.7919281079821092	0.09165381820673192
1.531062	0.7896800127559558	0.09074198475479485
1.53507	0.7874429335040029	0.08993981209955376
1.539078	0.7852169675075864	0.0892528773009115
1.543086	0.7830022218774385	0.08868638522424982
1.547094	0.7807988132176856	0.0882450826415529
1.551102	0.7786068672839351	0.08793317541817766
1.55511	0.7764265186359662	0.08775425228921047
1.559118	0.7742579102855445	0.08771121873404772
1.563126	0.772101193339922	0.08780624418570769
1.567134	0.7699565266415297	0.08804072525887949
1.571142	0.7678240764043625	0.08841526688088412
1.57515	0.7657040158475984	0.08892968223075301
1.579158	0.7635965248269128	0.08958301132838865
1.583166	0.761501789464007	0.090373557075636
1.587174	0.7594200017748182	0.09129893663725827
1.591182	0.7573513592968704	0.09235614534536399
1.59519	0.7552960647162497	0.0935416298675516
1.599198	0.7532543254946432	0.09485136721254539
1.603206	0.7512263534968615	0.09628094623891806
1.607214	0.7492123646192975	0.09782564863761978
1.611222	0.7472125784197285	0.09948052681659232
1.61523	0.7452272177488497	0.10124047666002087
1.619238	0.7432565083839566	0.10310030370467331
1.623246	0.7413006786651151	0.10505478182127524
1.627255	0.7393599591342305	0.10709870397414385
1.631263	0.7374345821773352	0.10922692503616038
1.635271	0.7355247816704369	0.11143439695020206
1.639279	0.7336307926292716	0.11371619675400489
1.643287	0.7317528508632557	0.11606754813155098
1.647295	0.7298911926339436	0.11848383723276894
1.651303	0.7280460543182904	0.1209606235283983
1.655311	0.7262176720769489	0.12349364645186632
1.659319	0.7244062815279226	0.12607882853709865
1.663327	0.7226121174257789	0.12871227570067106
1.667335	0.7208354133466501	0.13139027524674884
1.671343	0.719076401379278	0.13410929210003578
1.675351	0.71733531182228	0.13686596369989698
1.679359	0.7156123728878305	0.13965709392082623
1.683367	0.7139078104119664	0.14247964632227325
1.687375	0.7122218475716349	0.14533073697544532
1.691383	0.7105547046086901	0.14820762706625296
1.695391	0.7089065985609625	0.15110771543199447
1.699399	0.7072777430005008	0.1540285311541628
1.703407	0.7056683477791666	0.15696772630036
1.707415	0.7040786187816301	0.1599230688840687
1.711423	0.7025087576858999	0.1628924360912611
1.715431	0.7009589617314625	0.1658738078069085
1.719439	0.6994294234950746	0.16886526046179587
1.723447	0.6979203306743214	0.17186496121008177
1.727455	0.6964318658789641	0.17487116244035716
1.731463	0.6949642064300986	0.1778821966171003
1.735471	0.6935175241672001	0.18089647144505822
1.739479	0.6920919852630424	0.18391246534594094
1.743487	0.6906877500465126	0.1869287232346211
1.747495	0.6893049728333409	0.18994385258059446
1.751503	0.6879438017646912	0.19295651973963143
1.755511	0.6866043786536651	0.19596544654014292
1.759519	0.6852868388396489	0.19896940710877878
1.763527	0.6839913110504731	0.2019672249199892
1.767535	0.6827179172723783	0.20495777005469132
1.771543	0.6814667726277155	0.20793995665374784
1.775551	0.6802379852603259	0.2109127405525988
1.779559	0.679031656228562	0.21387511708408152
1.783567	0.6778478794058655	0.21682611903721047
1.787575	0.6766867413888348	0.2197648147604193
1.791583	0.6755483214127191	0.22269030639850174
1.795591	0.6744326912742158	0.22560172825321373
1.799599	0.6733399152615371	0.2284982452581744
1.803607	0.6722700500916173	0.2313790515593844
1.807615	0.6712231448543565	0.23424336919330976
1.811623	0.6701992409638309	0.23709044685506267
1.815631	0.6691983721163395	0.239919558749788
1.819639	0.6682205642551737	0.2427300035208855
1.823647	0.6672658355420263	0.24552110324917784
1.827655	0.6663341963348738	0.24829220251761436
1.831663	0.6654256491722608	0.2510426675364969
1.835671	0.6645401887638436	0.25377188532462824
1.839679	0.6636778019870524	0.2564792629421425
1.843687	0.6628384678897716	0.2591642267711044
1.847695	0.6620221576988979	0.2618262218402831
1.851703	0.6612288348346355	0.2644647111907919
1.855711	0.660458454930418	0.267079175279542
1.859719	0.659710965858288	0.26966911141770944
1.863727	0.6589863077596407	0.2722340332416268
1.867735	0.6582844130811664	0.2747734702137266
1.871743	0.6576052066158546	0.2772869671513467
1.875752	0.6569486055489426	0.2797740837813787
1.87976	0.656314519508649	0.28223439431890546
1.883768	0.6557028506215659	0.28466748706811495
1.887776	0.6551134935725675	0.28707296404391386
1.891784	0.6545463356690896	0.2894504406127917
1.895792	0.6540012569096542	0.291799545151588
1.8998	0.6534781300565001	0.294119918722932
1.903808	0.652976820712159	0.29641121476621674
1.907816	0.6524971873998741	0.29867309880304843
1.911824	0.652039081647704	0.3009052481562042
1.915832	0.6516023480761718	0.3031073516812024
1.91984	0.6511868244893522	0.3052791095096491
1.923848	0.6507923419692185	0.307420232803607
1.927856	0.6504187249731621	0.30953044352026543
1.931864	0.6500657914345348	0.3116094741862607
1.935872	0.6497333528660607	0.31365706768104884
1.93988	0.6494212144660375	0.31567297702875297
1.943888	0.649129175227157	0.3176569651979798
1.947896	0.6488570280478386	0.3196088049091157
1.951904	0.648604559845959	0.3215282784486555
1.955912	0.6483715516748214	0.3234151774901585
1.95992	0.6481577788412936	0.32526930292143175
1.963928	0.6479630110259563	0.3270904646775972
1.967936	0.647787012405153	0.32887848157970706
1.971944	0.6476295417748383	0.33063318117859564
1.975952	0.6474903526761087	0.332354399603682
1.97996	0.6473691935222758	0.3340419814164661
1.983968	0.647265807727421	0.33569577946845297
1.987976	0.6471799338362785	0.3373156547632902
1.991984	0.6471113056553688	0.3389014763228929
1.995992	0.6470596523852715	0.34045312105735787
2.0	0.6470246987539201	0.34197047363848404
