0.0	0.0	0.0
0.004008	0.050617592675915334	0.00016247077422723222
0.008016	0.10190426494939533	0.0003264510976007947
0.012024	0.1538303726208703	0.000491370515817994
0.016032	0.20635924152149399	0.0006565373097805714
0.02004	0.259446501500186	0.00082112816066703
0.024048	0.3130394510468128	0.0009841790244144856
0.028056	0.36707648149610667	0.0011445779320734422
0.032064	0.4214865955873539	0.001301060585372345
0.036072	0.47618906080007245	0.001452209778631043
0.04008	0.531093242820821	0.0015964598445061544
0.044088	0.5860986680459574	0.0017321074880559304
0.048096	0.6410953653795802	0.0018573305403222307
0.052104	0.6959645358429278	0.001970216335297012
0.056112	0.7505795927552461	0.002068801613340449
0.06012	0.8048076046644529	0.002151126126206993
0.064128	0.858511157245243	0.0022153025537966983
0.068136	0.9115506289273185	0.002259606101517997
0.072144	0.9637868485713099	0.0022825885016875304
0.076152	1.015084073344711	0.0022832235289223647
0.08016	1.0653131931680582	0.0022610952084578476
0.084168	1.1143550375822713	0.0022166464778292836
0.088176	1.162103635072585	0.0021515157462169802
0.092184	1.2084692573944835	0.00206900016264043
0.096192	1.2533810755681736	0.0019746882115516187
0.1002	1.2967892623106105	0.0018772677698869586
0.104208	1.3386663986793377	0.0017893533713903506
0.108216	1.37900807971963	0.0017277492124777162
0.112224	1.4178326621467348	0.001711926513897755
0.116232	1.4551801521213457	0.0017596160500408166
0.12024	1.4911102874730553	0.0018809069951445324
0.124248	1.525699920493811	0.0020752666795767114
0.128257	1.5590398494434148	0.0023338525015444483
0.132265	1.591231275306662	0.0026442566312546165
0.136273	1.6223820730899747	0.002994046566822952
0.140281	1.6526030640292309	0.003372254654603078
0.144289	1.682004458312568	0.003769615015614961
0.148297	1.710692610482829	0.004178339981821485
0.152305	1.7387671955080837	0.004591822635715476
0.156313	1.7663188766488946	0.005004390452637941
0.160321	1.7934275003421465	0.005411128204912974
0.164329	1.8201608212087126	0.005807756995163489
0.168337	1.846573733855164	0.0061905522954698615
0.172345	1.8727079682895431	0.006556287348099207
0.176353	1.8985921925807416	0.006902192613712901
0.180361	1.92424245929925	0.007225925404015344
0.184369	1.949662930317674	0.0075255462274547566
0.188377	1.9748468165635065	0.007799499920823973
0.192385	1.999777474124793	0.008046600585878975
0.196393	2.0244296046334664	0.008266019897619974
0.200401	2.048770515186813	0.008457278640618493
0.204409	2.0727614005143007	0.00862024145562058
0.208417	2.096358617157763	0.008755114799784773
0.212425	2.1195149257931423	0.008862448074540114
0.216433	2.142180683318181	0.008943137770896684
0.220441	2.164304970915318	0.0089984343248272
0.224449	2.185836648007884	0.0090299511553999
0.228457	2.20672532494907	0.009039675057226224
0.232465	2.226922249534977	0.009029976712033377
0.236473	2.2463811041442714	0.009003619546578035
0.240481	2.2650587116043517	0.008963764479135829
0.244489	2.2829156488834395	0.008913967272697556
0.248497	2.2999167685091493	0.008858164307505141
0.252505	2.3160316282977975	0.008800641738608206
0.256513	2.3312348306061446	0.008745982471270324
0.260521	2.345506272930951	0.008698985554782863
0.264529	2.3588313123069597	0.008664553945936656
0.268537	2.371200846601196	0.008647549578258626
0.272545	2.3826113164689358	0.008652619472553302
0.276553	2.3930646324130347	0.008684002838891345
0.280561	2.4025680320554295	0.008745335544354232
0.284569	2.4111338733653787	0.008839473035369267
0.288577	2.4187793701695264	0.008968353756996688
0.292585	2.425526276770918	0.009132921077771514
0.296593	2.4314005289066367	0.009333113147389825
0.300601	2.436431848559671	0.009567919202725558
0.304609	2.440653320297485	0.009835490738612172
0.308617	2.4441009468307	0.010133289368312837
0.312625	2.4468131913688462	0.010458251291881044
0.316633	2.4488305141005506	0.010806950536463626
0.320641	2.4501949097518514	0.011175747904885267
0.324649	2.4509494526920976	0.011560918042884142
0.328657	2.4511378554788874	0.011958751848800526
0.332665	2.45080404608104	0.012365634931603068
0.336673	2.4499917683123513	0.012778104886764894
0.340681	2.448744209269844	0.013192891057449767
0.344689	2.4471036568190025	0.013606940548583236
0.348697	2.4451111894242126	0.014017433905386519
0.352705	2.442806399902618	0.014421793311579662
0.356713	2.4402271539986997	0.014817685568718639
0.360721	2.437409384047202	0.015203021575280045
0.364729	2.4343869174228745	0.015575953569300235
0.368737	2.4311913389732736	0.01593487103854071
0.372745	2.4278518861994014	0.016278395928656715
0.376754	2.4243953755893703	0.016605377577935967
0.380762	2.4208461582217633	0.01691488766101483
0.38477	2.4172261025351083	0.017206215319367366
0.388778	2.413554602003629	0.017478862581332688
0.392786	2.4098486053618755	0.01773254011976071
0.396794	2.406122666975837	0.01796716335376472
0.400802	2.4023890149591525	0.018182848867395577
0.40481	2.3986576346732824	0.018379911088314056
0.408818	2.3949363653234252	0.018558859141063266
0.412826	2.3912310074610357	0.0187203937603561
0.416834	2.387545439323126	0.018865404118750068
0.420842	2.383881740072582	0.018994964389583934
0.42485	2.380240318147589	0.019110329830161088
0.428858	2.376620043077713	0.019212932132662824
0.432866	2.3730183792754604	0.01930437375264448
0.436874	2.369431520462304	0.01938642088970486
0.440882	2.365854523534639	0.01946099476549609
0.44489	2.3622814408160804	0.019530160825203723
0.448898	2.358705449776375	0.01959611548568943
0.452906	2.355118979423059	0.019661170072974667
0.456914	2.351513832689125	0.019727731640550004
0.460922	2.3478813042480398	0.01979828044427323
0.46493	2.3442122932864353	0.019875343974082898
0.468938	2.3404974108547663	0.019961467608854918
0.472946	2.3367270814974996	0.02005918216546569
0.476954	2.332891638937405	0.020170968847363076
0.480962	2.3289814156537014	0.02029922234597245
0.48497	2.324986826251802	0.02044621308783694
0.488978	2.3208984445736918	0.020614049824644442
0.492986	2.316707074543236	0.02080464390380195
0.496994	2.312403814780477	0.021019676608597215
0.501002	2.307980117053774	0.02126057090164703
0.50501	2.303427838669101	0.021528468737983055
0.509018	2.298739288922252	0.02182421484409735
0.513026	2.2939072697627467	0.022148347510468815
0.517034	2.288925110838091	0.022501096552753005
0.521042	2.2837866991042683	0.022882388202066326
0.52505	2.2784865032029926	0.02329185632777734
0.529058	2.273019592818882	0.02372885910997801
0.533066	2.2673816532402533	0.024192500084549887
0.537074	2.261568995356127	0.02468165238908892
0.541082	2.255578561329239	0.025194985037632064
0.54509	2.2494079261906457	0.025730990130911513
0.549098	2.2430552956058767	0.02628801004554379
0.553106	2.236519500065736	0.026864263817099495
0.557114	2.2297999857567077	0.027457872116922948
0.561122	2.2228968023667184	0.028066880403233317
0.56513	2.2158105880815966	0.02868927999078449
0.569138	2.2085425520261937	0.029323026922447717
0.573146	2.201094454401656	0.029966058637270834
0.577154	2.1934685845669413	0.030616308512866276
0.581162	2.185667737308279	0.03127171841777485
0.58517	2.1776951875350523	0.03193024944545562
0.589178	2.1695546636344187	0.0325898910198954
0.593186	2.161250319710103	0.03324866856776016
0.597194	2.152786706923098	0.03390464994724459
0.601202	2.1441687441436703	0.03455595081253848
0.60521	2.1354016881150475	0.03520073907772355
0.609218	2.1264911033196303	0.03583723862687058
0.613226	2.1174428317285146	0.03646373239959789
0.617234	2.1082629626046225	0.03707856496434708
0.621242	2.098957802518956	0.03768014467577749
0.625251	2.089533845728371	0.03826694549832466
0.629259	2.079997745052009	0.03883750856530053
0.633267	2.0703562833721203	0.0393904435319303
0.637275	2.0606163458735947	0.03992442977140246
0.641283	2.0507848931250843	0.040438217455207766
0.645291	2.0408689350933362	0.040930628552627864
0.649299	2.030875506171203	0.041400557779055915
0.653307	2.020811641288906	0.04184697351872407
0.657315	2.0106843531675223	0.04226891874423461
0.661323	2.0005006107633974	0.04266551195290858
0.665331	1.9902673189423181	0.04303594813825765
0.669339	1.979991299412826	0.04337949981373709
0.673347	1.9696792729390784	0.04369551810527863
0.677355	1.9593378428452084	0.04398343392880815
0.681363	1.9489734798151228	0.04424275926901788
0.685371	1.938592507984334	0.044473088575948845
0.689379	1.9282010923134718	0.04467410029645753
0.693387	1.917805227226895	0.04484555855828039
0.697395	1.9074107264939935	0.04498731502516899
0.701403	1.897023214325666	0.04509931094233573
0.705411	1.8866481176537397	0.04518157939221442
0.709419	1.8762906595570787	0.04523424778118631
0.713427	1.8659558537944871	0.04525754057839377
0.717435	1.8556485004015209	0.04525178232792004
0.721443	1.845373182305683	0.04521740095536006
0.725451	1.8351342629124454	0.04515493138893744
0.729459	1.8249358846127988	0.04506501951365602
0.733467	1.8147819681618733	0.04494842647425085
0.737475	1.8046762128772345	0.0448060333385906
0.741483	1.7946220976050509	0.044638846127326035
0.745491	1.7846228824020944	0.04444800120749787
0.749499	1.7746816108817713	0.04423477103697035
0.753507	1.7648011131727264	0.04400057023232315
0.757515	1.7549840094393392	0.04374696191447681
0.761523	1.7452327139142634	0.04347566426307492
0.765531	1.735549439394341	0.04318855718163379
0.769539	1.7259362021524516	0.04288768893989606
0.773547	1.7163948272193603	0.04257528261691632
0.777555	1.706926953991135	0.04225374211764443
0.781563	1.6975340421194451	0.04192565747699114
0.785571	1.6882173776437608	0.04159380909904337
0.789579	1.678978079326357	0.04126117050660356
0.793587	1.669817105152887	0.04093090910024658
0.797595	1.6607352589632318	0.040606384350932855
0.801603	1.6517331971792573	0.04029114278231223
0.805611	1.6428114355980832	0.03998890904696411
0.809619	1.6339703562214283	0.03970357237619414
0.813627	1.6252102140935065	0.039439167699081824
0.817635	1.6165311441218786	0.03919985079804698
0.821643	1.6079331678575457	0.038989867009868215
0.825651	1.5994162002124164	0.03881351320484528
0.829659	1.5909800560940683	0.038675093088836265
0.833667	1.5826244569394659	0.038578866269980465
0.837675	1.5743490371309938	0.038528991997882324
0.841683	1.5661533502798115	0.03852946898643783
0.845691	1.558036875363068	0.03858407322568791
0.849699	1.5499990227030442	0.03869629611442838
0.853707	1.5420391397777191	0.03886928554033398
0.857715	1.5341565168536404	0.039105792640168634
0.861723	1.5263503924332698	0.03940812684882642
0.865731	1.5186199585101943	0.03977812148024936
0.869739	1.5109643656268006	0.0402171114979187
0.873747	1.5033827277300797	0.040725924383922085
0.877756	1.4958741268222742	0.04130488418590639
0.881764	1.4884376174040435	0.041953828005021745
0.885772	1.4810722307087285	0.042672133475161696
0.88978	1.473776978727165	0.04345875524458981
0.893788	1.4665508580232214	0.04431226814576543
0.897796	1.4593928533410387	0.045230914635159866
0.901804	1.4523019410055305	0.04621265418012527
0.905812	1.445277092118407	0.04725521252150617
0.90982	1.438317275552455	0.0483561290954728
0.913828	1.4314214607474005	0.04951280130231109
0.917836	1.4245886203110698	0.050722524717116746
0.921844	1.4178177324300458	0.05198252871234098
0.925852	1.4111077830943193	0.053290007282548894
0.92986	1.4044577681408426	0.05464214511682924
0.933868	1.3978666951210976	0.05603613915270305
0.937876	1.3913335849981272	0.05746921597226113
0.941884	1.3848574736786103	0.058938645475561734
0.945892	1.3784374133858295	0.06044175129858497
0.9499	1.3720724738794408	0.06197591844377787
0.953908	1.365761743528163	0.0635385985699429
0.957916	1.359504330241514	0.06512731335290234
0.961924	1.3532993622668605	0.06673965628531257
0.965932	1.3471459888580182	0.06837329323792586
0.96994	1.341043380821728	0.07002596205879538
0.973948	1.334990730948251	0.07169547144358979
0.977956	1.3289872543323877	0.07337969927058478
0.981964	1.3230321885910907	0.07507659055869924
0.985972	1.3171247939838753	0.0767841551762874
0.98998	1.311264353442071	0.07850046540219856
0.993988	1.3054501725129184	0.08022365341853695
0.997996	1.2996815792244092	0.08195190879619894
1.002004	1.293957923876633	0.08368347601919678
1.006012	1.2882785787652675	0.08541665208153615
1.01002	1.2826429378427344	0.0871497841805768
1.014028	1.2770504163223924	0.08888126752298867
1.018036	1.2715004502309672	0.09060954325328928
1.022044	1.2659924959142805	0.09233309651016845
1.026052	1.2605260295011664	0.09405045461218914
1.03006	1.2551005463303038	0.09576018537170046
1.034068	1.249715560344508	0.09746089553380506
1.038076	1.2443706034568511	0.09915122933578494
1.042084	1.2390652248928016	0.10082986718141407
1.046092	1.233798990512409	0.10249552442396023
1.0501	1.228571482116346	0.10414695025132979
1.054108	1.2233822967394647	0.10578292666666186
1.058116	1.2182310459353216	0.10740226755770171
1.062124	1.2131173550549643	0.10900381784839504
1.066132	1.2080408625230754	0.11058645272637492
1.07014	1.2030012191143877	0.11214907694026947
1.074148	1.1979980872331217	0.11369062416106879
1.078156	1.1930311401980116	0.11521005640211843
1.082164	1.1881000615353194	0.11670636349264844
1.086172	1.1832045442820454	0.11817856260008619
1.09018	1.1783442903014172	0.11962569779674082
1.094188	1.1735190096125374	0.12104683966677611
1.098196	1.1687284197359455	0.12244108494970603
1.102204	1.163972245056655	0.12380755621695116
1.106212	1.1592502162061187	0.12514540157827989
1.11022	1.154562069464404	0.1264537944152312
1.114228	1.149907546183736	0.1277319331388707
1.118236	1.1452863922343934	0.12897904096947108
1.122244	1.1406983574738676	0.13019436573593146
1.126253	1.1361431952400232	0.13137717969295484
1.130261	1.131620661868903	0.13252677935420132
1.134269	1.1271305162376766	0.13364248533981257
1.138277	1.122672519333156	0.13472364223686611
1.142285	1.1182464338461813	0.13576961847147917
1.146293	1.1138520237920553	0.13677980619142116
1.150301	1.1094890541571438	0.13775362115822978
1.154309	1.1051572905716647	0.13869050264794544
1.158317	1.1008564990085776	0.13958991335970025
1.162325	1.0965864455084247	0.14045133933150114
1.166333	1.0923468959298999	0.14127428986264812
1.170341	1.0881376157258422	0.1420582974423216
1.174349	1.0839583697443032	0.14280291768396294
1.178357	1.0798089220542288	0.1435077292651563
1.182365	1.075689035795307	0.14417233387279593
1.186373	1.0715984730514294	0.14479635615339836
1.190381	1.0675369947471827	0.14537944366849678
1.194389	1.0635043605667471	0.1459212668551158
1.198397	1.0595003288945264	0.1464215189913992
1.202405	1.0555246567768162	0.14687991616752424
1.206413	1.0515770999037717	0.14729619726210566
1.210421	1.047657412610904	0.1476701239243533
1.214429	1.0437653478993232	0.14800148056231288
1.218437	1.0399006574739196	0.14829007433758767
1.222445	1.0360630917986537	0.1485357351669978
1.226453	1.0322524001681077	0.14873831573171378
1.230461	1.0284683307944438	0.1488976914944617
1.234469	1.0247106309089142	0.1490137607254707
1.238477	1.0209790468770499	0.1490864445379208
1.242485	1.0172733243266425	0.1491156869337188
1.246493	1.0135932082876578	0.14910145486052057
1.250501	1.0099384433431997	0.14904373828101364
1.254509	1.0063087737906706	0.14894255025556094
1.258517	1.002703943812229	0.1487979270394296
1.262525	0.9991236976537198	0.14860992819591964
1.266533	0.9955677798112151	0.14837863672685306
1.270541	0.9920359352243351	0.14810415922199624
1.274549	0.9885279094755052	0.14778662602914733
1.278557	0.9850434489943671	0.14742619144676997
1.282565	0.9815823012665242	0.14702303394122415
1.286573	0.9781442150458663	0.1465773563908348
1.290581	0.9747289405696864	0.14608938635923974
1.294589	0.9713362297758705	0.1455593764006783
1.298597	0.9679658365214268	0.144987604400128
1.302605	0.9646175168016705	0.14437437395145516
1.306613	0.9612910289693556	0.14372001477704327
1.310621	0.9579861339531267	0.14302488319267231
1.314629	0.9547025954746431	0.14228936262177286
1.318637	0.9514401802637753	0.1415138641635572
1.322645	0.9481986582712723	0.14069882721994595
1.326653	0.9449778028783498	0.1398447201866626
1.330661	0.9417773911026697	0.13895204121436086
1.334669	0.9385972038001863	0.13802131904619916
1.338677	0.9354370258623752	0.1370531139388611
1.342685	0.9322966464083898	0.13604801867466715
1.346693	0.9291758589717092	0.1350066596731256
1.350701	0.9260744616808709	0.13392969821102715
1.354709	0.9229922574338804	0.1328178317610183
1.358717	0.919929054065974	0.13167179545946914
1.362725	0.9168846645103856	0.13049236371541723
1.366733	0.9138589069517857	0.12928035197338972
1.370741	0.9108516049721492	0.12803661864400076
1.374749	0.9078625876887619	0.12676206721737718
1.378758	0.9048916898841398	0.12545764857568034
1.382766	0.9019387521276578	0.12412436352225512
1.386774	0.8990036208886713	0.12276326554622975
1.390782	0.8960861486409978	0.1213754638426933
1.39479	0.8931861939586107	0.119962126609855
1.398798	0.8903036216023891	0.11852448464581332
1.402806	0.8874383025978722	0.11706383526864106
1.406814	0.884590114303916	0.11558154658439439
1.410822	0.8817589404721865	0.11407906212824735
1.41483	0.8789446712974844	0.11255790590411326
1.418838	0.8761472034588332	0.11101968784770605
1.422846	0.8733664401513859	0.10946610973676293
1.426854	0.8706022911091356	0.10789897156989303
1.430862	0.867854672618472	0.10632017843185873
1.43487	0.8651235075226436	0.10473174785768716
1.438878	0.8624087252171954	0.1031358177003278
1.442886	0.8597102616364676	0.10153465449607549
1.446894	0.8570280592312552	0.09993066230794614
1.450902	0.8543620669377371	0.09832639200883939
1.45491	0.8517122401378191	0.09672455094273022
1.458918	0.8490785406110375	0.09512801287226133
1.462926	0.8464609364781339	0.09353982808388557
1.466934	0.8438594021365389	0.09196323347596749
1.470942	0.8412739181878839	0.09040166239998476
1.47495	0.8387044713577505	0.08885875395925569
1.478958	0.8361510544078828	0.08733836139301615
1.482966	0.8336136660410015	0.0858445590863766
1.486974	0.8310923107985138	0.08438164764987338
1.490982	0.8285869989513072	0.08295415640871683
1.49499	0.8260977463838346	0.08156684253604288
1.498998	0.8236245744717816	0.08022468596369302
1.503006	0.8211675099535211	0.07893287911854197
1.507014	0.8187265847956167	0.07769681047579113
1.511022	0.816301836052641	0.07652204091005373
1.51503	0.8138933057215371	0.07541427188039643
1.519038	0.8115010405908198	0.07437930462815906
1.523046	0.809125092084871	0.07342298981667977
1.527054	0.8067655161035733	0.07255116741556623
1.531062	0.8044223728575921	0.07176959713490431
1.53507	0.8020957266995546	0.07108388033791103
1.539078	0.7997856459513889	0.07049937507533174
1.543086	0.7974922027281338	0.07002110663982815
1.547094	0.795215472758438	0.06965367675992044
1.551102	0.7929555352020732	0.06940117515026216
1.55511	0.7907124724647113	0.06926709751237936
1.559118	0.7884863700102185	0.06925427415240074
1.563126	0.7862773161707691	0.06936481309352305
1.567134	0.7840854019550282	0.0696000608995573
1.571142	0.781910720854656	0.06996058343420906
1.57515	0.7797533686494247	0.0704461675533608
1.579158	0.7776134432111736	0.07105584339826129
1.583166	0.7754910443068845	0.07178792567669273
1.587174	0.7733862734011117	0.07264007122781041
1.591182	0.7712992334580101	0.07360934937201463
1.59519	0.7692300287432206	0.07469232110849287
1.599198	0.7671787646258429	0.07588512314516187
1.603206	0.7651455473807103	0.0771835529868193
1.607214	0.7631304839912209	0.07858315179274478
1.611222	0.7611336819529364	0.0800792823546674
1.61523	0.7591552490781549	0.08166720025066376
1.619238	0.7571952933016906	0.08334211692390155
1.623246	0.7552539224880294	0.08509925406084595
1.627255	0.753331244240104	0.0869338891669085
1.631263	0.7514273657098488	0.08884139264358382
1.635271	0.7495423934107213	0.09081725696045415
1.639279	0.7476764330323903	0.09285711869914536
1.643287	0.745829589257746	0.09495677434148853
1.647295	0.744001965582401	0.09711219069996986
1.651303	0.7421936641368597	0.09931951086376851
1.655311	0.7404047855114659	0.10157505647490075
1.659319	0.7386354285843326	0.10387532706987068
1.663327	0.7368856903523558	0.10621699713342123
1.667335	0.7351556657654401	0.10859691142020451
1.671343	0.7334454475640946	0.11101207901272897
1.675351	0.7317551261204943	0.11345966650311487
1.679359	0.7300847892831157	0.1159369906137681
1.683367	0.728434522225085	0.11844151050878367
1.687375	0.7268044072962838	0.12097081999369719
1.691383	0.7251945238793612	0.12352263975556449
1.695391	0.7236049482497146	0.12609480975755336
1.699399	0.7220357534394912	0.12868528187132594
1.703407	0.7204870091057445	0.13129211280556835
1.707415	0.7189587814027535	0.1339134573692006
1.711423	0.7174511328586034	0.13654756209222707
1.715431	0.7159641222560742	0.13919275921514562
1.719439	0.7144978045178572	0.1418474610486789
1.723447	0.7130522305961908	0.1445101546987492
1.727455	0.7116274473669285	0.14717939714666753
1.731463	0.7102234975280457	0.14985381067102074
1.735471	0.7088404195026611	0.15253207859541043
1.739479	0.7074782473465553	0.1552129413447829
1.743487	0.7061370106602144	0.1578951927923493
1.747495	0.7048167345054214	0.16057767687887958
1.751503	0.7035174393263578	0.16325928448633473
1.755511	0.7022391408752775	0.1659389505482317
1.759519	0.7009818501427045	0.1686156513798018
1.763527	0.6997455732921432	0.17128840221176767
1.767535	0.6985303115993231	0.17395625491241873
1.771543	0.6973360613959314	0.17661829588357097
1.775551	0.6961628140178099	0.17927364411691138
1.779559	0.6950105557576135	0.18192144939812488
1.783567	0.6938792678218805	0.18456089064710227
1.787575	0.6927689262924859	0.18719117438337024
1.791583	0.691679502092458	0.1898115333067039
1.795591	0.6906109609560753	0.19242122498365938
1.799599	0.6895632634032572	0.19501953063147504
1.803607	0.6885363647181655	0.19760575399148358
1.807615	0.6875302149319619	0.20017922028480653
1.811623	0.6865447588097023	0.20273927524368077
1.815631	0.685579935841288	0.20528528421232278
1.819639	0.6846356802364155	0.20781663131173367
1.823647	0.6837119209234936	0.21033271866330502
1.827655	0.6828085815524189	0.2128329656665264
1.831663	0.6819255805011937	0.21531680832646893
1.835671	0.6810628308862998	0.21778369862709032
1.839679	0.6802202405767475	0.22023310394673754
1.843687	0.6793977122117555	0.22266450651251418
1.847695	0.6785951432219816	0.22507740289046682
1.851703	0.6778124258542224	0.22747130350879421
1.855711	0.6770494471995315	0.22984573221151183
1.859719	0.6763060892246459	0.23220022584022454
1.863727	0.6755822288066874	0.23453433384184216
1.867735	0.6748777377710351	0.2368476179002598
1.871743	0.67419248293229	0.2391396515901865
1.875752	0.673526326138273	0.2414100200514465
1.87976	0.6728791243169602	0.2436583196822219
1.883768	0.6722507295262843	0.24588415784982526
1.887776	0.6716409890067228	0.2480871526177045
1.891784	0.6710497452365799	0.2502669324874915
1.895792	0.6704768359899025	0.25242313615499107
1.8998	0.6699220943969407	0.25455541227910333
1.903808	0.6693853490070546	0.2566634192627543
1.907816	0.6688664238540185	0.2587468250449683
1.911824	0.6683651385236199	0.26080530690330045
1.915832	0.6678813082234708	0.26283855126590017
1.91984	0.6674147438549759	0.26484625353252883
1.923848	0.6669652520873341	0.26682811790392386
1.927856	0.6665326354335372	0.268783857218924
1.931864	0.6661166923282693	0.2707131927988349
1.935872	0.6657172172076037	0.27261585429855045
1.93988	0.665334000590466	0.2744915795639699
1.943888	0.6649668291617447	0.27634011449529994
1.947896	0.6646154858569879	0.278161212915856
1.951904	0.6642797499486182	0.27995463644599977
1.955912	0.6639593971335563	0.2817201543818937
1.95992	0.6636541996222242	0.28345754357875097
1.963928	0.6633639262288168	0.285166588338309
1.967936	0.6630883424627749	0.2868470803002599
1.971944	0.6628272106213984	0.2884988183373908
1.975952	0.6625802898835247	0.2901216084542068
1.97996	0.6623473364041741	0.2917152636888358
1.983968	0.6621281034101365	0.29327960401800374
1.987976	0.6619223412963887	0.2948144562649123
1.991984	0.6617297977232984	0.2963196540098423
1.995992	0.6615502177145394	0.2977950375033263
2.0	0.6613833437556397	0.29924045358174917
